100.00000000	548.31532218958560000000000000000000
102.00000000	638.36159296052350000000000000000000
104.00000000	713.02017332330850000000000000000000
106.00000000	774.60411840499190000000000000000000
108.00000000	825.17833159298900000000000000000000
110.00000000	866.53896880147980000000000000000000
112.00000000	900.22063942749990000000000000000000
114.00000000	927.51821255457420000000000000000000
116.00000000	949.51483488830750000000000000000000
118.00000000	967.04327586642880000000000000000000
120.00000000	980.98512813877440000000000000000000
122.00000000	991.88915239706070000000000000000000
124.00000000	1000.26365352513390000000000000000000
126.00000000	1006.52756343953140000000000000000000
128.00000000	1011.02602734598740000000000000000000
130.00000000	1014.04337137991650000000000000000000
132.00000000	1015.81382241425500000000000000000000
134.00000000	1016.53033331989170000000000000000000
136.00000000	1016.35183096121900000000000000000000
138.00000000	1015.40916193256990000000000000000000
140.00000000	1013.80996903595040000000000000000000
142.00000000	1011.64269295972680000000000000000000
144.00000000	1008.97985982500550000000000000000000
146.00000000	1005.88078646425860000000000000000000
148.00000000	1002.39381120149880000000000000000000
150.00000000	998.55813799814850000000000000000000
152.00000000	994.40536552598930000000000000000000
154.00000000	989.96075945402700000000000000000000
156.00000000	985.24431546950360000000000000000000
158.00000000	980.23216265847850000000000000000000
160.00000000	975.01575077727220000000000000000000
162.00000000	969.56412507594600000000000000000000
164.00000000	963.88386625087700000000000000000000
166.00000000	957.97960002528000000000000000000000
168.00000000	951.85441570401530000000000000000000
170.00000000	945.51023883299540000000000000000000
172.00000000	938.94816857083130000000000000000000
174.00000000	932.16878890698180000000000000000000
176.00000000	925.17246173479880000000000000000000
178.00000000	917.95960896280640000000000000000000
180.00000000	910.53099028981990000000000000000000
182.00000000	902.88798295464610000000000000000000
184.00000000	895.03286968435180000000000000000000
186.00000000	886.96914119859290000000000000000000
188.00000000	878.70181998115790000000000000000000
190.00000000	870.23781261124850000000000000000000
192.00000000	861.58629877286800000000000000000000
194.00000000	852.75916615860540000000000000000000
196.00000000	843.74985173634460000000000000000000
198.00000000	834.62088488520160000000000000000000
200.00000000	825.37348958822720000000000000000000
202.00000000	816.03606562527340000000000000000000
204.00000000	806.64302917291620000000000000000000
206.00000000	797.23582864221590000000000000000000
208.00000000	787.86414108656550000000000000000000
210.00000000	778.58728992183910000000000000000000
212.00000000	769.47593647038930000000000000000000
214.00000000	760.61411457930700000000000000000000
216.00000000	752.10170204165100000000000000000000
218.00000000	744.05745938093360000000000000000000
220.00000000	736.62282358764050000000000000000000
222.00000000	729.96673521742030000000000000000000
224.00000000	724.29192588157990000000000000000000
226.00000000	719.84334269960280000000000000000000
228.00000000	716.91981534490400000000000000000000
230.00000000	715.88000558342300000000000000000000
232.00000000	717.21105996613360000000000000000000
234.00000000	721.50182291300030000000000000000000
236.00000000	729.55011041542400000000000000000000
238.00000000	742.45686505320450000000000000000000
240.00000000	761.80588717794270000000000000000000
242.00000000	789.97292457553150000000000000000000
244.00000000	830.64665347914040000000000000000000
246.00000000	889.64108453630230000000000000000000
248.00000000	975.89068072123640000000000000000000
250.00000000	1101.68571927124570000000000000000000
252.00000000	1279.11310284512930000000000000000000
254.00000000	1508.52317283909430000000000000000000
256.00000000	1764.92191235471930000000000000000000
258.00000000	2005.81574271770800000000000000000000
260.00000000	2201.58956115371600000000000000000000
262.00000000	2350.64946445447280000000000000000000
264.00000000	2468.72969997432940000000000000000000
266.00000000	2574.37058060996560000000000000000000
268.00000000	2682.05714304394500000000000000000000
270.00000000	2800.84320964495900000000000000000000
272.00000000	2934.65566454607730000000000000000000
274.00000000	3083.04718792994570000000000000000000
276.00000000	3242.48406655131200000000000000000000
278.00000000	3408.03496433267260000000000000000000
280.00000000	3574.85636476991400000000000000000000
282.00000000	3738.99976423444900000000000000000000
284.00000000	3897.56391267376330000000000000000000
286.00000000	4048.53927855865370000000000000000000
288.00000000	4190.55181416315200000000000000000000
290.00000000	4322.70985447079300000000000000000000
292.00000000	4444.49321075669000000000000000000000
294.00000000	4555.68639281887200000000000000000000
296.00000000	4656.32881928599000000000000000000000
298.00000000	4746.67025958506500000000000000000000
300.00000000	4827.12768770932900000000000000000000
302.00000000	4898.24365961614600000000000000000000
304.00000000	4960.64760906063100000000000000000000
306.00000000	5015.01234417356700000000000000000000
308.00000000	5062.06011356838300000000000000000000
310.00000000	5102.48740728447600000000000000000000
312.00000000	5136.97983134811800000000000000000000
314.00000000	5166.19042719318350000000000000000000
316.00000000	5190.73030034267300000000000000000000
318.00000000	5211.16274625409900000000000000000000
320.00000000	5228.00016933233500000000000000000000
322.00000000	5241.70314910862800000000000000000000
324.00000000	5252.66489762385500000000000000000000
326.00000000	5261.27670203342500000000000000000000
328.00000000	5267.83654776011500000000000000000000
330.00000000	5272.61358676980400000000000000000000
332.00000000	5275.83621315666700000000000000000000
334.00000000	5277.69533575819200000000000000000000
336.00000000	5278.34764221303500000000000000000000
338.00000000	5277.89891243073500000000000000000000
340.00000000	5276.48574526586700000000000000000000
342.00000000	5274.16236956111500000000000000000000
344.00000000	5270.98042658140600000000000000000000
346.00000000	5266.97349366314850000000000000000000
348.00000000	5262.16087932775500000000000000000000
350.00000000	5256.53011598309400000000000000000000
352.00000000	5250.12895447929200000000000000000000
354.00000000	5242.94341197558000000000000000000000
356.00000000	5234.99086659642300000000000000000000
358.00000000	5226.30967299900600000000000000000000
360.00000000	5216.94982071056350000000000000000000
362.00000000	5207.07908849710300000000000000000000
364.00000000	5196.86954441882400000000000000000000
366.00000000	5186.60803619061800000000000000000000
368.00000000	5176.69835431286600000000000000000000
370.00000000	5167.66076580950500000000000000000000
372.00000000	5160.23792122648500000000000000000000
374.00000000	5155.26147853568600000000000000000000
376.00000000	5153.71880353770700000000000000000000
378.00000000	5156.67575657915000000000000000000000
380.00000000	5165.16236557610500000000000000000000
382.00000000	5180.13095153561200000000000000000000
384.00000000	5202.18592446485800000000000000000000
386.00000000	5231.54094139728100000000000000000000
388.00000000	5267.92365923331500000000000000000000
390.00000000	5310.58452826905300000000000000000000
392.00000000	5358.39563054818200000000000000000000
394.00000000	5410.01855108097100000000000000000000
396.00000000	5464.10027081886600000000000000000000
398.00000000	5519.43530014222050000000000000000000
400.00000000	5575.16922725427200000000000000000000
402.00000000	5630.76463401859500000000000000000000
404.00000000	5686.08861566545900000000000000000000
406.00000000	5741.36689932934600000000000000000000
408.00000000	5797.12475365254000000000000000000000
410.00000000	5854.10803737623300000000000000000000
412.00000000	5913.19312357541600000000000000000000
414.00000000	5975.29353919241500000000000000000000
416.00000000	6041.25580791345150000000000000000000
418.00000000	6111.84993359596800000000000000000000
420.00000000	6187.62341751849300000000000000000000
422.00000000	6268.94387589779500000000000000000000
424.00000000	6355.99063013815300000000000000000000
426.00000000	6448.78472400797400000000000000000000
428.00000000	6547.23101747494900000000000000000000
430.00000000	6651.16125587741800000000000000000000
432.00000000	6760.36965340541800000000000000000000
434.00000000	6874.65373289670000000000000000000000
436.00000000	6993.75970868569200000000000000000000
438.00000000	7117.48662100664600000000000000000000
440.00000000	7245.61802541823700000000000000000000
442.00000000	7377.93504954226900000000000000000000
444.00000000	7514.21279305907800000000000000000000
446.00000000	7654.23892615071700000000000000000000
448.00000000	7797.72828907648100000000000000000000
450.00000000	7944.44862512150700000000000000000000
452.00000000	8094.13783818687000000000000000000000
454.00000000	8246.52600590963300000000000000000000
456.00000000	8401.33675258096000000000000000000000
458.00000000	8558.31561134943500000000000000000000
460.00000000	8717.12346806051600000000000000000000
462.00000000	8877.49855240966800000000000000000000
464.00000000	9039.15028950666800000000000000000000
466.00000000	9201.78654188151300000000000000000000
468.00000000	9365.11408524905700000000000000000000
470.00000000	9528.87294269209600000000000000000000
472.00000000	9692.70116114790100000000000000000000
474.00000000	9856.33800173977200000000000000000000
476.00000000	10019.48931109385600000000000000000000
478.00000000	10181.86151151963500000000000000000000
480.00000000	10343.16198634304800000000000000000000
482.00000000	10503.09952139429700000000000000000000
484.00000000	10661.38480911127400000000000000000000
486.00000000	10817.77203343178200000000000000000000
488.00000000	10971.89526983360000000000000000000000
490.00000000	11123.51572009874900000000000000000000
492.00000000	11272.35802444187000000000000000000000
494.00000000	11418.15218151115600000000000000000000
496.00000000	11560.63438975736200000000000000000000
498.00000000	11699.54791976636800000000000000000000
500.00000000	11834.64400713139400000000000000000000
502.00000000	11965.68275485984100000000000000000000
504.00000000	12092.43403395521800000000000000000000
506.00000000	12214.72143134732000000000000000000000
508.00000000	12332.24981834156000000000000000000000
510.00000000	12444.86761589910700000000000000000000
512.00000000	12552.39233889609200000000000000000000
514.00000000	12654.65534962392800000000000000000000
516.00000000	12751.50251449362600000000000000000000
518.00000000	12842.79478602580100000000000000000000
520.00000000	12928.40870269363800000000000000000000
522.00000000	13008.23680033288800000000000000000000
524.00000000	13082.18793006510700000000000000000000
526.00000000	13150.18747897619100000000000000000000
528.00000000	13212.17749112635500000000000000000000
530.00000000	13268.11668781450300000000000000000000
532.00000000	13317.98038735402600000000000000000000
534.00000000	13361.76032591594200000000000000000000
536.00000000	13399.48915156390600000000000000000000
538.00000000	13431.13875471172800000000000000000000
540.00000000	13456.77508562694900000000000000000000
542.00000000	13476.45190913919200000000000000000000
544.00000000	13490.23716403329700000000000000000000
546.00000000	13498.21228552989300000000000000000000
548.00000000	13500.47146865186000000000000000000000
550.00000000	13497.12088080859000000000000000000000
552.00000000	13488.27783216698500000000000000000000
554.00000000	13474.06991247199600000000000000000000
556.00000000	13454.63410294130500000000000000000000
558.00000000	13430.11587169379000000000000000000000
560.00000000	13400.66826089654800000000000000000000
562.00000000	13366.45097343879200000000000000000000
564.00000000	13327.62946647815300000000000000000000
566.00000000	13284.37405867364600000000000000000000
568.00000000	13236.85905733072100000000000000000000
570.00000000	13185.26191105295000000000000000000000
572.00000000	13129.76239284060800000000000000000000
574.00000000	13070.54181790400300000000000000000000
576.00000000	13007.76150570935500000000000000000000
578.00000000	12941.64323795022200000000000000000000
580.00000000	12872.34995640304800000000000000000000
582.00000000	12800.06213080521000000000000000000000
584.00000000	12724.95848585289400000000000000000000
586.00000000	12647.21547976294100000000000000000000
588.00000000	12567.00683407120000000000000000000000
590.00000000	12484.50310144157000000000000000000000
592.00000000	12399.87128798330000000000000000000000
594.00000000	12313.27451591408900000000000000000000
596.00000000	12224.87173041127600000000000000000000
598.00000000	12134.81744810266500000000000000000000
600.00000000	12043.26154532421600000000000000000000
602.00000000	11950.34908411057200000000000000000000
604.00000000	11856.22017376156900000000000000000000
606.00000000	11761.00986574319900000000000000000000
608.00000000	11664.84807962978600000000000000000000
610.00000000	11567.85955777401000000000000000000000
612.00000000	11470.16384639692500000000000000000000
614.00000000	11371.87530081945600000000000000000000
616.00000000	11273.10311260748700000000000000000000
618.00000000	11173.95135646881300000000000000000000
620.00000000	11074.51905482186200000000000000000000
622.00000000	10974.90025804857200000000000000000000
624.00000000	10875.18413854576000000000000000000000
626.00000000	10775.45509679841800000000000000000000
628.00000000	10675.79287781128700000000000000000000
630.00000000	10576.27269635367900000000000000000000
632.00000000	10476.96536959011400000000000000000000
634.00000000	10377.93745579145000000000000000000000
636.00000000	10279.25139793992100000000000000000000
638.00000000	10180.96567116308500000000000000000000
640.00000000	10083.13493305090700000000000000000000
642.00000000	9985.74665381713400000000000000000000
644.00000000	9888.97530114006000000000000000000000
646.00000000	9792.80157207553700000000000000000000
648.00000000	9697.26638648287700000000000000000000
650.00000000	9602.40761691741500000000000000000000
652.00000000	9508.26024320293400000000000000000000
654.00000000	9414.85650676280600000000000000000000
656.00000000	9322.22606485345000000000000000000000
658.00000000	9230.39614505314800000000000000000000
660.00000000	9139.39170061384200000000000000000000
662.00000000	9049.23556760713100000000000000000000
664.00000000	8959.94862521749200000000000000000000
666.00000000	8871.54996110308100000000000000000000
668.00000000	8784.05704452960000000000000000000000
670.00000000	8697.48591109509500000000000000000000
672.00000000	8611.85136448284500000000000000000000
674.00000000	8527.16720309166200000000000000000000
676.00000000	8443.44648308838400000000000000000000
678.00000000	8360.70183524163600000000000000000000
680.00000000	8278.94586233919000000000000000000000
682.00000000	8198.19165986593900000000000000000000
684.00000000	8118.45353039349200000000000000000000
686.00000000	8039.74801303334000000000000000000000
688.00000000	7962.09544787368100000000000000000000
690.00000000	7885.52249934674200000000000000000000
692.00000000	7810.06652117297500000000000000000000
694.00000000	7735.78379182200200000000000000000000
696.00000000	7662.76694920397400000000000000000000
698.00000000	7591.18858064410900000000000000000000
700.00000000	7521.44465552230400000000000000000000
702.00000000	7455.03539906145850000000000000000000
704.00000000	7368.22831306617900000000000000000000
706.00000000	7281.21256822258800000000000000000000
708.00000000	7199.48066976632300000000000000000000
710.00000000	7120.59012393592300000000000000000000
712.00000000	7043.77884114379500000000000000000000
714.00000000	6968.68548929069400000000000000000000
716.00000000	6895.10225826420900000000000000000000
718.00000000	6822.89468076406900000000000000000000
720.00000000	6751.96833481361300000000000000000000
722.00000000	6682.25274032985200000000000000000000
724.00000000	6613.69271016653400000000000000000000
726.00000000	6546.24333288901400000000000000000000
728.00000000	6479.86688509752000000000000000000000
730.00000000	6414.53084020664600000000000000000000
732.00000000	6350.20653468841650000000000000000000
734.00000000	6286.86824627681500000000000000000000
736.00000000	6224.49253994278300000000000000000000
738.00000000	6163.05779339452700000000000000000000
740.00000000	6102.54384617316650000000000000000000
742.00000000	6042.93173580795200000000000000000000
744.00000000	5984.20349653000400000000000000000000
746.00000000	5926.34200373033500000000000000000000
748.00000000	5869.33085238562800000000000000000000
750.00000000	5813.15426105325500000000000000000000
752.00000000	5757.79699534770800000000000000000000
754.00000000	5703.24430642169900000000000000000000
756.00000000	5649.48188111586800000000000000000000
758.00000000	5596.49580126248000000000000000000000
760.00000000	5544.27251022636200000000000000000000
762.00000000	5492.74592755170850000000000000000000
764.00000000	5442.00938715104400000000000000000000
766.00000000	5391.99687471967350000000000000000000
768.00000000	5342.69604464179400000000000000000000
770.00000000	5294.09481250001900000000000000000000
772.00000000	5246.18134320996700000000000000000000
774.00000000	5198.94404081041600000000000000000000
776.00000000	5152.37153962173500000000000000000000
778.00000000	5106.45269654027100000000000000000000
780.00000000	5061.17658428103700000000000000000000
782.00000000	5016.53248541646500000000000000000000
784.00000000	4972.50988708765600000000000000000000
786.00000000	4929.09847628871600000000000000000000
788.00000000	4886.28813564319100000000000000000000
790.00000000	4844.06893960899650000000000000000000
792.00000000	4802.43115106056800000000000000000000
794.00000000	4761.36521820952300000000000000000000
796.00000000	4720.86177183474100000000000000000000
798.00000000	4680.91162280198600000000000000000000
800.00000000	4641.50575986134500000000000000000000
802.00000000	4602.63534771858500000000000000000000
804.00000000	4564.29172538464800000000000000000000
806.00000000	4526.46640481480900000000000000000000
808.00000000	4489.15106985825600000000000000000000
810.00000000	4452.33757554784800000000000000000000
812.00000000	4416.01794777119450000000000000000000
814.00000000	4380.18438337696100000000000000000000
816.00000000	4344.82925078644800000000000000000000
818.00000000	4309.94509120012900000000000000000000
820.00000000	4275.52462051429800000000000000000000
822.00000000	4241.56073209493500000000000000000000
824.00000000	4208.04650059848700000000000000000000
826.00000000	4174.97518708511200000000000000000000
828.00000000	4142.34024574472550000000000000000000
830.00000000	4110.13533265848200000000000000000000
832.00000000	4078.35431715824960000000000000000000
834.00000000	4046.99129654355740000000000000000000
836.00000000	4016.04061519405470000000000000000000
838.00000000	3985.49688951945650000000000000000000
840.00000000	3955.35504078337360000000000000000000
842.00000000	3925.61033873322780000000000000000000
844.00000000	3896.25846034810870000000000000000000
846.00000000	3867.29557020169480000000000000000000
848.00000000	3838.71843250129130000000000000000000
850.00000000	3810.52457088388160000000000000000000
852.00000000	3782.71250263064400000000000000000000
854.00000000	3755.28209345304780000000000000000000
856.00000000	3728.23511697499400000000000000000000
858.00000000	3701.57618219922700000000000000000000
860.00000000	3675.31437182148330000000000000000000
862.00000000	3649.46638824338740000000000000000000
864.00000000	3624.06333186724670000000000000000000
866.00000000	3599.16802658462940000000000000000000
868.00000000	3574.93417330789400000000000000000000
870.00000000	3552.01389322547600000000000000000000
872.00000000	3495.70899622850500000000000000000000
874.00000000	3451.35258349073140000000000000000000
876.00000000	3412.76686677950900000000000000000000
878.00000000	3377.00661620262600000000000000000000
880.00000000	3343.09439227549230000000000000000000
882.00000000	3310.55758297967900000000000000000000
884.00000000	3279.12308701671500000000000000000000
886.00000000	3248.61508272130280000000000000000000
888.00000000	3218.91173178185140000000000000000000
890.00000000	3189.92393858548400000000000000000000
892.00000000	3161.58380785440430000000000000000000
894.00000000	3133.83787856601840000000000000000000
896.00000000	3106.64291808759160000000000000000000
898.00000000	3079.96318232251040000000000000000000
900.00000000	3053.76856105386650000000000000000000
902.00000000	3028.03328162581650000000000000000000
904.00000000	3002.73497791630960000000000000000000
906.00000000	2977.85400585732850000000000000000000
908.00000000	2953.37292988319130000000000000000000
910.00000000	2929.27613068364370000000000000000000
912.00000000	2905.54950083312900000000000000000000
914.00000000	2882.18020525062200000000000000000000
916.00000000	2859.15649027314700000000000000000000
918.00000000	2836.46752971988300000000000000000000
920.00000000	2814.10329947712760000000000000000000
922.00000000	2792.05447433995640000000000000000000
924.00000000	2770.31234241324140000000000000000000
926.00000000	2748.86873350657330000000000000000000
928.00000000	2727.71595878483900000000000000000000
930.00000000	2706.84675955013000000000000000000000
932.00000000	2686.25426349014420000000000000000000
934.00000000	2665.93194707722430000000000000000000
936.00000000	2645.87360306885200000000000000000000
938.00000000	2626.07331226663000000000000000000000
940.00000000	2606.52541885164330000000000000000000
942.00000000	2587.22450874038200000000000000000000
944.00000000	2568.16539050526440000000000000000000
946.00000000	2549.34307848394430000000000000000000
948.00000000	2530.75277776517000000000000000000000
950.00000000	2512.38987079114850000000000000000000
952.00000000	2494.24990535811230000000000000000000
954.00000000	2476.32858383136730000000000000000000
956.00000000	2458.62175341924150000000000000000000
958.00000000	2441.12539737386400000000000000000000
960.00000000	2423.83562700581570000000000000000000
962.00000000	2406.74867441619500000000000000000000
964.00000000	2389.86088586275900000000000000000000
966.00000000	2373.16871568867740000000000000000000
968.00000000	2356.66872075153600000000000000000000
970.00000000	2340.35755529878200000000000000000000
972.00000000	2324.23196624250070000000000000000000
974.00000000	2308.28878879237160000000000000000000
976.00000000	2292.52494241083330000000000000000000
978.00000000	2276.93742705862600000000000000000000
980.00000000	2261.52331970288100000000000000000000
982.00000000	2246.27977106292900000000000000000000
984.00000000	2231.20400257204300000000000000000000
986.00000000	2216.29330353555300000000000000000000
988.00000000	2201.54502846812300000000000000000000
990.00000000	2186.95659459461150000000000000000000
992.00000000	2172.52547950080600000000000000000000
994.00000000	2158.24921892156730000000000000000000
996.00000000	2144.12540465524700000000000000000000
998.00000000	2130.15168259443300000000000000000000
1000.00000000	2116.32575086389760000000000000000000
1002.00000000	2102.64535805765950000000000000000000
1004.00000000	2089.10830156770860000000000000000000
1006.00000000	2075.71242599777270000000000000000000
1008.00000000	2062.45562165595700000000000000000000
1010.00000000	2049.33582312078100000000000000000000
1012.00000000	2036.35100787552500000000000000000000
1014.00000000	2023.49919500632310000000000000000000
1016.00000000	2010.77844395972670000000000000000000
1018.00000000	1998.18685335595860000000000000000000
1020.00000000	1985.72255985423540000000000000000000
1022.00000000	1973.38373706698140000000000000000000
1024.00000000	1961.16859451989150000000000000000000
1026.00000000	1949.07537665511360000000000000000000
1028.00000000	1937.10236187501200000000000000000000
1030.00000000	1925.24786162413400000000000000000000
1032.00000000	1913.51021950726750000000000000000000
1034.00000000	1901.86766845000220000000000000000000
1036.00000000	1890.35904502816580000000000000000000
1038.00000000	1878.96249360307300000000000000000000
1040.00000000	1867.67647827670230000000000000000000
1042.00000000	1856.49949137638960000000000000000000
1044.00000000	1845.43005275166520000000000000000000
1046.00000000	1834.46670909576530000000000000000000
1048.00000000	1823.60803329053560000000000000000000
1050.00000000	1812.85262377367350000000000000000000
1052.00000000	1802.19910392712680000000000000000000
1054.00000000	1791.64612148583320000000000000000000
1056.00000000	1781.19234796566000000000000000000000
1058.00000000	1770.83647810983120000000000000000000
1060.00000000	1760.57722935290670000000000000000000
1062.00000000	1750.41334130163020000000000000000000
1064.00000000	1740.34357523184140000000000000000000
1066.00000000	1730.36671360079200000000000000000000
1068.00000000	1720.48155957423890000000000000000000
1070.00000000	1710.68693656766400000000000000000000
1072.00000000	1700.98168780109090000000000000000000
1074.00000000	1691.36467586685650000000000000000000
1076.00000000	1681.83478230997660000000000000000000
1078.00000000	1672.39090722044600000000000000000000
1080.00000000	1663.03196883711440000000000000000000
1082.00000000	1653.75690316268450000000000000000000
1084.00000000	1644.56466358937220000000000000000000
1086.00000000	1635.45422053486800000000000000000000
1088.00000000	1626.42456108821900000000000000000000
1090.00000000	1617.47468866524290000000000000000000
1092.00000000	1608.60362267317830000000000000000000
1094.00000000	1599.81039818420410000000000000000000
1096.00000000	1591.09406561753170000000000000000000
1098.00000000	1582.45369042978360000000000000000000
1100.00000000	1573.88835281335950000000000000000000
1102.00000000	1565.39714740253110000000000000000000
1104.00000000	1556.97918298700120000000000000000000
1106.00000000	1548.63358223268190000000000000000000
1108.00000000	1540.35948140945080000000000000000000
1110.00000000	1532.15603012567680000000000000000000
1112.00000000	1524.02239106926400000000000000000000
1114.00000000	1515.95773975506450000000000000000000
1116.00000000	1507.96126427837950000000000000000000
1118.00000000	1500.03216507443860000000000000000000
1120.00000000	1492.16965468362380000000000000000000
1122.00000000	1484.37295752227170000000000000000000
1124.00000000	1476.64130965892600000000000000000000
1126.00000000	1468.97395859577270000000000000000000
1128.00000000	1461.37016305524930000000000000000000
1130.00000000	1453.82919277155270000000000000000000
1132.00000000	1446.35032828695740000000000000000000
1134.00000000	1438.93286075281200000000000000000000
1136.00000000	1431.57609173504240000000000000000000
1138.00000000	1424.27933302407840000000000000000000
1140.00000000	1417.04190644902400000000000000000000
1142.00000000	1409.86314369602400000000000000000000
1144.00000000	1402.74238613063950000000000000000000
1146.00000000	1395.67898462415600000000000000000000
1148.00000000	1388.67229938373340000000000000000000
1150.00000000	1381.72169978623900000000000000000000
1152.00000000	1374.82656421573460000000000000000000
1154.00000000	1367.98627990444650000000000000000000
1156.00000000	1361.20024277718900000000000000000000
1158.00000000	1354.46785729910310000000000000000000
1160.00000000	1347.78853632667030000000000000000000
1162.00000000	1341.16170096184210000000000000000000
1164.00000000	1334.58678040929840000000000000000000
1166.00000000	1328.06321183667890000000000000000000
1168.00000000	1321.59044023774870000000000000000000
1170.00000000	1315.16791829841030000000000000000000
1172.00000000	1308.79510626549430000000000000000000
1174.00000000	1302.47147181826200000000000000000000
1176.00000000	1296.19648994252980000000000000000000
1178.00000000	1289.96964280739800000000000000000000
1180.00000000	1283.79041964446900000000000000000000
1182.00000000	1277.65831662951930000000000000000000
1184.00000000	1271.57283676656040000000000000000000
1186.00000000	1265.53348977423980000000000000000000
1188.00000000	1259.53979197449170000000000000000000
1190.00000000	1253.59126618345800000000000000000000
1192.00000000	1247.68744160449680000000000000000000
1194.00000000	1241.82785372340160000000000000000000
1196.00000000	1236.01204420561380000000000000000000
1198.00000000	1230.23956079546270000000000000000000
1200.00000000	1224.50995721742420000000000000000000
1202.00000000	1218.82279307923730000000000000000000
1204.00000000	1213.17763377694150000000000000000000
1206.00000000	1207.57405040172700000000000000000000
1208.00000000	1202.01161964861000000000000000000000
1210.00000000	1196.48992372681530000000000000000000
1212.00000000	1191.00855027190320000000000000000000
1214.00000000	1185.56709225957550000000000000000000
1216.00000000	1180.16514792107800000000000000000000
1218.00000000	1174.80232066024840000000000000000000
1220.00000000	1169.47821897208270000000000000000000
1222.00000000	1164.19245636289470000000000000000000
1224.00000000	1158.94465127187350000000000000000000
1226.00000000	1153.73442699419960000000000000000000
1228.00000000	1148.56141160553030000000000000000000
1230.00000000	1143.42523788790620000000000000000000
1232.00000000	1138.32554325701240000000000000000000
1234.00000000	1133.26196969079820000000000000000000
1236.00000000	1128.23416365936580000000000000000000
1238.00000000	1123.24177605620160000000000000000000
1240.00000000	1118.28446213058940000000000000000000
1242.00000000	1113.36188142130850000000000000000000
1244.00000000	1108.47369769150350000000000000000000
1246.00000000	1103.61957886471100000000000000000000
1248.00000000	1098.79919696209480000000000000000000
1250.00000000	1094.01222804074650000000000000000000
1252.00000000	1089.25835213311800000000000000000000
1254.00000000	1084.53725318750680000000000000000000
1256.00000000	1079.84861900966460000000000000000000
1258.00000000	1075.19214120533640000000000000000000
1260.00000000	1070.56751512390750000000000000000000
1262.00000000	1065.97443980299000000000000000000000
1264.00000000	1061.41261791399170000000000000000000
1266.00000000	1056.88175570864600000000000000000000
1268.00000000	1052.38156296646340000000000000000000
1270.00000000	1047.91175294309600000000000000000000
1272.00000000	1043.47204231962750000000000000000000
1274.00000000	1039.06215115267920000000000000000000
1276.00000000	1034.68180282542880000000000000000000
1278.00000000	1030.33072399944760000000000000000000
1280.00000000	1026.00864456737460000000000000000000
1282.00000000	1021.71529760637590000000000000000000
1284.00000000	1017.45041933242770000000000000000000
1286.00000000	1013.21374905535990000000000000000000
1288.00000000	1009.00502913465600000000000000000000
1290.00000000	1004.82400493598610000000000000000000
1292.00000000	1000.67042478854720000000000000000000
1294.00000000	996.54403994300160000000000000000000
1296.00000000	992.44460453022070000000000000000000
1298.00000000	988.37187552066330000000000000000000
1300.00000000	984.32561268445550000000000000000000
1302.00000000	980.30557855212270000000000000000000
1304.00000000	976.31153837597140000000000000000000
1306.00000000	972.34326009210460000000000000000000
1308.00000000	968.40051428309300000000000000000000
1310.00000000	964.48307414122170000000000000000000
1312.00000000	960.59071543234920000000000000000000
1314.00000000	956.72321646037390000000000000000000
1316.00000000	952.88035803226740000000000000000000
1318.00000000	949.06192342367910000000000000000000
1320.00000000	945.26769834508730000000000000000000
1322.00000000	941.49747090851870000000000000000000
1324.00000000	937.75103159478720000000000000000000
1326.00000000	934.02817322127290000000000000000000
1328.00000000	930.32869091020380000000000000000000
1330.00000000	926.65238205746490000000000000000000
1332.00000000	922.99904630188020000000000000000000
1334.00000000	919.36848549501510000000000000000000
1336.00000000	915.76050367141670000000000000000000
1338.00000000	912.17490701938040000000000000000000
1340.00000000	908.61150385211470000000000000000000
1342.00000000	905.07010457943140000000000000000000
1344.00000000	901.55052167981650000000000000000000
1346.00000000	898.05256967297150000000000000000000
1348.00000000	894.57606509279960000000000000000000
1350.00000000	891.12082646074750000000000000000000
1352.00000000	887.68667425968420000000000000000000
1354.00000000	884.27343090802540000000000000000000
1356.00000000	880.88092073439690000000000000000000
1358.00000000	877.50896995263830000000000000000000
1360.00000000	874.15740663716240000000000000000000
1362.00000000	870.82606069872860000000000000000000
1364.00000000	867.51476386059900000000000000000000
1366.00000000	864.22334963503410000000000000000000
1368.00000000	860.95165330012660000000000000000000
1370.00000000	857.69951187707740000000000000000000
1372.00000000	854.46676410769370000000000000000000
1374.00000000	851.25325043231960000000000000000000
1376.00000000	848.05881296809320000000000000000000
1378.00000000	844.88329548746570000000000000000000
1380.00000000	841.72654339710700000000000000000000
1382.00000000	838.58840371714890000000000000000000
1384.00000000	835.46872506063140000000000000000000
1386.00000000	832.36735761337520000000000000000000
1388.00000000	829.28415311408970000000000000000000
1390.00000000	826.21896483479700000000000000000000
1392.00000000	823.17164756153250000000000000000000
1394.00000000	820.14205757536060000000000000000000
1396.00000000	817.13005263361310000000000000000000
1398.00000000	814.13549195149610000000000000000000
1400.00000000	811.15823618386260000000000000000000
1402.00000000	808.19814740734440000000000000000000
1404.00000000	805.25508910267390000000000000000000
1406.00000000	802.32892613732050000000000000000000
1408.00000000	799.41952474833950000000000000000000
1410.00000000	796.52675252549250000000000000000000
1412.00000000	793.65047839460740000000000000000000
1414.00000000	790.79057260118100000000000000000000
1416.00000000	787.94690669420670000000000000000000
1418.00000000	785.11935351026400000000000000000000
1420.00000000	782.30778715779450000000000000000000
1422.00000000	779.51208300163690000000000000000000
1424.00000000	776.73211764778560000000000000000000
1426.00000000	773.96776892834650000000000000000000
1428.00000000	771.21891588669940000000000000000000
1430.00000000	768.48543876292770000000000000000000
1432.00000000	765.76721897936870000000000000000000
1434.00000000	763.06413912646360000000000000000000
1436.00000000	760.37608294870570000000000000000000
1438.00000000	757.70293533089480000000000000000000
1440.00000000	755.04458228450820000000000000000000
1442.00000000	752.40091093425610000000000000000000
1444.00000000	749.77180950491040000000000000000000
1446.00000000	747.15716730822330000000000000000000
1448.00000000	744.55687473008610000000000000000000
1450.00000000	741.97082321783410000000000000000000
1452.00000000	739.39890526776050000000000000000000
1454.00000000	736.84101441275950000000000000000000
1456.00000000	734.29704521019830000000000000000000
1458.00000000	731.76689322989810000000000000000000
1460.00000000	729.25045504232300000000000000000000
1462.00000000	726.74762820690270000000000000000000
1464.00000000	724.25831126053470000000000000000000
1466.00000000	721.78240370623880000000000000000000
1468.00000000	719.31980600196210000000000000000000
1470.00000000	716.87041954954980000000000000000000
1472.00000000	714.43414668383530000000000000000000
1474.00000000	712.01089066189870000000000000000000
1476.00000000	709.60055565251650000000000000000000
1478.00000000	707.20304672564820000000000000000000
1480.00000000	704.81826984216010000000000000000000
1482.00000000	702.44613184365270000000000000000000
1484.00000000	700.08654044240550000000000000000000
1486.00000000	697.73940421149060000000000000000000
1488.00000000	695.40463257501290000000000000000000
1490.00000000	693.08213579843570000000000000000000
1492.00000000	690.77182497912170000000000000000000
1494.00000000	688.47361203690950000000000000000000
1496.00000000	686.18740970486250000000000000000000
1498.00000000	683.91313152015330000000000000000000
1500.00000000	681.65069181503400000000000000000000
1502.00000000	679.40000570793110000000000000000000
1504.00000000	677.16098909468520000000000000000000
1506.00000000	674.93355863987460000000000000000000
1508.00000000	672.71763176826710000000000000000000
1510.00000000	670.51312665638950000000000000000000
1512.00000000	668.31996222419400000000000000000000
1514.00000000	666.13805812683710000000000000000000
1516.00000000	663.96733474656830000000000000000000
1518.00000000	661.80771318472980000000000000000000
1520.00000000	659.65911525384880000000000000000000
1522.00000000	657.52146346982910000000000000000000
1524.00000000	655.39468104427180000000000000000000
1526.00000000	653.27869187684470000000000000000000
1528.00000000	651.17342054781150000000000000000000
1530.00000000	649.07879231059510000000000000000000
1532.00000000	646.99473308449460000000000000000000
1534.00000000	644.92116944743710000000000000000000
1536.00000000	642.85802862887760000000000000000000
1538.00000000	640.80523850274560000000000000000000
1540.00000000	638.76272758050920000000000000000000
1542.00000000	636.73042500431370000000000000000000
1544.00000000	634.70826054021690000000000000000000
1546.00000000	632.69616457147100000000000000000000
1548.00000000	630.69406809198740000000000000000000
1550.00000000	628.70190269973970000000000000000000
1552.00000000	626.71960059039950000000000000000000
1554.00000000	624.74709455092280000000000000000000
1556.00000000	622.78431795331530000000000000000000
1558.00000000	620.83120474840780000000000000000000
1560.00000000	618.88768945975910000000000000000000
1562.00000000	616.95370717759230000000000000000000
1564.00000000	615.02919355283030000000000000000000
1566.00000000	613.11408479121770000000000000000000
1568.00000000	611.20831764746580000000000000000000
1570.00000000	609.31182941954250000000000000000000
1572.00000000	607.42455794295890000000000000000000
1574.00000000	605.54644158517650000000000000000000
1576.00000000	603.67741924007270000000000000000000
1578.00000000	601.81743032245220000000000000000000
1580.00000000	599.96641476265010000000000000000000
1582.00000000	598.12431300119270000000000000000000
1584.00000000	596.29106598352940000000000000000000
1586.00000000	594.46661515480810000000000000000000
1588.00000000	592.65090245473980000000000000000000
1590.00000000	590.84387031250820000000000000000000
1592.00000000	589.04546164175110000000000000000000
1594.00000000	587.25561983559560000000000000000000
1596.00000000	585.47428876175840000000000000000000
1598.00000000	583.70141275770890000000000000000000
1600.00000000	581.93693662585830000000000000000000
1602.00000000	580.18080562886190000000000000000000
1604.00000000	578.43296548493450000000000000000000
1606.00000000	576.69336236324000000000000000000000
1608.00000000	574.96194287932430000000000000000000
1610.00000000	573.23865409060890000000000000000000
1612.00000000	571.52344349195830000000000000000000
1614.00000000	569.81625901123790000000000000000000
1616.00000000	568.11704900502090000000000000000000
1618.00000000	566.42576225425460000000000000000000
1620.00000000	564.74234796002720000000000000000000
1622.00000000	563.06675573936350000000000000000000
1624.00000000	561.39893562109470000000000000000000
1626.00000000	559.73883804175000000000000000000000
1628.00000000	558.08641384151270000000000000000000
1630.00000000	556.44161426021580000000000000000000
1632.00000000	554.80439093337460000000000000000000
1634.00000000	553.17469588831200000000000000000000
1636.00000000	551.55248154025340000000000000000000
1638.00000000	549.93770068853900000000000000000000
1640.00000000	548.33030651282960000000000000000000
1642.00000000	546.73025256939010000000000000000000
1644.00000000	545.13749278737960000000000000000000
1646.00000000	543.55198146525100000000000000000000
1648.00000000	541.97367326708980000000000000000000
1650.00000000	540.40252321910340000000000000000000
1652.00000000	538.83848670605850000000000000000000
1654.00000000	537.28151946784090000000000000000000
1656.00000000	535.73157759596710000000000000000000
1658.00000000	534.18861753023830000000000000000000
1660.00000000	532.65259605532910000000000000000000
1662.00000000	531.12347029748810000000000000000000
1664.00000000	529.60119772124770000000000000000000
1666.00000000	528.08573612617200000000000000000000
1668.00000000	526.57704364363830000000000000000000
1670.00000000	525.07507873367230000000000000000000
1672.00000000	523.57980018180160000000000000000000
1674.00000000	522.09116709595460000000000000000000
1676.00000000	520.60913890336800000000000000000000
1678.00000000	519.13367534759070000000000000000000
1680.00000000	517.66473648544720000000000000000000
1682.00000000	516.20228268408120000000000000000000
1684.00000000	514.74627461803290000000000000000000
1686.00000000	513.29667326630770000000000000000000
1688.00000000	511.85343990952970000000000000000000
1690.00000000	510.41653612710405000000000000000000
1692.00000000	508.98592379438870000000000000000000
1694.00000000	507.56156507993530000000000000000000
1696.00000000	506.14342244274930000000000000000000
1698.00000000	504.73145862955670000000000000000000
1700.00000000	503.32563667212080000000000000000000
1702.00000000	501.92591988462084000000000000000000
1704.00000000	500.53227186096830000000000000000000
1706.00000000	499.14465647225910000000000000000000
1708.00000000	497.76303786417750000000000000000000
1710.00000000	496.38738045446746000000000000000000
1712.00000000	495.01764893040150000000000000000000
1714.00000000	493.65380824633024000000000000000000
1716.00000000	492.29582362116990000000000000000000
1718.00000000	490.94366053603176000000000000000000
1720.00000000	489.59728473176517000000000000000000
1722.00000000	488.25666220660037000000000000000000
1724.00000000	486.92175921379280000000000000000000
1726.00000000	485.59254225929004000000000000000000
1728.00000000	484.26897809942477000000000000000000
1730.00000000	482.95103373866350000000000000000000
1732.00000000	481.63867642729370000000000000000000
1734.00000000	480.33187365925980000000000000000000
1736.00000000	479.03059316990044000000000000000000
1738.00000000	477.73480293380885000000000000000000
1740.00000000	476.44447116264440000000000000000000
1742.00000000	475.15956630300570000000000000000000
1744.00000000	473.88005703431890000000000000000000
1746.00000000	472.60591226673730000000000000000000
1748.00000000	471.33710113908575000000000000000000
1750.00000000	470.07359301679360000000000000000000
1752.00000000	468.81535748988216000000000000000000
1754.00000000	467.56236437096106000000000000000000
1756.00000000	466.31458369323430000000000000000000
1758.00000000	465.07198570855286000000000000000000
1760.00000000	463.83454088544295000000000000000000
1762.00000000	462.60221990722550000000000000000000
1764.00000000	461.37499367006984000000000000000000
1766.00000000	460.15283328115197000000000000000000
1768.00000000	458.93571005677180000000000000000000
1770.00000000	457.72359552049824000000000000000000
1772.00000000	456.51646140137700000000000000000000
1774.00000000	455.31427963208350000000000000000000
1776.00000000	454.11702234718980000000000000000000
1778.00000000	452.92466188135220000000000000000000
1780.00000000	451.73717076756833000000000000000000
1782.00000000	450.55452173546950000000000000000000
1784.00000000	449.37668770957680000000000000000000
1786.00000000	448.20364180763295000000000000000000
1788.00000000	447.03535733890277000000000000000000
1790.00000000	445.87180780251460000000000000000000
1792.00000000	444.71296688582584000000000000000000
1794.00000000	443.55880846279040000000000000000000
1796.00000000	442.40930659233146000000000000000000
1798.00000000	441.26443551678400000000000000000000
1800.00000000	440.12416966027354000000000000000000
1802.00000000	438.98848362717564000000000000000000
1804.00000000	437.85735220057506000000000000000000
1806.00000000	436.73075034071980000000000000000000
1808.00000000	435.60865318350630000000000000000000
1810.00000000	434.49103603899680000000000000000000
1812.00000000	433.37787438990927000000000000000000
1814.00000000	432.26914389016696000000000000000000
1816.00000000	431.16482036342916000000000000000000
1818.00000000	430.06487980165247000000000000000000
1820.00000000	428.96929836368383000000000000000000
1822.00000000	427.87805237381053000000000000000000
1824.00000000	426.79111832039786000000000000000000
1826.00000000	425.70847285447670000000000000000000
1828.00000000	424.63009278839996000000000000000000
1830.00000000	423.55595509446480000000000000000000
1832.00000000	422.48603690357180000000000000000000
1834.00000000	421.42031550390500000000000000000000
1836.00000000	420.35876833960870000000000000000000
1838.00000000	419.30137300948060000000000000000000
1840.00000000	418.24810726567360000000000000000000
1842.00000000	417.19894901245080000000000000000000
1844.00000000	416.15387630487020000000000000000000
1846.00000000	415.11286734757190000000000000000000
1848.00000000	414.07590049351586000000000000000000
1850.00000000	413.04295424275720000000000000000000
1852.00000000	412.01400724123600000000000000000000
1854.00000000	410.98903827955310000000000000000000
1856.00000000	409.96802629180314000000000000000000
1858.00000000	408.95095035437760000000000000000000
1860.00000000	407.93778968478110000000000000000000
1862.00000000	406.92852364050810000000000000000000
1864.00000000	405.92313171785670000000000000000000
1866.00000000	404.92159355081895000000000000000000
1868.00000000	403.92388890994290000000000000000000
1870.00000000	402.92999770121696000000000000000000
1872.00000000	401.93989996496396000000000000000000
1874.00000000	400.95357587476803000000000000000000
1876.00000000	399.97100573636396000000000000000000
1878.00000000	398.99216998657073000000000000000000
1880.00000000	398.01704919224520000000000000000000
1882.00000000	397.04562404921840000000000000000000
1884.00000000	396.07787538124890000000000000000000
1886.00000000	395.11378413899206000000000000000000
1888.00000000	394.15333139898920000000000000000000
1890.00000000	393.19649836263890000000000000000000
1892.00000000	392.24326635519867000000000000000000
1894.00000000	391.29361682481516000000000000000000
1896.00000000	390.34753134148730000000000000000000
1898.00000000	389.40499159613876000000000000000000
1900.00000000	388.46597939964110000000000000000000
1902.00000000	387.53047668183750000000000000000000
1904.00000000	386.59846549061774000000000000000000
1906.00000000	385.66992799096954000000000000000000
1908.00000000	384.74484646404073000000000000000000
1910.00000000	383.82320330624344000000000000000000
1912.00000000	382.90498102831270000000000000000000
1914.00000000	381.99016225441557000000000000000000
1916.00000000	381.07872972125637000000000000000000
1918.00000000	380.17066627718370000000000000000000
1920.00000000	379.26595488131557000000000000000000
1922.00000000	378.36457860267810000000000000000000
1924.00000000	377.46652061930760000000000000000000
1926.00000000	376.57176421744265000000000000000000
1928.00000000	375.68029279063620000000000000000000
1930.00000000	374.79208983895614000000000000000000
1932.00000000	373.90713896810684000000000000000000
1934.00000000	373.02542388864740000000000000000000
1936.00000000	372.14692841514847000000000000000000
1938.00000000	371.27163646540464000000000000000000
1940.00000000	370.39953205960930000000000000000000
1942.00000000	369.53059931957240000000000000000000
1944.00000000	368.66482246795280000000000000000000
1946.00000000	367.80218582743805000000000000000000
1948.00000000	366.94267382000334000000000000000000
1950.00000000	366.08627096614010000000000000000000
1952.00000000	365.23296188408483000000000000000000
1954.00000000	364.38273128908450000000000000000000
1956.00000000	363.53556399264460000000000000000000
1958.00000000	362.69144490177790000000000000000000
1960.00000000	361.85035901829957000000000000000000
1962.00000000	361.01229143808496000000000000000000
1964.00000000	360.17722735034690000000000000000000
1966.00000000	359.34515203694076000000000000000000
1968.00000000	358.51605087165126000000000000000000
1970.00000000	357.68990931947707000000000000000000
1972.00000000	356.86671293597110000000000000000000
1974.00000000	356.04644736652534000000000000000000
1976.00000000	355.22909834570396000000000000000000
1978.00000000	354.41465169656710000000000000000000
1980.00000000	353.60309332999890000000000000000000
1982.00000000	352.79440924404550000000000000000000
1984.00000000	351.98858552326710000000000000000000
1986.00000000	351.18560833807430000000000000000000
1988.00000000	350.38546394409417000000000000000000
1990.00000000	349.58813868151930000000000000000000
1992.00000000	348.79361897449470000000000000000000
1994.00000000	348.00189133046080000000000000000000
1996.00000000	347.21294233955405000000000000000000
1998.00000000	346.42675867398833000000000000000000
2000.00000000	345.64332708742540000000000000000000
