100.00000000	-751.55061366624680000000000000000000
102.00000000	-665.56454418213390000000000000000000
104.00000000	-603.20433816966340000000000000000000
106.00000000	-570.32014052567000000000000000000000
108.00000000	-537.27293534289900000000000000000000
110.00000000	-504.47124778442520000000000000000000
112.00000000	-472.22271632533676000000000000000000
114.00000000	-446.70503820097260000000000000000000
116.00000000	-425.60599073280940000000000000000000
118.00000000	-405.71008454509484000000000000000000
120.00000000	-386.86836858024160000000000000000000
122.00000000	-369.06380691210603000000000000000000
124.00000000	-352.09703142277556000000000000000000
126.00000000	-323.19816168940770000000000000000000
128.00000000	-296.67150622218395000000000000000000
130.00000000	-272.27560968531880000000000000000000
132.00000000	-249.79756455817827000000000000000000
134.00000000	-229.04974013186762000000000000000000
136.00000000	-209.86679853296874000000000000000000
138.00000000	-192.84190560308244000000000000000000
140.00000000	-182.10746479718074000000000000000000
142.00000000	-172.04330121433907000000000000000000
144.00000000	-162.60049114653228000000000000000000
146.00000000	-153.73560853749160000000000000000000
148.00000000	-145.41006403171176000000000000000000
150.00000000	-137.58952301315168000000000000000000
152.00000000	-130.24339255192317000000000000000000
154.00000000	-123.34436814692197000000000000000000
156.00000000	-117.88720398010148000000000000000000
158.00000000	-113.71079199596988000000000000000000
160.00000000	-109.75985613886597000000000000000000
162.00000000	-106.04773391387054000000000000000000
164.00000000	-102.56782254667968000000000000000000
166.00000000	-99.31396603163023000000000000000000
168.00000000	-96.28034702133104000000000000000000
170.00000000	-93.46138055683006000000000000000000
172.00000000	-90.85160822392258000000000000000000
174.00000000	-88.44559134993048000000000000000000
176.00000000	-86.23780185291925000000000000000000
178.00000000	-89.32214168746228000000000000000000
180.00000000	-98.59810367623470000000000000000000
182.00000000	-107.50837513214933000000000000000000
184.00000000	-108.53554403517577000000000000000000
186.00000000	-108.27083773207201000000000000000000
188.00000000	-109.63745099219767000000000000000000
190.00000000	-128.17564688766004000000000000000000
192.00000000	-145.85712615499762000000000000000000
194.00000000	-162.07517494448285000000000000000000
196.00000000	-173.70940498701964000000000000000000
198.00000000	-184.82591665755050000000000000000000
200.00000000	-195.24296284649714000000000000000000
202.00000000	-193.24878607843334000000000000000000
204.00000000	-191.38512430283143000000000000000000
206.00000000	-189.61416765197790000000000000000000
208.00000000	-197.50978589752960000000000000000000
210.00000000	-209.25172337274680000000000000000000
212.00000000	-220.24445696150732000000000000000000
214.00000000	-231.55090427670440000000000000000000
216.00000000	-249.75989920471750000000000000000000
218.00000000	-266.70121586313180000000000000000000
220.00000000	-282.33078069637935000000000000000000
222.00000000	-294.06256038657773000000000000000000
224.00000000	-298.78838177297297000000000000000000
226.00000000	-302.33873618040093000000000000000000
228.00000000	-304.58700289864095000000000000000000
230.00000000	-304.34042018760190000000000000000000
232.00000000	-298.48636870442060000000000000000000
234.00000000	-290.91602482546460000000000000000000
236.00000000	-281.31525055276840000000000000000000
238.00000000	-269.23296247839806000000000000000000
240.00000000	-253.83070372510394000000000000000000
242.00000000	-234.02419637800693000000000000000000
244.00000000	-208.03582152383512000000000000000000
246.00000000	-172.91898546388990000000000000000000
248.00000000	-123.67066200486369000000000000000000
250.00000000	-39.26777355901814000000000000000000
252.00000000	72.86850943407900000000000000000000
254.00000000	211.94511399471520000000000000000000
256.00000000	359.73506754374870000000000000000000
258.00000000	488.82012344426960000000000000000000
260.00000000	587.81165758456590000000000000000000
262.00000000	661.43513378793500000000000000000000
264.00000000	722.10513589752960000000000000000000
266.00000000	780.60056929506380000000000000000000
268.00000000	843.57539550155680000000000000000000
270.00000000	918.43693151356660000000000000000000
272.00000000	1014.97820249116830000000000000000000
274.00000000	1116.31910795588560000000000000000000
276.00000000	1218.50110027465050000000000000000000
278.00000000	1317.63153759072380000000000000000000
280.00000000	1410.96059990349600000000000000000000
282.00000000	1497.00379051709800000000000000000000
284.00000000	1573.96596880120050000000000000000000
286.00000000	1643.85962875459930000000000000000000
288.00000000	1707.60922043561190000000000000000000
290.00000000	1766.13873800875100000000000000000000
292.00000000	1820.25710800932280000000000000000000
294.00000000	1870.63235588654000000000000000000000
296.00000000	1921.85375080021940000000000000000000
298.00000000	1976.36041501734730000000000000000000
300.00000000	2028.45756297427060000000000000000000
302.00000000	2078.29682282092470000000000000000000
304.00000000	2126.01107061261970000000000000000000
306.00000000	2171.71790770501460000000000000000000
308.00000000	2215.53731843566500000000000000000000
310.00000000	2257.70951412487370000000000000000000
312.00000000	2303.35088807802870000000000000000000
314.00000000	2347.08304916511360000000000000000000
316.00000000	2388.98602271475900000000000000000000
318.00000000	2429.14298729220760000000000000000000
320.00000000	2467.63786412118540000000000000000000
322.00000000	2504.55324562833360000000000000000000
324.00000000	2539.96321669766700000000000000000000
326.00000000	2573.95332965913200000000000000000000
328.00000000	2602.90907176257800000000000000000000
330.00000000	2630.04335559843780000000000000000000
332.00000000	2655.97807212727500000000000000000000
334.00000000	2680.76753274027760000000000000000000
336.00000000	2704.45729452671230000000000000000000
338.00000000	2727.07682099413020000000000000000000
340.00000000	2748.66781905900700000000000000000000
342.00000000	2769.24247766287950000000000000000000
344.00000000	2788.81117142597700000000000000000000
346.00000000	2807.25623736083570000000000000000000
348.00000000	2824.64432431682550000000000000000000
350.00000000	2840.98478333211400000000000000000000
352.00000000	2856.28052888231300000000000000000000
354.00000000	2870.50699983307400000000000000000000
356.00000000	2883.64823978390950000000000000000000
358.00000000	2895.69331127647270000000000000000000
360.00000000	2906.63293323756600000000000000000000
362.00000000	2916.50516642129150000000000000000000
364.00000000	2925.35031784604460000000000000000000
366.00000000	2939.19094870216760000000000000000000
368.00000000	2954.90198813841100000000000000000000
370.00000000	2969.82714180986250000000000000000000
372.00000000	2984.30160608254200000000000000000000
374.00000000	2998.72934590521030000000000000000000
376.00000000	3013.62079148880500000000000000000000
378.00000000	3029.56343899248600000000000000000000
380.00000000	3047.16971495941330000000000000000000
382.00000000	3067.05350477485540000000000000000000
384.00000000	3089.68902011777900000000000000000000
386.00000000	3115.37193882150770000000000000000000
388.00000000	3144.33287737925100000000000000000000
390.00000000	3176.77636958178570000000000000000000
392.00000000	3211.87880308701900000000000000000000
394.00000000	3249.03798405383940000000000000000000
396.00000000	3287.57793368752300000000000000000000
398.00000000	3326.83766071138800000000000000000000
400.00000000	3366.28756141264900000000000000000000
402.00000000	3405.52882681298520000000000000000000
404.00000000	3444.35545729230630000000000000000000
406.00000000	3482.74753727213970000000000000000000
408.00000000	3520.85536110079830000000000000000000
410.00000000	3558.97014165949670000000000000000000
412.00000000	3597.48511206032340000000000000000000
414.00000000	3638.45032180359840000000000000000000
416.00000000	3683.59861990806800000000000000000000
418.00000000	3730.68614291136150000000000000000000
420.00000000	3780.09333944139230000000000000000000
422.00000000	3832.12133581600160000000000000000000
424.00000000	3886.97673528736400000000000000000000
426.00000000	3944.77847382016760000000000000000000
428.00000000	4005.57411207389800000000000000000000
430.00000000	4069.35988734297400000000000000000000
432.00000000	4136.09950721555900000000000000000000
434.00000000	4205.74730202078600000000000000000000
436.00000000	4278.22263423680800000000000000000000
438.00000000	4353.46649384424400000000000000000000
440.00000000	4431.40839046923800000000000000000000
442.00000000	4511.97486231579000000000000000000000
444.00000000	4584.56063666425000000000000000000000
446.00000000	4652.72068803140250000000000000000000
448.00000000	4723.04071238632500000000000000000000
450.00000000	4795.33456542706300000000000000000000
452.00000000	4869.40789270482400000000000000000000
454.00000000	4945.07023962685500000000000000000000
456.00000000	5022.13615715060000000000000000000000
458.00000000	5100.43971259368600000000000000000000
460.00000000	5179.78056794217700000000000000000000
462.00000000	5260.00584909446100000000000000000000
464.00000000	5340.95614087150100000000000000000000
466.00000000	5422.47899722046300000000000000000000
468.00000000	5504.42883499441900000000000000000000
470.00000000	5586.68378956383200000000000000000000
472.00000000	5669.07742797334300000000000000000000
474.00000000	5751.50031774709700000000000000000000
476.00000000	5833.83199320433700000000000000000000
478.00000000	5921.55577732140800000000000000000000
480.00000000	6013.02493102375500000000000000000000
482.00000000	6103.98713758927800000000000000000000
484.00000000	6194.30794485628200000000000000000000
486.00000000	6283.87953513906700000000000000000000
488.00000000	6372.53649606835300000000000000000000
490.00000000	6460.18174791145800000000000000000000
492.00000000	6546.70244892494600000000000000000000
494.00000000	6631.99088346017700000000000000000000
496.00000000	6715.94438802822900000000000000000000
498.00000000	6798.46529210151700000000000000000000
500.00000000	6879.46087131542800000000000000000000
502.00000000	6958.84331072220500000000000000000000
504.00000000	7036.52967580361200000000000000000000
506.00000000	7112.46598580567900000000000000000000
508.00000000	7186.53055619110550000000000000000000
510.00000000	7258.67928634682450000000000000000000
512.00000000	7328.84855538791400000000000000000000
514.00000000	7396.97952248938600000000000000000000
516.00000000	7463.01810349823300000000000000000000
518.00000000	7524.86635310167800000000000000000000
520.00000000	7583.76352875279800000000000000000000
522.00000000	7640.53141208502600000000000000000000
524.00000000	7695.13955410568900000000000000000000
526.00000000	7747.56166193490400000000000000000000
528.00000000	7797.77552978988600000000000000000000
530.00000000	7845.76296367405400000000000000000000
532.00000000	7891.50969963595000000000000000000000
534.00000000	7935.00531556917400000000000000000000
536.00000000	7976.26486290276600000000000000000000
538.00000000	8015.24120360647800000000000000000000
540.00000000	8051.95721784391200000000000000000000
542.00000000	8086.41684511601900000000000000000000
544.00000000	8118.62733416614400000000000000000000
546.00000000	8148.59912022278400000000000000000000
548.00000000	8176.34569719896900000000000000000000
550.00000000	8201.88348896903700000000000000000000
552.00000000	8225.23171111107700000000000000000000
554.00000000	8246.41223595700600000000000000000000
556.00000000	8265.44945220181000000000000000000000
558.00000000	8282.37012339539000000000000000000000
560.00000000	8297.20324525026300000000000000000000
562.00000000	8309.97990232470500000000000000000000
564.00000000	8311.89408834955200000000000000000000
566.00000000	8282.13051345794900000000000000000000
568.00000000	8251.03078969992400000000000000000000
570.00000000	8218.66323875733900000000000000000000
572.00000000	8185.09489618665300000000000000000000
574.00000000	8150.39142294345800000000000000000000
576.00000000	8114.62548173794800000000000000000000
578.00000000	8077.84197694485500000000000000000000
580.00000000	8040.11139017573300000000000000000000
582.00000000	8001.49322805930500000000000000000000
584.00000000	7962.04534562516800000000000000000000
586.00000000	7921.82391915414000000000000000000000
588.00000000	7880.88342689026100000000000000000000
590.00000000	7839.27663699009000000000000000000000
592.00000000	7797.05460210865900000000000000000000
594.00000000	7754.26666004722850000000000000000000
596.00000000	7710.96043991383100000000000000000000
598.00000000	7667.18187327608200000000000000000000
600.00000000	7622.97520981274500000000000000000000
602.00000000	7578.38303699943300000000000000000000
604.00000000	7533.44630339178300000000000000000000
606.00000000	7488.20434509777300000000000000000000
608.00000000	7442.69491505841400000000000000000000
610.00000000	7396.95421478393100000000000000000000
612.00000000	7351.01692821894900000000000000000000
614.00000000	7304.91625743669700000000000000000000
616.00000000	7258.68395988789900000000000000000000
618.00000000	7212.35038695481800000000000000000000
620.00000000	7165.95254845984200000000000000000000
622.00000000	7119.74592179208900000000000000000000
624.00000000	7073.67329778697400000000000000000000
626.00000000	7027.75052183465400000000000000000000
628.00000000	6981.99261009168500000000000000000000
630.00000000	6936.41378560443500000000000000000000
632.00000000	6891.02751402566450000000000000000000
634.00000000	6845.84653895919000000000000000000000
636.00000000	6800.88291698332100000000000000000000
638.00000000	6756.14805242278000000000000000000000
640.00000000	6711.65273196001400000000000000000000
642.00000000	6667.39615407794300000000000000000000
644.00000000	6623.40972875911400000000000000000000
646.00000000	6579.69185982198500000000000000000000
648.00000000	6536.25121062509200000000000000000000
650.00000000	6493.09600278182000000000000000000000
652.00000000	6450.23405355279800000000000000000000
654.00000000	6407.67281482699600000000000000000000
656.00000000	6365.41941425510800000000000000000000
658.00000000	6323.48069925561800000000000000000000
660.00000000	6281.86328482380100000000000000000000
662.00000000	6240.57360635716700000000000000000000
664.00000000	6199.61797910014600000000000000000000
666.00000000	6159.00266635190700000000000000000000
668.00000000	6118.73395934701300000000000000000000
670.00000000	6078.81827282012800000000000000000000
672.00000000	6039.26226188106500000000000000000000
674.00000000	6000.07296824455000000000000000000000
676.00000000	5961.25800756556800000000000000000000
678.00000000	5922.82581546212400000000000000000000
680.00000000	5884.78597926103250000000000000000000
682.00000000	5847.14969835609900000000000000000000
684.00000000	5809.93044372977800000000000000000000
686.00000000	5773.14493772795300000000000000000000
688.00000000	5736.81467273081700000000000000000000
690.00000000	5702.21562871245350000000000000000000
692.00000000	5668.89685202405700000000000000000000
694.00000000	5636.11670764547600000000000000000000
696.00000000	5603.97352030884200000000000000000000
698.00000000	5572.64548689577000000000000000000000
700.00000000	5542.53093105177100000000000000000000
702.00000000	5515.10299739252100000000000000000000
704.00000000	5482.59033480673000000000000000000000
706.00000000	5443.91902473352900000000000000000000
708.00000000	5406.75901990004700000000000000000000
710.00000000	5370.40343992077500000000000000000000
712.00000000	5334.63591329002300000000000000000000
714.00000000	5299.35621392079200000000000000000000
716.00000000	5264.50830455096600000000000000000000
718.00000000	5230.05710865005900000000000000000000
720.00000000	5195.97890629761200000000000000000000
722.00000000	5162.25670898794600000000000000000000
724.00000000	5128.87778563070300000000000000000000
726.00000000	5095.83223309523700000000000000000000
728.00000000	5063.11209993517300000000000000000000
730.00000000	5030.71082348310100000000000000000000
732.00000000	4998.62285429948500000000000000000000
734.00000000	4966.84339769422600000000000000000000
736.00000000	4935.36823115365300000000000000000000
738.00000000	4904.19357254331300000000000000000000
740.00000000	4873.31598320062700000000000000000000
742.00000000	4842.73229556493300000000000000000000
744.00000000	4812.43955841912200000000000000000000
746.00000000	4782.43499500064800000000000000000000
748.00000000	4752.71597066744650000000000000000000
750.00000000	4723.27996776046700000000000000000000
752.00000000	4694.12456595610500000000000000000000
754.00000000	4665.24742685682200000000000000000000
756.00000000	4636.64628188852800000000000000000000
758.00000000	4608.31892280493050000000000000000000
760.00000000	4580.26319426627200000000000000000000
762.00000000	4552.45755872539500000000000000000000
764.00000000	4524.93884508268500000000000000000000
766.00000000	4497.68556429407800000000000000000000
768.00000000	4470.69572736118300000000000000000000
770.00000000	4443.96738075152900000000000000000000
772.00000000	4417.49860543604800000000000000000000
774.00000000	4391.28751648582150000000000000000000
776.00000000	4366.32444763474700000000000000000000
778.00000000	4342.36153302308900000000000000000000
780.00000000	4318.61865170314650000000000000000000
782.00000000	4295.09465722714000000000000000000000
784.00000000	4271.78843318754200000000000000000000
786.00000000	4248.69889532068650000000000000000000
788.00000000	4225.82499397447300000000000000000000
790.00000000	4203.16571695318000000000000000000000
792.00000000	4180.72009276016500000000000000000000
794.00000000	4158.48719426949100000000000000000000
796.00000000	4136.46614286741100000000000000000000
798.00000000	4114.65611311629500000000000000000000
800.00000000	4093.05633800628500000000000000000000
802.00000000	4071.66611487553400000000000000000000
804.00000000	4050.48481209812900000000000000000000
806.00000000	4029.51187665988600000000000000000000
808.00000000	4008.74684276940300000000000000000000
810.00000000	3988.18934168391430000000000000000000
812.00000000	3967.83911296989030000000000000000000
814.00000000	3947.69601746929400000000000000000000
816.00000000	3927.76005230612600000000000000000000
818.00000000	3908.03136834951830000000000000000000
820.00000000	3888.51029065517700000000000000000000
822.00000000	3869.19734254297460000000000000000000
824.00000000	3850.09327414780050000000000000000000
826.00000000	3831.19909651869000000000000000000000
828.00000000	3812.51612265894500000000000000000000
830.00000000	3794.04601733312670000000000000000000
832.00000000	3775.79085806058360000000000000000000
834.00000000	3757.75321054528970000000000000000000
836.00000000	3739.93622296611400000000000000000000
838.00000000	3722.34374524703660000000000000000000
840.00000000	3704.98048191466500000000000000000000
842.00000000	3687.85219088671740000000000000000000
844.00000000	3670.96594627222430000000000000000000
846.00000000	3654.33049231724500000000000000000000
848.00000000	3637.95673034882980000000000000000000
850.00000000	3621.85840534156750000000000000000000
852.00000000	3606.05310212479600000000000000000000
854.00000000	3590.56374090973300000000000000000000
856.00000000	3575.42091646354950000000000000000000
858.00000000	3560.66674654445840000000000000000000
860.00000000	3546.36162145991000000000000000000000
862.00000000	3532.59707616551080000000000000000000
864.00000000	3519.52333806286560000000000000000000
866.00000000	3507.41927172021270000000000000000000
868.00000000	3496.92959877634260000000000000000000
870.00000000	3490.68913652395760000000000000000000
872.00000000	3466.13418159314700000000000000000000
874.00000000	3438.08456130512970000000000000000000
876.00000000	3413.05172272321850000000000000000000
878.00000000	3389.46815799942400000000000000000000
880.00000000	3366.81773491339500000000000000000000
882.00000000	3344.85304393161140000000000000000000
884.00000000	3323.43248458066640000000000000000000
886.00000000	3302.03589175778550000000000000000000
888.00000000	3279.48414305477540000000000000000000
890.00000000	3257.32653726823800000000000000000000
892.00000000	3235.52766689688540000000000000000000
894.00000000	3214.05981853315900000000000000000000
896.00000000	3192.90071352760740000000000000000000
898.00000000	3172.03203863847300000000000000000000
900.00000000	3151.43845312027600000000000000000000
902.00000000	3131.10689596789600000000000000000000
904.00000000	3111.02608929858020000000000000000000
906.00000000	3091.18617395286900000000000000000000
908.00000000	3071.57843664683900000000000000000000
910.00000000	3052.19510201470200000000000000000000
912.00000000	3033.02917159949540000000000000000000
914.00000000	3014.07429743375450000000000000000000
916.00000000	2995.32468152321400000000000000000000
918.00000000	2976.77499501364600000000000000000000
920.00000000	2958.42031251161730000000000000000000
922.00000000	2940.25605821507540000000000000000000
924.00000000	2922.27796134595340000000000000000000
926.00000000	2904.48201898586330000000000000000000
928.00000000	2886.86446485586980000000000000000000
930.00000000	2869.42174291116360000000000000000000
932.00000000	2852.15048486566140000000000000000000
934.00000000	2835.04749094859240000000000000000000
936.00000000	2818.10971333639830000000000000000000
938.00000000	2801.33424181408000000000000000000000
940.00000000	2784.71829130481640000000000000000000
942.00000000	2768.25919097424300000000000000000000
944.00000000	2751.95437466908100000000000000000000
946.00000000	2735.80137249179320000000000000000000
948.00000000	2719.79780334689080000000000000000000
950.00000000	2703.94136832251160000000000000000000
952.00000000	2688.22984479220400000000000000000000
954.00000000	2672.66108114110240000000000000000000
956.00000000	2657.23299203424630000000000000000000
958.00000000	2641.94355415925400000000000000000000
960.00000000	2626.79080238308700000000000000000000
962.00000000	2611.77282627360200000000000000000000
964.00000000	2596.88776694154000000000000000000000
966.00000000	2582.13381416720450000000000000000000
968.00000000	2567.50920377807870000000000000000000
970.00000000	2553.01221525026860000000000000000000
972.00000000	2538.64116950956530000000000000000000
974.00000000	2524.39442691019200000000000000000000
976.00000000	2510.27038537360430000000000000000000
978.00000000	2496.26747867017050000000000000000000
980.00000000	2482.38417483004470000000000000000000
982.00000000	2468.61897467032600000000000000000000
984.00000000	2454.97041042730230000000000000000000
986.00000000	2441.43704448384300000000000000000000
988.00000000	2428.01746818352970000000000000000000
990.00000000	2414.71030072301500000000000000000000
992.00000000	2401.51418811631800000000000000000000
994.00000000	2388.42780222424000000000000000000000
996.00000000	2375.44983984369860000000000000000000
998.00000000	2362.57902185197700000000000000000000
1000.00000000	2349.81409240065570000000000000000000
1002.00000000	2337.15381815658160000000000000000000
1004.00000000	2324.59698758442600000000000000000000
1006.00000000	2312.14241026934040000000000000000000
1008.00000000	2299.78891627491100000000000000000000
1010.00000000	2287.53535553547100000000000000000000
1012.00000000	2275.38059727860800000000000000000000
1014.00000000	2263.32352947714660000000000000000000
1016.00000000	2251.36305832722560000000000000000000
1018.00000000	2239.49810775175900000000000000000000
1020.00000000	2227.72761892644700000000000000000000
1022.00000000	2216.05054982810800000000000000000000
1024.00000000	2204.46587480229800000000000000000000
1026.00000000	2192.97258415036960000000000000000000
1028.00000000	2181.56968373417300000000000000000000
1030.00000000	2170.25619459671500000000000000000000
1032.00000000	2159.03115259896870000000000000000000
1034.00000000	2147.81585744178160000000000000000000
1036.00000000	2136.61281223980200000000000000000000
1038.00000000	2125.49534644591950000000000000000000
1040.00000000	2114.46256939052140000000000000000000
1042.00000000	2103.51360345233500000000000000000000
1044.00000000	2092.64758375968630000000000000000000
1046.00000000	2081.86365790215180000000000000000000
1048.00000000	2071.16098565353380000000000000000000
1050.00000000	2060.53873870428740000000000000000000
1052.00000000	2049.99610040374300000000000000000000
1054.00000000	2039.53226551137820000000000000000000
1056.00000000	2029.14643995623120000000000000000000
1058.00000000	2018.83784060486480000000000000000000
1060.00000000	2008.60569503688950000000000000000000
1062.00000000	1998.44924132757430000000000000000000
1064.00000000	1988.36772783771900000000000000000000
1066.00000000	1978.36041301001730000000000000000000
1068.00000000	1968.42656517186540000000000000000000
1070.00000000	1958.56546234399530000000000000000000
1072.00000000	1948.77639205497580000000000000000000
1074.00000000	1939.05865116149020000000000000000000
1076.00000000	1929.41154567321340000000000000000000
1078.00000000	1919.83439058338790000000000000000000
1080.00000000	1910.32650970402960000000000000000000
1082.00000000	1900.88723550524970000000000000000000
1084.00000000	1891.51590895984760000000000000000000
1086.00000000	1882.21187939157880000000000000000000
1088.00000000	1872.97450432734380000000000000000000
1090.00000000	1863.80314935409480000000000000000000
1092.00000000	1854.69718797842800000000000000000000
1094.00000000	1845.65600149064860000000000000000000
1096.00000000	1836.67897883178830000000000000000000
1098.00000000	1827.76551646427790000000000000000000
1100.00000000	1818.91501824572540000000000000000000
1102.00000000	1810.12689530551800000000000000000000
1104.00000000	1801.40056592503360000000000000000000
1106.00000000	1792.73545542004940000000000000000000
1108.00000000	1784.13099602641800000000000000000000
1110.00000000	1775.58662678820430000000000000000000
1112.00000000	1767.10179344846420000000000000000000
1114.00000000	1758.67594834239870000000000000000000
1116.00000000	1750.30855029331060000000000000000000
1118.00000000	1741.99906451037460000000000000000000
1120.00000000	1733.74696248907100000000000000000000
1122.00000000	1725.55172191364770000000000000000000
1124.00000000	1717.41282656165320000000000000000000
1126.00000000	1709.32976621074800000000000000000000
1128.00000000	1701.30203654723730000000000000000000
1130.00000000	1693.32913907660850000000000000000000
1132.00000000	1685.41058103613100000000000000000000
1134.00000000	1677.54587530896080000000000000000000
1136.00000000	1669.73454034033940000000000000000000
1138.00000000	1661.97610005512320000000000000000000
1140.00000000	1654.27008377734050000000000000000000
1142.00000000	1646.61602615120900000000000000000000
1144.00000000	1639.01346706348270000000000000000000
1146.00000000	1631.46195156791500000000000000000000
1148.00000000	1623.96102981046580000000000000000000
1150.00000000	1616.51025695664520000000000000000000
1152.00000000	1609.10919311967560000000000000000000
1154.00000000	1601.75740329041920000000000000000000
1156.00000000	1594.45445726849650000000000000000000
1158.00000000	1587.19992959461050000000000000000000
1160.00000000	1579.99339948424470000000000000000000
1162.00000000	1572.83445076260500000000000000000000
1164.00000000	1565.72267180068100000000000000000000
1166.00000000	1558.65765545247430000000000000000000
1168.00000000	1551.63899899339000000000000000000000
1170.00000000	1544.66630405975140000000000000000000
1172.00000000	1537.73917658937780000000000000000000
1174.00000000	1530.85722676320170000000000000000000
1176.00000000	1524.02006894797340000000000000000000
1178.00000000	1517.22732163987440000000000000000000
1180.00000000	1510.47860740918580000000000000000000
1182.00000000	1503.77355284587220000000000000000000
1184.00000000	1497.11178850618420000000000000000000
1186.00000000	1490.49294886004000000000000000000000
1188.00000000	1483.91667223947020000000000000000000
1190.00000000	1477.38260078763120000000000000000000
1192.00000000	1470.89038040916030000000000000000000
1194.00000000	1464.43966072091000000000000000000000
1196.00000000	1458.03009500361500000000000000000000
1198.00000000	1451.66134015462940000000000000000000
1200.00000000	1445.33305664093800000000000000000000
1202.00000000	1439.04490845350620000000000000000000
1204.00000000	1432.79656306189600000000000000000000
1206.00000000	1426.58769136993780000000000000000000
1208.00000000	1420.41796767177300000000000000000000
1210.00000000	1414.28706960915020000000000000000000
1212.00000000	1408.19467812871150000000000000000000
1214.00000000	1402.14047744055320000000000000000000
1216.00000000	1396.12415497709480000000000000000000
1218.00000000	1390.14540135272730000000000000000000
1220.00000000	1384.20391032401630000000000000000000
1222.00000000	1378.29937875062640000000000000000000
1224.00000000	1372.43150655674870000000000000000000
1226.00000000	1366.59999669326110000000000000000000
1228.00000000	1360.80455510018560000000000000000000
1230.00000000	1355.04489067007010000000000000000000
1232.00000000	1349.32071521177570000000000000000000
1234.00000000	1343.63174341468060000000000000000000
1236.00000000	1337.97769281369530000000000000000000
1238.00000000	1332.35828375444000000000000000000000
1240.00000000	1326.78758795191150000000000000000000
1242.00000000	1321.37815430049200000000000000000000
1244.00000000	1315.99900477898430000000000000000000
1246.00000000	1310.64992580574360000000000000000000
1248.00000000	1305.33070566447350000000000000000000
1250.00000000	1300.04113448347000000000000000000000
1252.00000000	1294.78100421512300000000000000000000
1254.00000000	1289.55010861567710000000000000000000
1256.00000000	1284.34824322505690000000000000000000
1258.00000000	1279.17520534753200000000000000000000
1260.00000000	1274.03079403210950000000000000000000
1262.00000000	1268.91481005353720000000000000000000
1264.00000000	1263.82705589360260000000000000000000
1266.00000000	1258.76733572246870000000000000000000
1268.00000000	1253.73545538051990000000000000000000
1270.00000000	1248.73122236036420000000000000000000
1272.00000000	1243.75444578895420000000000000000000
1274.00000000	1238.80493641033500000000000000000000
1276.00000000	1233.88250656826360000000000000000000
1278.00000000	1228.98697018930740000000000000000000
1280.00000000	1224.11814276600800000000000000000000
1282.00000000	1219.27584134043170000000000000000000
1284.00000000	1214.45988448787280000000000000000000
1286.00000000	1209.67009230078590000000000000000000
1288.00000000	1204.90628637285140000000000000000000
1290.00000000	1200.16828978368740000000000000000000
1292.00000000	1195.45592708291930000000000000000000
1294.00000000	1190.76902427546860000000000000000000
1296.00000000	1186.10740880624870000000000000000000
1298.00000000	1181.47090954557000000000000000000000
1300.00000000	1176.85935677435500000000000000000000
1302.00000000	1172.27258216984400000000000000000000
1304.00000000	1167.71041879147360000000000000000000
1306.00000000	1163.17270106668800000000000000000000
1308.00000000	1158.65926477717270000000000000000000
1310.00000000	1154.16994704516400000000000000000000
1312.00000000	1149.70458632006920000000000000000000
1314.00000000	1145.26302236506010000000000000000000
1316.00000000	1140.84509624399770000000000000000000
1318.00000000	1136.45065030836200000000000000000000
1320.00000000	1132.07952818462630000000000000000000
1322.00000000	1127.73157476147370000000000000000000
1324.00000000	1123.40663617739850000000000000000000
1326.00000000	1119.10455980836040000000000000000000
1328.00000000	1114.82519425561670000000000000000000
1330.00000000	1110.56838933372020000000000000000000
1332.00000000	1106.33399598475240000000000000000000
1334.00000000	1102.12186656325550000000000000000000
1336.00000000	1097.93185437820580000000000000000000
1338.00000000	1093.76381398012000000000000000000000
1340.00000000	1089.61760107513420000000000000000000
1342.00000000	1085.49307251350100000000000000000000
1344.00000000	1081.39008627881250000000000000000000
1346.00000000	1077.30850147709340000000000000000000
1348.00000000	1073.24817832597430000000000000000000
1350.00000000	1069.20897814420410000000000000000000
1352.00000000	1065.19076334088000000000000000000000
1354.00000000	1061.19339740549730000000000000000000
1356.00000000	1057.21674489742670000000000000000000
1358.00000000	1053.26067143572350000000000000000000
1360.00000000	1049.32504368935880000000000000000000
1362.00000000	1045.40972936730580000000000000000000
1364.00000000	1041.51459720854600000000000000000000
1366.00000000	1037.63951697265430000000000000000000
1368.00000000	1033.78435943021900000000000000000000
1370.00000000	1029.94899635323050000000000000000000
1372.00000000	1026.13330050603400000000000000000000
1374.00000000	1022.33714563594190000000000000000000
1376.00000000	1018.56040646407470000000000000000000
1378.00000000	1014.85410415696860000000000000000000
1380.00000000	1011.34337226407590000000000000000000
1382.00000000	1007.84745300723450000000000000000000
1384.00000000	1004.36627373791870000000000000000000
1386.00000000	1000.89976225273970000000000000000000
1388.00000000	997.44784678953020000000000000000000
1390.00000000	994.01045602320830000000000000000000
1392.00000000	990.58751906177170000000000000000000
1394.00000000	987.17896544228440000000000000000000
1396.00000000	983.78472512722920000000000000000000
1398.00000000	980.40472850029480000000000000000000
1400.00000000	977.03890636292600000000000000000000
1402.00000000	973.68718993032430000000000000000000
1404.00000000	970.34951082802420000000000000000000
1406.00000000	967.02580108804100000000000000000000
1408.00000000	963.71599314542300000000000000000000
1410.00000000	960.42001983468900000000000000000000
1412.00000000	957.13781438637660000000000000000000
1414.00000000	953.86931042353050000000000000000000
1416.00000000	950.61444195843720000000000000000000
1418.00000000	947.37314338913440000000000000000000
1420.00000000	944.14534949633410000000000000000000
1422.00000000	940.93099543999370000000000000000000
1424.00000000	937.73001675615520000000000000000000
1426.00000000	934.54234935377250000000000000000000
1428.00000000	931.36792951178590000000000000000000
1430.00000000	928.20669387564930000000000000000000
1432.00000000	925.05857945473580000000000000000000
1434.00000000	921.92352361896250000000000000000000
1436.00000000	918.80146409618750000000000000000000
1438.00000000	915.69233896898200000000000000000000
1440.00000000	912.59608667184830000000000000000000
1442.00000000	909.51264598857600000000000000000000
1444.00000000	906.44195604913280000000000000000000
1446.00000000	903.38395632707050000000000000000000
1448.00000000	900.33858663676540000000000000000000
1450.00000000	897.30578713069600000000000000000000
1452.00000000	894.28549829677840000000000000000000
1454.00000000	891.27766095580560000000000000000000
1456.00000000	888.28221625869960000000000000000000
1458.00000000	885.29910568410560000000000000000000
1460.00000000	882.32827103573890000000000000000000
1462.00000000	879.36965443992900000000000000000000
1464.00000000	876.42319834321950000000000000000000
1466.00000000	873.48884550982320000000000000000000
1468.00000000	870.56653901919220000000000000000000
1470.00000000	867.65622226369950000000000000000000
1472.00000000	864.75783894628910000000000000000000
1474.00000000	861.87133307825350000000000000000000
1476.00000000	858.99664897656040000000000000000000
1478.00000000	856.13373126206060000000000000000000
1480.00000000	853.28252485693220000000000000000000
1482.00000000	850.44297498253330000000000000000000
1484.00000000	847.61502715725190000000000000000000
1486.00000000	844.79862719436470000000000000000000
1488.00000000	841.99372119973780000000000000000000
1490.00000000	839.20025556998260000000000000000000
1492.00000000	836.41817699005470000000000000000000
1494.00000000	833.64743243141450000000000000000000
1496.00000000	830.88796914995270000000000000000000
1498.00000000	828.13973468382680000000000000000000
1500.00000000	825.40267685158070000000000000000000
1502.00000000	822.67674375021270000000000000000000
1504.00000000	819.96188375308620000000000000000000
1506.00000000	817.25804550811520000000000000000000
1508.00000000	814.56517793580860000000000000000000
1510.00000000	811.88323022734140000000000000000000
1512.00000000	809.21215184276980000000000000000000
1514.00000000	806.55189250910710000000000000000000
1516.00000000	803.90240221858680000000000000000000
1518.00000000	801.26363122671200000000000000000000
1520.00000000	798.63553005058400000000000000000000
1522.00000000	796.01804946713700000000000000000000
1524.00000000	793.41114051126360000000000000000000
1526.00000000	790.81475447425560000000000000000000
1528.00000000	788.22884290190170000000000000000000
1530.00000000	785.65335759299340000000000000000000
1532.00000000	783.08825059745520000000000000000000
1534.00000000	780.53347421478490000000000000000000
1536.00000000	777.98898099242650000000000000000000
1538.00000000	775.45472372407550000000000000000000
1540.00000000	772.93065544810190000000000000000000
1542.00000000	770.41672944594820000000000000000000
1544.00000000	767.91289924051190000000000000000000
1546.00000000	765.41911859478910000000000000000000
1548.00000000	762.93534150991510000000000000000000
1550.00000000	760.44214111551360000000000000000000
1552.00000000	757.82123739134680000000000000000000
1554.00000000	755.20677258466960000000000000000000
1556.00000000	752.59875046598590000000000000000000
1558.00000000	749.99717471243220000000000000000000
1560.00000000	747.40204890606620000000000000000000
1562.00000000	744.81337653281630000000000000000000
1564.00000000	742.23116098099330000000000000000000
1566.00000000	739.65540553992990000000000000000000
1568.00000000	737.08611339903170000000000000000000
1570.00000000	734.52328764617040000000000000000000
1572.00000000	731.96693126684020000000000000000000
1574.00000000	729.41704714286850000000000000000000
1576.00000000	726.87363805127610000000000000000000
1578.00000000	724.33670666333050000000000000000000
1580.00000000	721.80625554345980000000000000000000
1582.00000000	719.28228714821770000000000000000000
1584.00000000	716.76480382535730000000000000000000
1586.00000000	714.25380781290190000000000000000000
1588.00000000	711.74930123826550000000000000000000
1590.00000000	709.25128611735240000000000000000000
1592.00000000	706.75976435378120000000000000000000
1594.00000000	704.27473773803630000000000000000000
1596.00000000	701.79620794670230000000000000000000
1598.00000000	699.32417654173620000000000000000000
1600.00000000	696.85864496985610000000000000000000
1602.00000000	694.39961456176300000000000000000000
1604.00000000	691.94708653151760000000000000000000
1606.00000000	689.50106197593940000000000000000000
1608.00000000	687.06154187405390000000000000000000
1610.00000000	684.62852708654520000000000000000000
1612.00000000	682.20201835515220000000000000000000
1614.00000000	679.78201630238900000000000000000000
1616.00000000	677.36852143072900000000000000000000
1618.00000000	674.96153412249610000000000000000000
1620.00000000	672.56105463931740000000000000000000
1622.00000000	670.16708312176840000000000000000000
1624.00000000	667.77961958901730000000000000000000
1626.00000000	665.39866393847380000000000000000000
1628.00000000	663.02421594550130000000000000000000
1630.00000000	660.65627526318560000000000000000000
1632.00000000	658.29484142208650000000000000000000
1634.00000000	655.93991382988920000000000000000000
1636.00000000	653.59149177138410000000000000000000
1638.00000000	651.24957440816370000000000000000000
1640.00000000	648.91416077855600000000000000000000
1642.00000000	646.58524979744720000000000000000000
1644.00000000	644.26284025631170000000000000000000
1646.00000000	641.94693082280490000000000000000000
1648.00000000	639.63752004111700000000000000000000
1650.00000000	637.33460633164190000000000000000000
1652.00000000	635.03818799117130000000000000000000
1654.00000000	632.74826319268320000000000000000000
1656.00000000	630.46482998571400000000000000000000
1658.00000000	628.18788629598120000000000000000000
1660.00000000	625.91742992582390000000000000000000
1662.00000000	623.65345855412300000000000000000000
1664.00000000	621.39596973643370000000000000000000
1666.00000000	619.14496090516760000000000000000000
1668.00000000	616.90042936971380000000000000000000
1670.00000000	614.66237231667100000000000000000000
1672.00000000	612.43078680995000000000000000000000
1674.00000000	610.20566979095970000000000000000000
1676.00000000	607.98701807911850000000000000000000
1678.00000000	605.77482837171810000000000000000000
1680.00000000	603.56909724443690000000000000000000
1682.00000000	601.36982115160110000000000000000000
1684.00000000	599.17699642630400000000000000000000
1686.00000000	596.99061928105660000000000000000000
1688.00000000	594.81068580783350000000000000000000
1690.00000000	592.63719197845520000000000000000000
1692.00000000	590.47013364515500000000000000000000
1694.00000000	588.30950654078310000000000000000000
1696.00000000	586.15530627917550000000000000000000
1698.00000000	584.00752835572530000000000000000000
1700.00000000	581.86616814777930000000000000000000
1702.00000000	579.73122091483050000000000000000000
1704.00000000	577.60268179937450000000000000000000
1706.00000000	575.48054582706070000000000000000000
1708.00000000	573.36480790734580000000000000000000
1710.00000000	571.25546283386710000000000000000000
1712.00000000	569.15250528516200000000000000000000
1714.00000000	567.05592982479910000000000000000000
1716.00000000	564.96573090249250000000000000000000
1718.00000000	562.88190285397100000000000000000000
1720.00000000	560.80443990211290000000000000000000
1722.00000000	558.73333615720620000000000000000000
1724.00000000	556.66858561758560000000000000000000
1726.00000000	554.61018217033870000000000000000000
1728.00000000	552.55811959174420000000000000000000
1730.00000000	550.51239154785340000000000000000000
1732.00000000	548.47299159546740000000000000000000
1734.00000000	546.43991318229640000000000000000000
1736.00000000	544.41314964795720000000000000000000
1738.00000000	542.39269422443910000000000000000000
1740.00000000	540.37854003681040000000000000000000
1742.00000000	538.37068010392670000000000000000000
1744.00000000	536.36910733906830000000000000000000
1746.00000000	534.37381455068180000000000000000000
1748.00000000	532.38479444295490000000000000000000
1750.00000000	530.40203961670930000000000000000000
1752.00000000	528.42554256993650000000000000000000
1754.00000000	526.45529569861060000000000000000000
1756.00000000	524.49129129735620000000000000000000
1758.00000000	522.53352156023580000000000000000000
1760.00000000	520.58197858155570000000000000000000
1762.00000000	518.63665435635160000000000000000000
1764.00000000	516.69754078153290000000000000000000
1766.00000000	514.76462965626550000000000000000000
1768.00000000	512.83791268290110000000000000000000
1770.00000000	510.91738146788515000000000000000000
1772.00000000	509.19475782341170000000000000000000
1774.00000000	507.73162928874730000000000000000000
1776.00000000	506.27142377546320000000000000000000
1778.00000000	504.81413838319946000000000000000000
1780.00000000	503.35977023248296000000000000000000
1782.00000000	501.90831646406235000000000000000000
1784.00000000	500.45977423868740000000000000000000
1786.00000000	499.01414073645330000000000000000000
1788.00000000	497.57141315648310000000000000000000
1790.00000000	496.13158871646397000000000000000000
1792.00000000	494.69466465208257000000000000000000
1794.00000000	493.26063821670250000000000000000000
1796.00000000	491.82950668095674000000000000000000
1798.00000000	490.40126733207780000000000000000000
1800.00000000	488.97591747378670000000000000000000
1802.00000000	487.55345442575980000000000000000000
1804.00000000	486.13387552300486000000000000000000
1806.00000000	484.71717811575790000000000000000000
1808.00000000	483.30335956891990000000000000000000
1810.00000000	481.89241726156680000000000000000000
1812.00000000	480.48434858679866000000000000000000
1814.00000000	479.07915095103370000000000000000000
1816.00000000	477.67682177387496000000000000000000
1818.00000000	476.27735848765660000000000000000000
1820.00000000	474.88075853688950000000000000000000
1822.00000000	473.48701937815560000000000000000000
1824.00000000	472.09613847948880000000000000000000
1826.00000000	470.70811332025903000000000000000000
1828.00000000	469.32294139049620000000000000000000
1830.00000000	467.94062019078785000000000000000000
1832.00000000	466.56114723182367000000000000000000
1834.00000000	465.18452003401120000000000000000000
1836.00000000	463.81073612716310000000000000000000
1838.00000000	462.43979305014000000000000000000000
1840.00000000	461.07168835063123000000000000000000
1842.00000000	459.70641958449640000000000000000000
1844.00000000	458.34398431579990000000000000000000
1846.00000000	456.98438011628080000000000000000000
1848.00000000	455.62760456502700000000000000000000
1850.00000000	454.27365524825550000000000000000000
1852.00000000	452.92252975882474000000000000000000
1854.00000000	451.57422569620300000000000000000000
1856.00000000	450.22874066582870000000000000000000
1858.00000000	448.88607227898035000000000000000000
1860.00000000	447.54621815256826000000000000000000
1862.00000000	446.20917590853960000000000000000000
1864.00000000	444.87494317396970000000000000000000
1866.00000000	443.54351758035517000000000000000000
1868.00000000	442.21489676367750000000000000000000
1870.00000000	440.88907836393696000000000000000000
1872.00000000	439.56606002497750000000000000000000
1874.00000000	438.24583939398330000000000000000000
1876.00000000	436.92841412152325000000000000000000
1878.00000000	435.61378186110180000000000000000000
1880.00000000	434.30194026886900000000000000000000
1882.00000000	432.99288700339577000000000000000000
1884.00000000	431.68661972549080000000000000000000
1886.00000000	430.38313609787815000000000000000000
1888.00000000	429.08243378488925000000000000000000
1890.00000000	427.78451045233527000000000000000000
1892.00000000	426.48936376723130000000000000000000
1894.00000000	425.19699139732990000000000000000000
1896.00000000	423.90739101135630000000000000000000
1898.00000000	422.62056027830937000000000000000000
1900.00000000	421.33649686741490000000000000000000
1902.00000000	420.05519844801870000000000000000000
1904.00000000	418.77666268914015000000000000000000
1906.00000000	417.50088725934930000000000000000000
1908.00000000	416.22786982668123000000000000000000
1910.00000000	414.95760805810886000000000000000000
1912.00000000	413.69009961959625000000000000000000
1914.00000000	412.42534217583160000000000000000000
1916.00000000	411.16333338995435000000000000000000
1918.00000000	409.90407092343170000000000000000000
1920.00000000	408.64755243579367000000000000000000
1922.00000000	407.39377558437855000000000000000000
1924.00000000	406.14273802445655000000000000000000
1926.00000000	404.89443740856900000000000000000000
1928.00000000	403.64887138674504000000000000000000
1930.00000000	402.40603760598390000000000000000000
1932.00000000	401.16593371041540000000000000000000
1934.00000000	399.92855734085030000000000000000000
1936.00000000	398.69390613475690000000000000000000
1938.00000000	397.46197772591640000000000000000000
1940.00000000	396.23276974452720000000000000000000
1942.00000000	395.00627981682896000000000000000000
1944.00000000	393.78250556489087000000000000000000
1946.00000000	392.56144460667880000000000000000000
1948.00000000	391.34309455570390000000000000000000
1950.00000000	390.12745302094686000000000000000000
1952.00000000	388.91451760668826000000000000000000
1954.00000000	387.70428591236550000000000000000000
1956.00000000	386.49675553238240000000000000000000
1958.00000000	385.29192405606760000000000000000000
1960.00000000	384.08978906742820000000000000000000
1962.00000000	382.89034814501895000000000000000000
1964.00000000	381.69359886191570000000000000000000
1966.00000000	380.49953878540987000000000000000000
1968.00000000	379.30816547698240000000000000000000
1970.00000000	378.11947649224766000000000000000000
1972.00000000	376.93346938063536000000000000000000
1974.00000000	375.75014168541860000000000000000000
1976.00000000	374.56949094353830000000000000000000
1978.00000000	373.39151468544776000000000000000000
1980.00000000	372.21621043510290000000000000000000
1982.00000000	371.04357570978740000000000000000000
1984.00000000	369.87360801991150000000000000000000
1986.00000000	368.70630486906560000000000000000000
1988.00000000	367.54166375379685000000000000000000
1990.00000000	366.37968216358090000000000000000000
1992.00000000	365.22035758061037000000000000000000
1994.00000000	364.06368747987517000000000000000000
1996.00000000	362.90966932887020000000000000000000
1998.00000000	361.75830058758265000000000000000000
2000.00000000	360.60957870846806000000000000000000
