100.00000000	-759.75600169252770000000000000000000
102.00000000	-672.84773482382120000000000000000000
104.00000000	-609.99531361076460000000000000000000
106.00000000	-577.26019119948560000000000000000000
108.00000000	-544.27079097486050000000000000000000
110.00000000	-511.45248413792370000000000000000000
112.00000000	-479.12780085938005000000000000000000
114.00000000	-453.42893668052070000000000000000000
116.00000000	-432.11583957088850000000000000000000
118.00000000	-412.01515724731760000000000000000000
120.00000000	-392.97762910644030000000000000000000
122.00000000	-374.98698252549760000000000000000000
124.00000000	-357.84130803935324000000000000000000
126.00000000	-328.53211144857010000000000000000000
128.00000000	-301.63458245899280000000000000000000
130.00000000	-276.90308582005673000000000000000000
132.00000000	-254.12096329405483000000000000000000
134.00000000	-233.09724317216498000000000000000000
136.00000000	-213.66362719397742000000000000000000
138.00000000	-196.42191831664678000000000000000000
140.00000000	-185.56679110228710000000000000000000
142.00000000	-175.39211552110370000000000000000000
144.00000000	-165.84816307109585000000000000000000
146.00000000	-156.89080268915520000000000000000000
148.00000000	-148.48082883594918000000000000000000
150.00000000	-140.58336985537660000000000000000000
152.00000000	-133.16736642006353000000000000000000
154.00000000	-126.20511083958498000000000000000000
156.00000000	-120.70740242038805000000000000000000
158.00000000	-116.51073810149394000000000000000000
160.00000000	-112.54323550531817000000000000000000
162.00000000	-108.81842193286634000000000000000000
164.00000000	-105.32968379488360000000000000000000
166.00000000	-102.07087384882743000000000000000000
168.00000000	-99.03620259129166000000000000000000
170.00000000	-96.22013173716722000000000000000000
172.00000000	-93.61726838010523000000000000000000
174.00000000	-91.22225846510396000000000000000000
176.00000000	-89.02967821028007000000000000000000
178.00000000	-92.19049231668609000000000000000000
180.00000000	-101.61582833709606000000000000000000
182.00000000	-110.67604659854044000000000000000000
184.00000000	-111.72632202092116000000000000000000
186.00000000	-111.46799272334086000000000000000000
188.00000000	-112.86718023942092000000000000000000
190.00000000	-131.65571454308390000000000000000000
192.00000000	-149.58427671007718000000000000000000
194.00000000	-166.03897496317478000000000000000000
196.00000000	-177.85690636961073000000000000000000
198.00000000	-189.16179841277600000000000000000000
200.00000000	-199.77098474958663000000000000000000
202.00000000	-197.83016921117690000000000000000000
204.00000000	-196.03307115918747000000000000000000
206.00000000	-194.34268853344724000000000000000000
208.00000000	-202.49364971290510000000000000000000
210.00000000	-214.57987987130767000000000000000000
212.00000000	-225.93434404285240000000000000000000
214.00000000	-237.64355187278960000000000000000000
216.00000000	-256.42889355556760000000000000000000
218.00000000	-273.98036567199597000000000000000000
220.00000000	-290.26123217866353000000000000000000
222.00000000	-302.65924538647060000000000000000000
224.00000000	-308.02904107362485000000000000000000
226.00000000	-312.29422288222986000000000000000000
228.00000000	-315.34546820433667000000000000000000
230.00000000	-316.02572533603905000000000000000000
232.00000000	-311.29190094199186000000000000000000
234.00000000	-305.03091275815130000000000000000000
236.00000000	-296.99310349604570000000000000000000
238.00000000	-286.82187346865203000000000000000000
240.00000000	-273.72711291403925000000000000000000
242.00000000	-256.89024217916560000000000000000000
244.00000000	-234.89460824373018000000000000000000
246.00000000	-205.33720246757198000000000000000000
248.00000000	-164.03573770834308000000000000000000
250.00000000	-90.09476984321232000000000000000000
252.00000000	7.97290090292782600000000000000000
254.00000000	131.57503161616114000000000000000000
256.00000000	268.23255918796400000000000000000000
258.00000000	394.81125640896020000000000000000000
260.00000000	498.21731143258570000000000000000000
262.00000000	577.96423692878900000000000000000000
264.00000000	643.41551953434350000000000000000000
266.00000000	704.65858865309220000000000000000000
268.00000000	768.80489919486100000000000000000000
270.00000000	844.82675165653200000000000000000000
272.00000000	945.15924204201760000000000000000000
274.00000000	1052.23696434345770000000000000000000
276.00000000	1162.97523678615650000000000000000000
278.00000000	1273.71618802139620000000000000000000
280.00000000	1381.26062174968960000000000000000000
282.00000000	1483.14647054322770000000000000000000
284.00000000	1576.02279988041350000000000000000000
286.00000000	1661.64054293178330000000000000000000
288.00000000	1740.33747928539290000000000000000000
290.00000000	1812.69579664583060000000000000000000
292.00000000	1879.37547508371600000000000000000000
294.00000000	1941.02663378126160000000000000000000
296.00000000	2003.04400849616720000000000000000000
298.00000000	2068.20745381802950000000000000000000
300.00000000	2129.79158795822330000000000000000000
302.00000000	2188.06631445018770000000000000000000
304.00000000	2243.28241837835000000000000000000000
306.00000000	2295.66902724180400000000000000000000
308.00000000	2345.44944213934830000000000000000000
310.00000000	2392.97390828553260000000000000000000
312.00000000	2444.03810753487960000000000000000000
314.00000000	2492.59743406000700000000000000000000
316.00000000	2538.80561374291400000000000000000000
318.00000000	2582.81142404055600000000000000000000
320.00000000	2624.75684724671150000000000000000000
322.00000000	2664.77562324000970000000000000000000
324.00000000	2702.98569278556440000000000000000000
326.00000000	2739.51376169148200000000000000000000
328.00000000	2770.36320829536000000000000000000000
330.00000000	2799.13950614086660000000000000000000
332.00000000	2826.55404615798670000000000000000000
334.00000000	2852.68331322563700000000000000000000
336.00000000	2877.59183050254300000000000000000000
338.00000000	2901.32388226805870000000000000000000
340.00000000	2923.93763049157860000000000000000000
342.00000000	2945.45577846033800000000000000000000
344.00000000	2965.89887268639500000000000000000000
346.00000000	2985.10472225110930000000000000000000
348.00000000	3003.18533899371700000000000000000000
350.00000000	3020.16941217074550000000000000000000
352.00000000	3036.07124252835460000000000000000000
354.00000000	3050.87380883030400000000000000000000
356.00000000	3064.57144949591000000000000000000000
358.00000000	3077.16562260772400000000000000000000
360.00000000	3088.66091866797500000000000000000000
362.00000000	3099.11806228077900000000000000000000
364.00000000	3108.60075105417040000000000000000000
366.00000000	3123.69427645220730000000000000000000
368.00000000	3141.02177023842930000000000000000000
370.00000000	3157.72078025862630000000000000000000
372.00000000	3174.19160378300200000000000000000000
374.00000000	3190.90693214385700000000000000000000
376.00000000	3208.45266275753600000000000000000000
378.00000000	3227.49164288035350000000000000000000
380.00000000	3248.70235438501550000000000000000000
382.00000000	3272.75182272695970000000000000000000
384.00000000	3300.13625085072600000000000000000000
386.00000000	3331.14078903494200000000000000000000
388.00000000	3365.90636121597160000000000000000000
390.00000000	3404.51174862221500000000000000000000
392.00000000	3446.15610556688300000000000000000000
394.00000000	3490.13248669028000000000000000000000
396.00000000	3535.66860880300060000000000000000000
398.00000000	3582.02753746861900000000000000000000
400.00000000	3628.63747754028830000000000000000000
402.00000000	3675.08655856305450000000000000000000
404.00000000	3721.18796377627040000000000000000000
406.00000000	3766.96643720471300000000000000000000
408.00000000	3812.63457573480130000000000000000000
410.00000000	3858.55448793091200000000000000000000
412.00000000	3905.18958019890400000000000000000000
414.00000000	3954.82775718495440000000000000000000
416.00000000	4009.41197994002730000000000000000000
418.00000000	4066.44167273480250000000000000000000
420.00000000	4126.30391326556700000000000000000000
422.00000000	4189.28602724919900000000000000000000
424.00000000	4255.56328610131300000000000000000000
426.00000000	4325.21149113361700000000000000000000
428.00000000	4398.22927905498100000000000000000000
430.00000000	4474.56327925691100000000000000000000
432.00000000	4554.13041733418000000000000000000000
434.00000000	4636.84406042552200000000000000000000
436.00000000	4722.58407266525200000000000000000000
438.00000000	4811.26005765842900000000000000000000
440.00000000	4902.77258349432400000000000000000000
442.00000000	4997.02189604361300000000000000000000
444.00000000	5081.06166293733300000000000000000000
446.00000000	5159.13643205713000000000000000000000
448.00000000	5239.26347809171000000000000000000000
450.00000000	5321.21827121987900000000000000000000
452.00000000	5404.76835091074300000000000000000000
454.00000000	5489.68705404626700000000000000000000
456.00000000	5575.75478653229400000000000000000000
458.00000000	5662.77509388755500000000000000000000
460.00000000	5750.51491568971600000000000000000000
462.00000000	5838.79530157851900000000000000000000
464.00000000	5927.43145106019300000000000000000000
466.00000000	6016.24765952380100000000000000000000
468.00000000	6105.07714788251450000000000000000000
470.00000000	6193.78029225668800000000000000000000
472.00000000	6282.17043296945100000000000000000000
474.00000000	6370.12420253512700000000000000000000
476.00000000	6457.50748797757000000000000000000000
478.00000000	6550.20649420699200000000000000000000
480.00000000	6646.36602302945900000000000000000000
482.00000000	6741.39180388511400000000000000000000
484.00000000	6835.13653390922700000000000000000000
486.00000000	6927.48294682429100000000000000000000
488.00000000	7018.25536280095400000000000000000000
490.00000000	7107.35199773021200000000000000000000
492.00000000	7194.65643383245600000000000000000000
494.00000000	7280.05958201277300000000000000000000
496.00000000	7363.45955614759900000000000000000000
498.00000000	7444.76155795597100000000000000000000
500.00000000	7523.87776953363200000000000000000000
502.00000000	7600.72725077739400000000000000000000
504.00000000	7675.23583913705400000000000000000000
506.00000000	7747.35989415627300000000000000000000
508.00000000	7816.99040814919800000000000000000000
510.00000000	7884.09716620155200000000000000000000
512.00000000	7948.63208570208500000000000000000000
514.00000000	8010.55332379375600000000000000000000
516.00000000	8069.82515201977500000000000000000000
518.00000000	8124.35119566063100000000000000000000
520.00000000	8175.43288727934850000000000000000000
522.00000000	8223.92571901369400000000000000000000
524.00000000	8269.82094791409700000000000000000000
526.00000000	8313.11463708165900000000000000000000
528.00000000	8353.80748426643200000000000000000000
530.00000000	8391.90464499785800000000000000000000
532.00000000	8427.41555067164200000000000000000000
534.00000000	8460.35372210369100000000000000000000
536.00000000	8490.75544042470200000000000000000000
538.00000000	8518.60331755764900000000000000000000
540.00000000	8543.94163141646500000000000000000000
542.00000000	8566.79832821089300000000000000000000
544.00000000	8587.20446531348200000000000000000000
546.00000000	8605.19401129527400000000000000000000
548.00000000	8620.80364621349700000000000000000000
550.00000000	8634.07256286502900000000000000000000
552.00000000	8645.04226969861500000000000000000000
554.00000000	8653.75639605189100000000000000000000
556.00000000	8660.26050034590500000000000000000000
558.00000000	8664.60188183160800000000000000000000
560.00000000	8666.82939644142600000000000000000000
562.00000000	8666.99327725375200000000000000000000
564.00000000	8655.70318755032300000000000000000000
566.00000000	8610.89601752292400000000000000000000
568.00000000	8565.08555243948100000000000000000000
570.00000000	8518.34508601401800000000000000000000
572.00000000	8470.74546186501200000000000000000000
574.00000000	8422.35506196540500000000000000000000
576.00000000	8373.24339116643200000000000000000000
578.00000000	8323.46590753032600000000000000000000
580.00000000	8273.08808675166300000000000000000000
582.00000000	8222.16854175696400000000000000000000
584.00000000	8170.76350253144400000000000000000000
586.00000000	8118.92685265896400000000000000000000
588.00000000	8066.71017090031550000000000000000000
590.00000000	8014.16277711516100000000000000000000
592.00000000	7961.33178188704100000000000000000000
594.00000000	7908.26213926363000000000000000000000
596.00000000	7854.99670207392000000000000000000000
598.00000000	7801.57627933226800000000000000000000
600.00000000	7748.03969528414600000000000000000000
602.00000000	7694.42384969132400000000000000000000
604.00000000	7640.76377899474600000000000000000000
606.00000000	7587.09271803120650000000000000000000
608.00000000	7533.44216201552700000000000000000000
610.00000000	7479.84192853367950000000000000000000
612.00000000	7426.32021932328600000000000000000000
614.00000000	7372.90368164720350000000000000000000
616.00000000	7319.61746909338700000000000000000000
618.00000000	7266.48530165971400000000000000000000
620.00000000	7213.59304047994300000000000000000000
622.00000000	7162.16481270310100000000000000000000
624.00000000	7111.06170706991400000000000000000000
626.00000000	7060.29382987309700000000000000000000
628.00000000	7009.87056531774000000000000000000000
630.00000000	6959.80061512300300000000000000000000
632.00000000	6910.09203706926300000000000000000000
634.00000000	6860.75228257982900000000000000000000
636.00000000	6811.78823343804200000000000000000000
638.00000000	6763.20623775669000000000000000000000
640.00000000	6715.01214533388900000000000000000000
642.00000000	6667.19732385991100000000000000000000
644.00000000	6619.79459334644900000000000000000000
646.00000000	6572.79468348266700000000000000000000
648.00000000	6526.20179778406800000000000000000000
650.00000000	6480.01981557433700000000000000000000
652.00000000	6434.25232813592400000000000000000000
654.00000000	6388.90267621011600000000000000000000
656.00000000	6343.97398942735800000000000000000000
658.00000000	6299.46922840158600000000000000000000
660.00000000	6255.39123042750000000000000000000000
662.00000000	6211.74275999784400000000000000000000
664.00000000	6168.52656574062300000000000000000000
666.00000000	6125.74544590891300000000000000000000
668.00000000	6083.40232531107200000000000000000000
670.00000000	6041.50034765568800000000000000000000
672.00000000	6000.04298888006100000000000000000000
674.00000000	5959.03419941869700000000000000000000
676.00000000	5918.47858702923900000000000000000000
678.00000000	5878.38165755446800000000000000000000
680.00000000	5838.75014034003000000000000000000000
682.00000000	5799.59244069594400000000000000000000
684.00000000	5760.91928913055400000000000000000000
686.00000000	5722.74470704401600000000000000000000
688.00000000	5685.08750501282600000000000000000000
690.00000000	5649.18961377995700000000000000000000
692.00000000	5614.60858264677150000000000000000000
694.00000000	5580.61984201287100000000000000000000
696.00000000	5547.31850192303100000000000000000000
698.00000000	5514.87868957780200000000000000000000
700.00000000	5483.69225845623300000000000000000000
702.00000000	5455.21430462346500000000000000000000
704.00000000	5421.20372077366400000000000000000000
706.00000000	5381.35794653477300000000000000000000
708.00000000	5343.17110036897100000000000000000000
710.00000000	5305.88006398190500000000000000000000
712.00000000	5269.24944158897900000000000000000000
714.00000000	5233.16905878419400000000000000000000
716.00000000	5197.57649878227300000000000000000000
718.00000000	5162.43206640890600000000000000000000
720.00000000	5127.70842356819300000000000000000000
722.00000000	5093.38559116587700000000000000000000
724.00000000	5059.44827170297300000000000000000000
726.00000000	5025.88429970893800000000000000000000
728.00000000	4992.68369001358500000000000000000000
730.00000000	4959.83802500840300000000000000000000
732.00000000	4927.34004477969700000000000000000000
734.00000000	4895.18336414355400000000000000000000
736.00000000	4863.36227205105900000000000000000000
738.00000000	4831.87158616016700000000000000000000
740.00000000	4800.70654536417800000000000000000000
742.00000000	4769.86272905284500000000000000000000
744.00000000	4739.33599559095900000000000000000000
746.00000000	4709.12243486466650000000000000000000
748.00000000	4679.21833129269800000000000000000000
750.00000000	4649.62013473686500000000000000000000
752.00000000	4620.32443745308700000000000000000000
754.00000000	4591.32795571823500000000000000000000
756.00000000	4562.62751511598200000000000000000000
758.00000000	4534.22003871679900000000000000000000
760.00000000	4506.10253756894300000000000000000000
762.00000000	4478.25214256610600000000000000000000
764.00000000	4450.70599818769900000000000000000000
766.00000000	4423.44132222013200000000000000000000
768.00000000	4396.45541498732750000000000000000000
770.00000000	4369.74563900788600000000000000000000
772.00000000	4343.30941805248900000000000000000000
774.00000000	4317.14423360617400000000000000000000
776.00000000	4292.23082846689800000000000000000000
778.00000000	4268.32243012292600000000000000000000
780.00000000	4244.64528545981200000000000000000000
782.00000000	4221.19774319703100000000000000000000
784.00000000	4197.97819920409800000000000000000000
786.00000000	4174.98509785185200000000000000000000
788.00000000	4152.21693375523100000000000000000000
790.00000000	4129.67225391692900000000000000000000
792.00000000	4107.34966028919300000000000000000000
794.00000000	4085.24781278139970000000000000000000
796.00000000	4063.36543275105940000000000000000000
798.00000000	4041.70130702733900000000000000000000
800.00000000	4020.25429252891350000000000000000000
802.00000000	3999.02332155318440000000000000000000
804.00000000	3978.00740783187400000000000000000000
806.00000000	3957.20565346859030000000000000000000
808.00000000	3936.61725690053900000000000000000000
810.00000000	3916.24152205798150000000000000000000
812.00000000	3896.07786893436400000000000000000000
814.00000000	3876.12584582959430000000000000000000
816.00000000	3856.38514359117700000000000000000000
818.00000000	3836.85561225716950000000000000000000
820.00000000	3817.53728060757700000000000000000000
822.00000000	3798.43037926328220000000000000000000
824.00000000	3779.53536814573450000000000000000000
826.00000000	3760.85296934214330000000000000000000
828.00000000	3742.38420672982830000000000000000000
830.00000000	3724.13045413443750000000000000000000
832.00000000	3706.09349437431370000000000000000000
834.00000000	3688.27559235016040000000000000000000
836.00000000	3670.67958648128020000000000000000000
838.00000000	3653.30900443769130000000000000000000
840.00000000	3636.16821153673000000000000000000000
842.00000000	3619.26260380522300000000000000000000
844.00000000	3602.59886328651800000000000000000000
846.00000000	3586.18530197385050000000000000000000
848.00000000	3570.03233506238500000000000000000000
850.00000000	3554.15314829766160000000000000000000
852.00000000	3538.56466638918200000000000000000000
854.00000000	3523.28900691190800000000000000000000
856.00000000	3508.35575448125750000000000000000000
858.00000000	3493.80570237292400000000000000000000
860.00000000	3479.69741488743600000000000000000000
862.00000000	3466.11974263416550000000000000000000
864.00000000	3453.21860696545170000000000000000000
866.00000000	3441.26500695181860000000000000000000
868.00000000	3430.88566840333670000000000000000000
870.00000000	3424.64228927824500000000000000000000
872.00000000	3400.18717886917900000000000000000000
874.00000000	3372.52216749710670000000000000000000
876.00000000	3347.86382495329960000000000000000000
878.00000000	3324.65116811048200000000000000000000
880.00000000	3302.36995236332000000000000000000000
882.00000000	3280.77353269104420000000000000000000
884.00000000	3259.72065566661900000000000000000000
886.00000000	3238.71666873335470000000000000000000
888.00000000	3216.64788730582270000000000000000000
890.00000000	3194.96929182346400000000000000000000
892.00000000	3173.64556777616740000000000000000000
894.00000000	3152.64906818490700000000000000000000
896.00000000	3131.95756346019430000000000000000000
898.00000000	3111.55277782063380000000000000000000
900.00000000	3091.41940013049800000000000000000000
902.00000000	3071.54439364976700000000000000000000
904.00000000	3051.91650112966200000000000000000000
906.00000000	3032.52588160675760000000000000000000
908.00000000	3013.36383839790300000000000000000000
910.00000000	2994.42261174438140000000000000000000
912.00000000	2975.69521823507330000000000000000000
914.00000000	2957.17532469924300000000000000000000
916.00000000	2938.85714791542900000000000000000000
918.00000000	2920.73537393998640000000000000000000
920.00000000	2902.80509254273060000000000000000000
922.00000000	2885.06174341762300000000000000000000
924.00000000	2867.50107166944100000000000000000000
926.00000000	2850.11909068394700000000000000000000
928.00000000	2832.91205092741070000000000000000000
930.00000000	2815.87641354987770000000000000000000
932.00000000	2799.00882791000200000000000000000000
934.00000000	2782.30611232553250000000000000000000
936.00000000	2765.76523749446460000000000000000000
938.00000000	2749.38331214211580000000000000000000
940.00000000	2733.15757053401880000000000000000000
942.00000000	2717.08536156166970000000000000000000
944.00000000	2701.16413916145580000000000000000000
946.00000000	2685.39145386887500000000000000000000
948.00000000	2669.76494534397440000000000000000000
950.00000000	2654.28233573197100000000000000000000
952.00000000	2638.94142374415100000000000000000000
954.00000000	2623.74007936339150000000000000000000
956.00000000	2608.67623909222450000000000000000000
958.00000000	2593.74790167568300000000000000000000
960.00000000	2578.95312423880800000000000000000000
962.00000000	2564.29001878945400000000000000000000
964.00000000	2549.75674904225160000000000000000000
966.00000000	2535.35152752777100000000000000000000
968.00000000	2521.07261295338140000000000000000000
970.00000000	2506.91830778853230000000000000000000
972.00000000	2492.88695605030600000000000000000000
974.00000000	2478.97694126734630000000000000000000
976.00000000	2465.18668460442450000000000000000000
978.00000000	2451.51464313055700000000000000000000
980.00000000	2437.95930821691450000000000000000000
982.00000000	2424.51920405159300000000000000000000
984.00000000	2411.19288626009070000000000000000000
986.00000000	2397.97894062146770000000000000000000
988.00000000	2384.87598187179860000000000000000000
990.00000000	2371.88265258637300000000000000000000
992.00000000	2358.99762213436040000000000000000000
994.00000000	2346.21958569905750000000000000000000
996.00000000	2333.54726335854800000000000000000000
998.00000000	2320.97939922172650000000000000000000
1000.00000000	2308.51476061442900000000000000000000
1002.00000000	2296.15213731303300000000000000000000
1004.00000000	2283.89034082004000000000000000000000
1006.00000000	2271.72820368015160000000000000000000
1008.00000000	2259.66457883200100000000000000000000
1010.00000000	2247.69833899460200000000000000000000
1012.00000000	2235.82837608433970000000000000000000
1014.00000000	2224.05360066174630000000000000000000
1016.00000000	2212.37294140469900000000000000000000
1018.00000000	2200.78534460727800000000000000000000
1020.00000000	2189.28977370149370000000000000000000
1022.00000000	2177.88520880155560000000000000000000
1024.00000000	2166.57064626774500000000000000000000
1026.00000000	2155.34509828994030000000000000000000
1028.00000000	2144.20759248903230000000000000000000
1030.00000000	2133.15717153451200000000000000000000
1032.00000000	2122.19289277845840000000000000000000
1034.00000000	2111.24644293113620000000000000000000
1036.00000000	2100.32351857223560000000000000000000
1038.00000000	2089.48333944537350000000000000000000
1040.00000000	2078.72504969616880000000000000000000
1042.00000000	2068.04780602509940000000000000000000
1044.00000000	2057.45077739659150000000000000000000
1046.00000000	2046.93314475835770000000000000000000
1048.00000000	2036.49410077191500000000000000000000
1050.00000000	2026.13284955241330000000000000000000
1052.00000000	2015.84860641814800000000000000000000
1054.00000000	2005.64059764895980000000000000000000
1056.00000000	1995.50806025268000000000000000000000
1058.00000000	1985.45024173999200000000000000000000
1060.00000000	1975.46639990672180000000000000000000
1062.00000000	1965.55580262311380000000000000000000
1064.00000000	1955.71772763024730000000000000000000
1066.00000000	1945.95146234283330000000000000000000
1068.00000000	1936.25630365833330000000000000000000
1070.00000000	1926.63155777182400000000000000000000
1072.00000000	1917.07653999659280000000000000000000
1074.00000000	1907.59057459042380000000000000000000
1076.00000000	1898.17299458638510000000000000000000
1078.00000000	1888.82314162920260000000000000000000
1080.00000000	1879.54036581617790000000000000000000
1082.00000000	1870.32402554211600000000000000000000
1084.00000000	1861.17348734945200000000000000000000
1086.00000000	1852.08812578192200000000000000000000
1088.00000000	1843.06732324211250000000000000000000
1090.00000000	1834.11046985359420000000000000000000
1092.00000000	1825.21696332569670000000000000000000
1094.00000000	1816.38620882263740000000000000000000
1096.00000000	1807.61761883553000000000000000000000
1098.00000000	1798.91061305797600000000000000000000
1100.00000000	1790.26461826466300000000000000000000
1102.00000000	1781.67906819273280000000000000000000
1104.00000000	1773.15340342664580000000000000000000
1106.00000000	1764.68707128520240000000000000000000
1108.00000000	1756.27952571173390000000000000000000
1110.00000000	1747.93022716668500000000000000000000
1112.00000000	1739.63864252277270000000000000000000
1114.00000000	1731.40424496244210000000000000000000
1116.00000000	1723.22651387805400000000000000000000
1118.00000000	1715.10493477382490000000000000000000
1120.00000000	1707.03899917035570000000000000000000
1122.00000000	1699.02820451112710000000000000000000
1124.00000000	1691.07205407099260000000000000000000
1126.00000000	1683.17005686690160000000000000000000
1128.00000000	1675.32172757025550000000000000000000
1130.00000000	1667.52658642124100000000000000000000
1132.00000000	1659.78415914512810000000000000000000
1134.00000000	1652.09397687004250000000000000000000
1136.00000000	1644.45557604675080000000000000000000
1138.00000000	1636.86849836974000000000000000000000
1140.00000000	1629.33229070024820000000000000000000
1142.00000000	1621.84650499071270000000000000000000
1144.00000000	1614.41069821048310000000000000000000
1146.00000000	1607.02443227360910000000000000000000
1148.00000000	1599.68727396730240000000000000000000
1150.00000000	1592.39879488250090000000000000000000
1152.00000000	1585.15857134518460000000000000000000
1154.00000000	1577.96618434941550000000000000000000
1156.00000000	1570.82121949151660000000000000000000
1158.00000000	1563.72326690540630000000000000000000
1160.00000000	1556.67192119926060000000000000000000
1162.00000000	1549.66678139336840000000000000000000
1164.00000000	1542.70745085907040000000000000000000
1166.00000000	1535.79353725879800000000000000000000
1168.00000000	1528.92465248726130000000000000000000
1170.00000000	1522.10041261368090000000000000000000
1172.00000000	1515.32043782507550000000000000000000
1174.00000000	1508.58435237051190000000000000000000
1176.00000000	1501.89178450643040000000000000000000
1178.00000000	1495.24236644281220000000000000000000
1180.00000000	1488.63573429038640000000000000000000
1182.00000000	1482.07152800869100000000000000000000
1184.00000000	1475.54939135512220000000000000000000
1186.00000000	1469.06897183472620000000000000000000
1188.00000000	1462.62992065101600000000000000000000
1190.00000000	1456.23189265731550000000000000000000
1192.00000000	1449.87454630941300000000000000000000
1194.00000000	1443.55754361855040000000000000000000
1196.00000000	1437.28055010532200000000000000000000
1198.00000000	1431.04323475460140000000000000000000
1200.00000000	1424.84526997070270000000000000000000
1202.00000000	1418.68633153385990000000000000000000
1204.00000000	1412.56609855692750000000000000000000
1206.00000000	1406.48425344311160000000000000000000
1208.00000000	1400.44048184403820000000000000000000
1210.00000000	1394.43447261903570000000000000000000
1212.00000000	1388.46591779439180000000000000000000
1214.00000000	1382.53451252384480000000000000000000
1216.00000000	1376.63995504935020000000000000000000
1218.00000000	1370.78194666260200000000000000000000
1220.00000000	1364.96019166709000000000000000000000
1222.00000000	1359.17439734081950000000000000000000
1224.00000000	1353.42427389954830000000000000000000
1226.00000000	1347.70953446068530000000000000000000
1228.00000000	1342.02989500750200000000000000000000
1230.00000000	1336.38507435420020000000000000000000
1232.00000000	1330.77479411139260000000000000000000
1234.00000000	1325.19877865195780000000000000000000
1236.00000000	1319.65675507767700000000000000000000
1238.00000000	1314.14845318602620000000000000000000
1240.00000000	1308.68860323554100000000000000000000
1242.00000000	1303.39490118654700000000000000000000
1244.00000000	1298.13049073106400000000000000000000
1246.00000000	1292.89516884432920000000000000000000
1248.00000000	1287.68873423359260000000000000000000
1250.00000000	1282.51098731931370000000000000000000
1252.00000000	1277.36173021655620000000000000000000
1254.00000000	1272.24076671664060000000000000000000
1256.00000000	1267.14790226881380000000000000000000
1258.00000000	1262.08294396272870000000000000000000
1260.00000000	1257.04570051062610000000000000000000
1262.00000000	1252.03598223009730000000000000000000
1264.00000000	1247.05360102711140000000000000000000
1266.00000000	1242.09837037905730000000000000000000
1268.00000000	1237.17010531825550000000000000000000
1270.00000000	1232.26862241561550000000000000000000
1272.00000000	1227.39373976437670000000000000000000
1274.00000000	1222.54527696444690000000000000000000
1276.00000000	1217.72305510659000000000000000000000
1278.00000000	1212.92689675707330000000000000000000
1280.00000000	1208.15662594234480000000000000000000
1282.00000000	1203.41206813408500000000000000000000
1284.00000000	1198.69305023437140000000000000000000
1286.00000000	1193.99940056106830000000000000000000
1288.00000000	1189.33094883331070000000000000000000
1290.00000000	1184.68752615761700000000000000000000
1292.00000000	1180.06896501334100000000000000000000
1294.00000000	1175.47509923931900000000000000000000
1296.00000000	1170.90576401989820000000000000000000
1298.00000000	1166.36079587166180000000000000000000
1300.00000000	1161.84003262993220000000000000000000
1302.00000000	1157.34331343575670000000000000000000
1304.00000000	1152.87047872304020000000000000000000
1306.00000000	1148.42137020558430000000000000000000
1308.00000000	1143.99583086454500000000000000000000
1310.00000000	1139.59370493593250000000000000000000
1312.00000000	1135.21483789841000000000000000000000
1314.00000000	1130.85907646105100000000000000000000
1316.00000000	1126.52626855140030000000000000000000
1318.00000000	1122.21626330352900000000000000000000
1320.00000000	1117.92891104652020000000000000000000
1322.00000000	1113.66406329276360000000000000000000
1324.00000000	1109.42157272664330000000000000000000
1326.00000000	1105.20129319323800000000000000000000
1328.00000000	1101.00307968719450000000000000000000
1330.00000000	1096.82678834175750000000000000000000
1332.00000000	1092.67227641794200000000000000000000
1334.00000000	1088.53940229371940000000000000000000
1336.00000000	1084.42802545356950000000000000000000
1338.00000000	1080.33800647781870000000000000000000
1340.00000000	1076.26920703259340000000000000000000
1342.00000000	1072.22148985926130000000000000000000
1344.00000000	1068.19471876457530000000000000000000
1346.00000000	1064.18875861065930000000000000000000
1348.00000000	1060.20347530509000000000000000000000
1350.00000000	1056.23873579127710000000000000000000
1352.00000000	1052.29440803856730000000000000000000
1354.00000000	1048.37036103313600000000000000000000
1356.00000000	1044.46646476831530000000000000000000
1358.00000000	1040.58259023522650000000000000000000
1360.00000000	1036.71860941382760000000000000000000
1362.00000000	1032.87439526379790000000000000000000
1364.00000000	1029.04982171533800000000000000000000
1366.00000000	1025.24476366053950000000000000000000
1368.00000000	1021.45909694456430000000000000000000
1370.00000000	1017.69269835679610000000000000000000
1372.00000000	1013.94544562253270000000000000000000
1374.00000000	1010.21721739433900000000000000000000
1376.00000000	1006.50789324360440000000000000000000
1378.00000000	1002.86939349190020000000000000000000
1380.00000000	999.42906958441520000000000000000000
1382.00000000	996.00302384190410000000000000000000
1384.00000000	992.59118852973880000000000000000000
1386.00000000	989.19349630575310000000000000000000
1388.00000000	985.80988021696300000000000000000000
1390.00000000	982.44027369606980000000000000000000
1392.00000000	979.08461055808040000000000000000000
1394.00000000	975.74282499690600000000000000000000
1396.00000000	972.41485158233090000000000000000000
1398.00000000	969.10062525639570000000000000000000
1400.00000000	965.80008133053980000000000000000000
1402.00000000	962.51315548218680000000000000000000
1404.00000000	959.23978375189840000000000000000000
1406.00000000	955.97990254009030000000000000000000
1408.00000000	952.73344860414370000000000000000000
1410.00000000	949.50035905539810000000000000000000
1412.00000000	946.28057135624210000000000000000000
1414.00000000	943.07402331714460000000000000000000
1416.00000000	939.88065309391740000000000000000000
1418.00000000	936.70039918474880000000000000000000
1420.00000000	933.53320042764630000000000000000000
1422.00000000	930.37899599751190000000000000000000
1424.00000000	927.23772540349300000000000000000000
1426.00000000	924.10932848629930000000000000000000
1428.00000000	920.99374541576530000000000000000000
1430.00000000	917.89091668787390000000000000000000
1432.00000000	914.80078312262250000000000000000000
1434.00000000	911.72328586113010000000000000000000
1436.00000000	908.65836636349120000000000000000000
1438.00000000	905.60596640601080000000000000000000
1440.00000000	902.56602807887530000000000000000000
1442.00000000	899.53849378394840000000000000000000
1444.00000000	896.52330623210980000000000000000000
1446.00000000	893.52040844109220000000000000000000
1448.00000000	890.52974373315130000000000000000000
1450.00000000	887.55125573276220000000000000000000
1452.00000000	884.58488836438280000000000000000000
1454.00000000	881.63058585029680000000000000000000
1456.00000000	878.68829270827200000000000000000000
1458.00000000	875.75795374956270000000000000000000
1460.00000000	872.83951407665040000000000000000000
1462.00000000	869.93291908117380000000000000000000
1464.00000000	867.03811444192270000000000000000000
1466.00000000	864.15504612266890000000000000000000
1468.00000000	861.28366037011440000000000000000000
1470.00000000	858.42390371194690000000000000000000
1472.00000000	855.57572295485010000000000000000000
1474.00000000	852.73906518264820000000000000000000
1476.00000000	849.91387775399000000000000000000000
1478.00000000	847.10010830090560000000000000000000
1480.00000000	844.29770472660310000000000000000000
1482.00000000	841.50661520366020000000000000000000
1484.00000000	838.72678817221970000000000000000000
1486.00000000	835.95817233817640000000000000000000
1488.00000000	833.20071667121240000000000000000000
1490.00000000	830.45437040328080000000000000000000
1492.00000000	827.71908302652260000000000000000000
1494.00000000	824.99480429174860000000000000000000
1496.00000000	822.28148420667870000000000000000000
1498.00000000	819.57907303408800000000000000000000
1500.00000000	816.88752129023540000000000000000000
1502.00000000	814.20677974322850000000000000000000
1504.00000000	811.53679941123690000000000000000000
1506.00000000	808.87753156097360000000000000000000
1508.00000000	806.22892770602820000000000000000000
1510.00000000	803.59093960522720000000000000000000
1512.00000000	800.96351926113060000000000000000000
1514.00000000	798.34661891839120000000000000000000
1516.00000000	795.74019106229070000000000000000000
1518.00000000	793.14418841707190000000000000000000
1520.00000000	790.55856394452280000000000000000000
1522.00000000	787.98327084249070000000000000000000
1524.00000000	785.41826254326450000000000000000000
1526.00000000	782.86349271227750000000000000000000
1528.00000000	780.31891524646300000000000000000000
1530.00000000	777.78448427301190000000000000000000
1532.00000000	775.26015414775550000000000000000000
1534.00000000	772.74587945385120000000000000000000
1536.00000000	770.24161500040150000000000000000000
1538.00000000	767.74731582100000000000000000000000
1540.00000000	765.26293717239410000000000000000000
1542.00000000	762.78843453311620000000000000000000
1544.00000000	760.32376360210180000000000000000000
1546.00000000	757.86888029756050000000000000000000
1548.00000000	755.42374075524610000000000000000000
1550.00000000	752.96972308419790000000000000000000
1552.00000000	750.39333626230460000000000000000000
1554.00000000	747.82308121011190000000000000000000
1556.00000000	745.25896405189640000000000000000000
1558.00000000	742.70099079925980000000000000000000
1560.00000000	740.14916734958680000000000000000000
1562.00000000	737.60349948517280000000000000000000
1564.00000000	735.06399287189160000000000000000000
1566.00000000	732.53065305800730000000000000000000
1568.00000000	730.00348547339040000000000000000000
1570.00000000	727.48249542806840000000000000000000
1572.00000000	724.96768811154790000000000000000000
1574.00000000	722.45906859167790000000000000000000
1576.00000000	719.95664181367620000000000000000000
1578.00000000	717.46041259933020000000000000000000
1580.00000000	714.97038564606770000000000000000000
1582.00000000	712.48656552607670000000000000000000
1584.00000000	710.00895668552500000000000000000000
1586.00000000	707.53756344378720000000000000000000
1588.00000000	705.07238999270590000000000000000000
1590.00000000	702.61344039584210000000000000000000
1592.00000000	700.16071858784270000000000000000000
1594.00000000	697.71422837373520000000000000000000
1596.00000000	695.27397342830670000000000000000000
1598.00000000	692.83995729551130000000000000000000
1600.00000000	690.41218338800340000000000000000000
1602.00000000	687.99065498649280000000000000000000
1604.00000000	685.57537523926130000000000000000000
1606.00000000	683.16634716169660000000000000000000
1608.00000000	680.76357363587120000000000000000000
1610.00000000	678.36705741012770000000000000000000
1612.00000000	675.97680109860970000000000000000000
1614.00000000	673.59280718110570000000000000000000
1616.00000000	671.21507800236930000000000000000000
1618.00000000	668.84361577213100000000000000000000
1620.00000000	666.47842256468220000000000000000000
1622.00000000	664.11950031864250000000000000000000
1624.00000000	661.76685083672860000000000000000000
1626.00000000	659.42047578552490000000000000000000
1628.00000000	657.08037669532090000000000000000000
1630.00000000	654.74655495999290000000000000000000
1632.00000000	652.41901183688100000000000000000000
1634.00000000	650.09774844655840000000000000000000
1636.00000000	647.78276577292440000000000000000000
1638.00000000	645.47406466301910000000000000000000
1640.00000000	643.17164582707290000000000000000000
1642.00000000	640.87550983843960000000000000000000
1644.00000000	638.58565713374240000000000000000000
1646.00000000	636.30208801257780000000000000000000
1648.00000000	634.02480263797740000000000000000000
1650.00000000	631.75380103618970000000000000000000
1652.00000000	629.48908309697990000000000000000000
1654.00000000	627.23064857352930000000000000000000
1656.00000000	624.97849708290860000000000000000000
1658.00000000	622.73262810581510000000000000000000
1660.00000000	620.49304098710720000000000000000000
1662.00000000	618.25973493583800000000000000000000
1664.00000000	616.03270902548230000000000000000000
1666.00000000	613.81196219422950000000000000000000
1668.00000000	611.59749324519670000000000000000000
1670.00000000	609.38930084676710000000000000000000
1672.00000000	607.18738353278850000000000000000000
1674.00000000	604.99173970286150000000000000000000
1676.00000000	602.80236762294150000000000000000000
1678.00000000	600.61926542530690000000000000000000
1680.00000000	598.44243110916330000000000000000000
1682.00000000	596.27186254100010000000000000000000
1684.00000000	594.10755745480660000000000000000000
1686.00000000	591.94951345281120000000000000000000
1688.00000000	589.79772800562490000000000000000000
1690.00000000	587.65219845271170000000000000000000
1692.00000000	585.51292200304680000000000000000000
1694.00000000	583.37989573541210000000000000000000
1696.00000000	581.25311659885470000000000000000000
1698.00000000	579.13258141334230000000000000000000
1700.00000000	577.01828687025390000000000000000000
1702.00000000	574.91022953265620000000000000000000
1704.00000000	572.80840583624480000000000000000000
1706.00000000	570.71281208958190000000000000000000
1708.00000000	568.62344447483770000000000000000000
1710.00000000	566.54029904824300000000000000000000
1712.00000000	564.46337174089330000000000000000000
1714.00000000	562.39265835896640000000000000000000
1716.00000000	560.32815458491200000000000000000000
1718.00000000	558.26985597740830000000000000000000
1720.00000000	556.21775797257400000000000000000000
1722.00000000	554.17185588430740000000000000000000
1724.00000000	552.13214490500740000000000000000000
1726.00000000	550.09862010635100000000000000000000
1728.00000000	548.07127643981690000000000000000000
1730.00000000	546.05010873733840000000000000000000
1732.00000000	544.03511171235960000000000000000000
1734.00000000	542.02627996007160000000000000000000
1736.00000000	540.02360795848290000000000000000000
1738.00000000	538.02709006896130000000000000000000
1740.00000000	536.03672053701330000000000000000000
1742.00000000	534.05249349306870000000000000000000
1744.00000000	532.07440295318740000000000000000000
1746.00000000	530.10244281987370000000000000000000
1748.00000000	528.13660688272430000000000000000000
1750.00000000	526.17688881939180000000000000000000
1752.00000000	524.22328219618880000000000000000000
1754.00000000	522.27578046897360000000000000000000
1756.00000000	520.33437698388500000000000000000000
1758.00000000	518.39906497819920000000000000000000
1760.00000000	516.46983758120300000000000000000000
1762.00000000	514.54668781474980000000000000000000
1764.00000000	512.62960859446570000000000000000000
1766.00000000	510.71859273020436000000000000000000
1768.00000000	508.81363292703753000000000000000000
1770.00000000	506.91472178623104000000000000000000
1772.00000000	505.21316446269276000000000000000000
1774.00000000	503.77042392812340000000000000000000
1776.00000000	502.33049120989210000000000000000000
1778.00000000	500.89336414307610000000000000000000
1780.00000000	499.45904057831956000000000000000000
1782.00000000	498.02751838121270000000000000000000
1784.00000000	496.59879543211343000000000000000000
1786.00000000	495.17286962553770000000000000000000
1788.00000000	493.74973886988430000000000000000000
1790.00000000	492.32940108701180000000000000000000
1792.00000000	490.91185421171855000000000000000000
1794.00000000	489.49709619146040000000000000000000
1796.00000000	488.08512498598554000000000000000000
1798.00000000	486.67593856670570000000000000000000
1800.00000000	485.26953491662556000000000000000000
1802.00000000	483.86591202984620000000000000000000
1804.00000000	482.46506791099000000000000000000000
1806.00000000	481.06700057512610000000000000000000
1808.00000000	479.67170804725490000000000000000000
1810.00000000	478.27918836185150000000000000000000
1812.00000000	476.88943956275455000000000000000000
1814.00000000	475.50245970250030000000000000000000
1816.00000000	474.11824684222455000000000000000000
1818.00000000	472.73679905124580000000000000000000
1820.00000000	471.35811440655016000000000000000000
1822.00000000	469.98219099271887000000000000000000
1824.00000000	468.60902690135100000000000000000000
1826.00000000	467.23862023097410000000000000000000
1828.00000000	465.87096908641485000000000000000000
1830.00000000	464.50607157872230000000000000000000
1832.00000000	463.14392582475380000000000000000000
1834.00000000	461.78452994682090000000000000000000
1836.00000000	460.42788207241220000000000000000000
1838.00000000	459.07398033387267000000000000000000
1840.00000000	457.72282286821420000000000000000000
1842.00000000	456.37440781649080000000000000000000
1844.00000000	455.02873332386850000000000000000000
1846.00000000	453.68579753912616000000000000000000
1848.00000000	452.34559861436170000000000000000000
1850.00000000	451.00813470480574000000000000000000
1852.00000000	449.67340396836340000000000000000000
1854.00000000	448.34140456561687000000000000000000
1856.00000000	447.01213465921460000000000000000000
1858.00000000	445.68559241377410000000000000000000
1860.00000000	444.36177599570203000000000000000000
1862.00000000	443.04068357263003000000000000000000
1864.00000000	441.72231331353754000000000000000000
1866.00000000	440.40666338807455000000000000000000
1868.00000000	439.09373196665223000000000000000000
1870.00000000	437.78351722000804000000000000000000
1872.00000000	436.47601731905910000000000000000000
1874.00000000	435.17123043442706000000000000000000
1876.00000000	433.86915473651254000000000000000000
1878.00000000	432.56978839507100000000000000000000
1880.00000000	431.27312957895435000000000000000000
1882.00000000	429.97917645591014000000000000000000
1884.00000000	428.68792719242936000000000000000000
1886.00000000	427.39937995344934000000000000000000
1888.00000000	426.11353290207060000000000000000000
1890.00000000	424.83038419946210000000000000000000
1892.00000000	423.54993200460310000000000000000000
1894.00000000	422.27217447385203000000000000000000
1896.00000000	420.99710976120000000000000000000000
1898.00000000	419.72473601760260000000000000000000
1900.00000000	418.45505139095530000000000000000000
1902.00000000	417.18805402601410000000000000000000
1904.00000000	415.92374206397280000000000000000000
1906.00000000	414.66211364236585000000000000000000
1908.00000000	413.40316689500570000000000000000000
1910.00000000	412.14689995148190000000000000000000
1912.00000000	410.89331093723830000000000000000000
1914.00000000	409.64239797332715000000000000000000
1916.00000000	408.39415917616464000000000000000000
1918.00000000	407.14859265742700000000000000000000
1920.00000000	405.90569652380960000000000000000000
1922.00000000	404.66546887679920000000000000000000
1924.00000000	403.42790781281303000000000000000000
1926.00000000	402.19301142256944000000000000000000
1928.00000000	400.96077779132010000000000000000000
1930.00000000	399.73120499835880000000000000000000
1932.00000000	398.50429111720160000000000000000000
1934.00000000	397.28003421516100000000000000000000
1936.00000000	396.05843235334123000000000000000000
1938.00000000	394.83948358632153000000000000000000
1940.00000000	393.62318596227226000000000000000000
1942.00000000	392.40953752260856000000000000000000
1944.00000000	391.19853630179810000000000000000000
1946.00000000	389.99018032744220000000000000000000
1948.00000000	388.78446761995565000000000000000000
1950.00000000	387.58139619250244000000000000000000
1952.00000000	386.38096405085210000000000000000000
1954.00000000	385.18316919325370000000000000000000
1956.00000000	383.98800961026570000000000000000000
1958.00000000	382.79548328473680000000000000000000
1960.00000000	381.60558819157507000000000000000000
1962.00000000	380.41832229763960000000000000000000
1964.00000000	379.23368356173233000000000000000000
1966.00000000	378.05166993431004000000000000000000
1968.00000000	376.87227935748200000000000000000000
1970.00000000	375.69550976496555000000000000000000
1972.00000000	374.52135908179290000000000000000000
1974.00000000	373.34982522435510000000000000000000
1976.00000000	372.18090610024404000000000000000000
1978.00000000	371.01459960811580000000000000000000
1980.00000000	369.85090363770050000000000000000000
1982.00000000	368.68981606964250000000000000000000
1984.00000000	367.53133477531970000000000000000000
1986.00000000	366.37545761691166000000000000000000
1988.00000000	365.22218244719730000000000000000000
1990.00000000	364.07150710954033000000000000000000
1992.00000000	362.92342943769630000000000000000000
1994.00000000	361.77794725591090000000000000000000
1996.00000000	360.63505837864330000000000000000000
1998.00000000	359.49476061057080000000000000000000
2000.00000000	358.35705174657960000000000000000000
