100.00000000	541.56796427093160000000000000000000
102.00000000	619.57845293379080000000000000000000
104.00000000	684.99070876886130000000000000000000
106.00000000	739.58779323342900000000000000000000
108.00000000	784.97834944289220000000000000000000
110.00000000	822.57810654496270000000000000000000
112.00000000	853.61142009093910000000000000000000
114.00000000	879.12405188496450000000000000000000
116.00000000	900.00134790367540000000000000000000
118.00000000	916.92654737296360000000000000000000
120.00000000	930.64654706258470000000000000000000
122.00000000	941.62129887484120000000000000000000
124.00000000	950.28514517692640000000000000000000
126.00000000	956.99968262463540000000000000000000
128.00000000	962.06571983372190000000000000000000
130.00000000	965.73338451367690000000000000000000
132.00000000	968.21060073470960000000000000000000
134.00000000	969.67016229761300000000000000000000
136.00000000	970.25561496316070000000000000000000
138.00000000	970.08613851515020000000000000000000
140.00000000	969.26059503661630000000000000000000
142.00000000	967.86088553009600000000000000000000
144.00000000	965.95473469659650000000000000000000
146.00000000	963.59800396819140000000000000000000
148.00000000	960.83661591213570000000000000000000
150.00000000	957.70815876192330000000000000000000
152.00000000	954.24322782606940000000000000000000
154.00000000	950.46655057572170000000000000000000
156.00000000	946.39793401425990000000000000000000
158.00000000	942.01603743040120000000000000000000
160.00000000	937.40758150176370000000000000000000
162.00000000	932.54452584128000000000000000000000
164.00000000	927.43392197578130000000000000000000
166.00000000	922.08091515685600000000000000000000
168.00000000	916.48913397628230000000000000000000
170.00000000	910.66103954616800000000000000000000
172.00000000	904.59824356882690000000000000000000
174.00000000	898.30180340186220000000000000000000
176.00000000	891.77250129174880000000000000000000
178.00000000	885.01111427018760000000000000000000
180.00000000	878.01868075683930000000000000000000
182.00000000	870.79676967247250000000000000000000
184.00000000	863.34775782798700000000000000000000
186.00000000	855.67512151311850000000000000000000
188.00000000	847.78374856600460000000000000000000
190.00000000	839.68027777009120000000000000000000
192.00000000	831.37347321522330000000000000000000
194.00000000	822.87464230224830000000000000000000
196.00000000	814.17761729324700000000000000000000
198.00000000	805.34161579461510000000000000000000
200.00000000	796.36783393633080000000000000000000
202.00000000	787.28319465849670000000000000000000
204.00000000	778.12032878575630000000000000000000
206.00000000	768.91854306289110000000000000000000
208.00000000	759.72495904978400000000000000000000
210.00000000	750.59586161428490000000000000000000
212.00000000	741.59830717643310000000000000000000
214.00000000	732.81205821460140000000000000000000
216.00000000	724.33193464169600000000000000000000
218.00000000	716.27070916748700000000000000000000
220.00000000	708.76273062725640000000000000000000
222.00000000	701.96855025228830000000000000000000
224.00000000	696.08097530133900000000000000000000
226.00000000	691.33322601822670000000000000000000
228.00000000	688.01030509417540000000000000000000
230.00000000	686.45540153071720000000000000000000
232.00000000	687.13516770661910000000000000000000
234.00000000	690.61728519938470000000000000000000
236.00000000	697.67465530117220000000000000000000
238.00000000	709.38079971573290000000000000000000
240.00000000	727.29133755895980000000000000000000
242.00000000	753.75786071732420000000000000000000
244.00000000	792.46052273217880000000000000000000
246.00000000	849.24339863620570000000000000000000
248.00000000	933.12648341407730000000000000000000
250.00000000	1056.38462686262280000000000000000000
252.00000000	1229.99594231715130000000000000000000
254.00000000	1449.61696448328620000000000000000000
256.00000000	1682.07458267838460000000000000000000
258.00000000	1882.87126597648420000000000000000000
260.00000000	2032.34001085763610000000000000000000
262.00000000	2139.88630561560560000000000000000000
264.00000000	2224.71053396274200000000000000000000
266.00000000	2303.26057151035270000000000000000000
268.00000000	2386.25594097894300000000000000000000
270.00000000	2479.03495743938040000000000000000000
272.00000000	2582.26002344579770000000000000000000
274.00000000	2692.89781531575300000000000000000000
276.00000000	2805.92746522516200000000000000000000
278.00000000	2916.42558041263400000000000000000000
280.00000000	3021.05852189100800000000000000000000
282.00000000	3118.42764790041400000000000000000000
284.00000000	3208.55190440222400000000000000000000
286.00000000	3292.14696804490860000000000000000000
288.00000000	3370.04625065035300000000000000000000
290.00000000	3442.94640704873700000000000000000000
292.00000000	3511.33049074652260000000000000000000
294.00000000	3575.49624572375250000000000000000000
296.00000000	3635.61613196066800000000000000000000
298.00000000	3691.79501960897300000000000000000000
300.00000000	3744.11351362188900000000000000000000
302.00000000	3792.65564051110200000000000000000000
304.00000000	3837.52370510169840000000000000000000
306.00000000	3878.83982615913300000000000000000000
308.00000000	3916.76201539422530000000000000000000
310.00000000	3951.45663162849770000000000000000000
312.00000000	3983.10879936427050000000000000000000
314.00000000	4011.91281111373700000000000000000000
316.00000000	4038.06659604847900000000000000000000
318.00000000	4061.76678802435900000000000000000000
320.00000000	4083.20456810285200000000000000000000
322.00000000	4102.56232116594200000000000000000000
324.00000000	4120.00388406167400000000000000000000
326.00000000	4135.70081637241950000000000000000000
328.00000000	4149.78970172558600000000000000000000
330.00000000	4162.39839013701300000000000000000000
332.00000000	4173.63892054805000000000000000000000
334.00000000	4183.60737359439300000000000000000000
336.00000000	4192.38394987109200000000000000000000
338.00000000	4200.02362986287700000000000000000000
340.00000000	4206.59433213452600000000000000000000
342.00000000	4212.12172737786400000000000000000000
344.00000000	4216.62650988169750000000000000000000
346.00000000	4220.11632145659800000000000000000000
348.00000000	4222.58697834270800000000000000000000
350.00000000	4224.01276111652300000000000000000000
352.00000000	4224.39357224199800000000000000000000
354.00000000	4223.69180541496550000000000000000000
356.00000000	4221.88036340482200000000000000000000
358.00000000	4218.93797221566800000000000000000000
360.00000000	4214.84485246555200000000000000000000
362.00000000	4209.64283537373600000000000000000000
364.00000000	4203.37602826779700000000000000000000
366.00000000	4196.15570048428900000000000000000000
368.00000000	4188.16776976211900000000000000000000
370.00000000	4179.67983883971500000000000000000000
372.00000000	4171.11228396556000000000000000000000
374.00000000	4162.97106638727750000000000000000000
376.00000000	4155.89671579347500000000000000000000
378.00000000	4150.62719109273500000000000000000000
380.00000000	4147.93283330921200000000000000000000
382.00000000	4148.58832094799250000000000000000000
384.00000000	4153.19502506454300000000000000000000
386.00000000	4162.13264854272700000000000000000000
388.00000000	4175.47211723085550000000000000000000
390.00000000	4192.95098037465600000000000000000000
392.00000000	4214.00953454645200000000000000000000
394.00000000	4237.88013751899050000000000000000000
396.00000000	4263.70670406992600000000000000000000
398.00000000	4290.65493713541100000000000000000000
400.00000000	4318.05704627488100000000000000000000
402.00000000	4345.41234465456800000000000000000000
404.00000000	4372.46493779715700000000000000000000
406.00000000	4399.19636453224700000000000000000000
408.00000000	4425.80676795252700000000000000000000
410.00000000	4452.67923856040000000000000000000000
412.00000000	4480.33174703079600000000000000000000
414.00000000	4509.36062933586600000000000000000000
416.00000000	4540.37050178358800000000000000000000
418.00000000	4573.95631208389000000000000000000000
420.00000000	4610.59618778679900000000000000000000
422.00000000	4650.65933918636400000000000000000000
424.00000000	4694.38421076455100000000000000000000
426.00000000	4741.88541346549850000000000000000000
428.00000000	4793.17480802009900000000000000000000
430.00000000	4848.18968447601700000000000000000000
432.00000000	4906.82106496521200000000000000000000
434.00000000	4968.94738099522200000000000000000000
436.00000000	5034.40996068359250000000000000000000
438.00000000	5103.08351488859350000000000000000000
440.00000000	5174.83936661869100000000000000000000
442.00000000	5249.55604938278900000000000000000000
444.00000000	5327.11801411877000000000000000000000
446.00000000	5407.42668715335900000000000000000000
448.00000000	5490.34756563147300000000000000000000
450.00000000	5575.78552473329000000000000000000000
452.00000000	5663.63329644228900000000000000000000
454.00000000	5753.78377010667500000000000000000000
456.00000000	5846.12991686563900000000000000000000
458.00000000	5940.58171972736400000000000000000000
460.00000000	6036.99923994480400000000000000000000
462.00000000	6135.29285875582800000000000000000000
464.00000000	6235.35699249230700000000000000000000
466.00000000	6337.08667155607500000000000000000000
468.00000000	6440.37755247464800000000000000000000
470.00000000	6545.14800908633150000000000000000000
472.00000000	6651.25093721065600000000000000000000
474.00000000	6758.60524609013650000000000000000000
476.00000000	6867.10839393835000000000000000000000
478.00000000	6976.65798231758000000000000000000000
480.00000000	7087.15160781596100000000000000000000
482.00000000	7198.48671170109200000000000000000000
484.00000000	7310.56043094081400000000000000000000
486.00000000	7423.29889098614200000000000000000000
488.00000000	7536.53967654724000000000000000000000
490.00000000	7650.20726198097400000000000000000000
492.00000000	7764.19622692787650000000000000000000
494.00000000	7878.40022713457600000000000000000000
496.00000000	7992.71190575770400000000000000000000
498.00000000	8107.02281931991800000000000000000000
500.00000000	8221.22337951288300000000000000000000
502.00000000	8335.20281211069200000000000000000000
504.00000000	8448.84913432804600000000000000000000
506.00000000	8562.08711720972700000000000000000000
508.00000000	8674.72655600314100000000000000000000
510.00000000	8786.68972795882800000000000000000000
512.00000000	8897.86000599272100000000000000000000
514.00000000	9008.11976613362100000000000000000000
516.00000000	9117.35050358114000000000000000000000
518.00000000	9225.43297550110200000000000000000000
520.00000000	9332.24737096318300000000000000000000
522.00000000	9437.67350808092000000000000000000000
524.00000000	9541.59105803599200000000000000000000
526.00000000	9643.87979526852400000000000000000000
528.00000000	9744.41987270290500000000000000000000
530.00000000	9843.09212046671600000000000000000000
532.00000000	9939.77836615727800000000000000000000
534.00000000	10034.36177433038600000000000000000000
536.00000000	10126.76992199381000000000000000000000
538.00000000	10216.80366136507800000000000000000000
540.00000000	10304.39564851704000000000000000000000
542.00000000	10389.43807551936300000000000000000000
544.00000000	10471.82635362430700000000000000000000
546.00000000	10551.45950254076900000000000000000000
548.00000000	10628.24053531623200000000000000000000
550.00000000	10702.07683502829200000000000000000000
552.00000000	10772.88051955088000000000000000000000
554.00000000	10840.56879077730600000000000000000000
556.00000000	10905.06426485080700000000000000000000
558.00000000	10966.29528016787800000000000000000000
560.00000000	11024.19618017787000000000000000000000
562.00000000	11078.70756829697000000000000000000000
564.00000000	11129.77653258076900000000000000000000
566.00000000	11177.35683815122100000000000000000000
568.00000000	11221.40908574641600000000000000000000
570.00000000	11261.90083514368000000000000000000000
572.00000000	11298.80669260091400000000000000000000
574.00000000	11332.10836185054500000000000000000000
576.00000000	11361.82027695427100000000000000000000
578.00000000	11387.88532226120300000000000000000000
580.00000000	11410.33381922890100000000000000000000
582.00000000	11429.17565128178000000000000000000000
584.00000000	11444.42751774291900000000000000000000
586.00000000	11456.11277707270300000000000000000000
588.00000000	11464.26126034360500000000000000000000
590.00000000	11468.90905704380400000000000000000000
592.00000000	11470.09827549194000000000000000000000
594.00000000	11467.87678030134300000000000000000000
596.00000000	11462.29790945009900000000000000000000
598.00000000	11453.42017359856400000000000000000000
600.00000000	11441.30694034405300000000000000000000
602.00000000	11426.02610611892000000000000000000000
604.00000000	11407.64975842305600000000000000000000
606.00000000	11386.25383103676400000000000000000000
608.00000000	11361.91775478939000000000000000000000
610.00000000	11334.72410636442000000000000000000000
612.00000000	11304.75825750585000000000000000000000
614.00000000	11272.10802685762400000000000000000000
616.00000000	11236.86333652047100000000000000000000
618.00000000	11199.11587525138700000000000000000000
620.00000000	11158.95877006413000000000000000000000
622.00000000	11116.48626781623900000000000000000000
624.00000000	11071.79342819431400000000000000000000
626.00000000	11024.97582933464800000000000000000000
628.00000000	10976.12928714451800000000000000000000
630.00000000	10925.34958922492800000000000000000000
632.00000000	10872.73224413509000000000000000000000
634.00000000	10818.37224659198500000000000000000000
636.00000000	10762.36385905856700000000000000000000
638.00000000	10704.80041005143700000000000000000000
640.00000000	10645.77410938814700000000000000000000
642.00000000	10585.34224670912000000000000000000000
644.00000000	10523.66031957930300000000000000000000
646.00000000	10460.78392126809200000000000000000000
648.00000000	10396.79928067314200000000000000000000
650.00000000	10331.79084055467300000000000000000000
652.00000000	10265.84117533049500000000000000000000
654.00000000	10199.03092602004000000000000000000000
656.00000000	10131.43875254028000000000000000000000
658.00000000	10063.14130374673400000000000000000000
660.00000000	9994.21320588916000000000000000000000
662.00000000	9924.72707054596000000000000000000000
664.00000000	9854.75352365894100000000000000000000
666.00000000	9784.36125808002700000000000000000000
668.00000000	9713.61711317077000000000000000000000
670.00000000	9642.58618662932000000000000000000000
672.00000000	9571.33198612292500000000000000000000
674.00000000	9499.91663190981300000000000000000000
676.00000000	9428.40112717003600000000000000000000
678.00000000	9356.84572148703800000000000000000000
680.00000000	9285.31040708400200000000000000000000
682.00000000	9213.85561121372800000000000000000000
684.00000000	9142.54318969533200000000000000000000
686.00000000	9071.43790274868100000000000000000000
688.00000000	9000.60970160779000000000000000000000
690.00000000	8930.13745904966000000000000000000000
692.00000000	8860.11546121948400000000000000000000
694.00000000	8790.66568630912300000000000000000000
696.00000000	8721.96380769178500000000000000000000
698.00000000	8654.30414846103000000000000000000000
700.00000000	8588.31307072048500000000000000000000
702.00000000	8526.25661020666100000000000000000000
704.00000000	8444.88121432467400000000000000000000
706.00000000	8357.76048754692200000000000000000000
708.00000000	8275.07273783723800000000000000000000
710.00000000	8194.56131410635300000000000000000000
712.00000000	8115.54926921568700000000000000000000
714.00000000	8037.73293359632500000000000000000000
716.00000000	7960.94997958046300000000000000000000
718.00000000	7885.10456257698600000000000000000000
720.00000000	7810.13639093849700000000000000000000
722.00000000	7736.00585262728600000000000000000000
724.00000000	7662.68607990433700000000000000000000
726.00000000	7590.15838264294050000000000000000000
728.00000000	7518.40946515544900000000000000000000
730.00000000	7447.42965280886400000000000000000000
732.00000000	7377.21172180157100000000000000000000
734.00000000	7307.75010529664450000000000000000000
736.00000000	7239.04034305060500000000000000000000
738.00000000	7171.07869343540600000000000000000000
740.00000000	7103.86185658353000000000000000000000
742.00000000	7037.38677524942800000000000000000000
744.00000000	6971.65049104248800000000000000000000
746.00000000	6906.65004073749600000000000000000000
748.00000000	6842.38238197958900000000000000000000
750.00000000	6778.84434078789700000000000000000000
752.00000000	6716.03257536882500000000000000000000
754.00000000	6653.94355221746200000000000000000000
756.00000000	6592.57353152211300000000000000000000
758.00000000	6531.91855963347700000000000000000000
760.00000000	6471.97446690096400000000000000000000
762.00000000	6412.67857595793000000000000000000000
764.00000000	6354.14329934176500000000000000000000
766.00000000	6296.30513391406400000000000000000000
768.00000000	6239.15909167769400000000000000000000
770.00000000	6182.70000202934100000000000000000000
772.00000000	6126.92252283722250000000000000000000
774.00000000	6071.82115209595100000000000000000000
776.00000000	6017.39023993502450000000000000000000
778.00000000	5963.62400080589200000000000000000000
780.00000000	5910.51652571383100000000000000000000
782.00000000	5858.06179439198000000000000000000000
784.00000000	5806.25368734107900000000000000000000
786.00000000	5755.08599768061100000000000000000000
788.00000000	5704.55244277338600000000000000000000
790.00000000	5654.64667560212400000000000000000000
792.00000000	5605.36229588809500000000000000000000
794.00000000	5556.69286095386700000000000000000000
796.00000000	5508.63189634225800000000000000000000
798.00000000	5461.17290606577000000000000000000000
800.00000000	5414.30938340581500000000000000000000
802.00000000	5368.03482007008000000000000000000000
804.00000000	5322.34271675019700000000000000000000
806.00000000	5277.22659288642300000000000000000000
808.00000000	5232.67999662113800000000000000000000
810.00000000	5188.69651487922300000000000000000000
812.00000000	5145.26978368408200000000000000000000
814.00000000	5102.39349884088000000000000000000000
816.00000000	5060.06142714698200000000000000000000
818.00000000	5018.26741832610100000000000000000000
820.00000000	4977.00541792948000000000000000000000
822.00000000	4936.26948150807800000000000000000000
824.00000000	4896.05379043960700000000000000000000
826.00000000	4856.35266990109600000000000000000000
828.00000000	4817.16060961971100000000000000000000
830.00000000	4778.47228823028100000000000000000000
832.00000000	4740.28260233569800000000000000000000
834.00000000	4702.58670174308600000000000000000000
836.00000000	4665.38003288230450000000000000000000
838.00000000	4628.65839318685100000000000000000000
840.00000000	4592.41800035561500000000000000000000
842.00000000	4556.65558212875400000000000000000000
844.00000000	4521.36849485209000000000000000000000
846.00000000	4486.55488328508400000000000000000000
848.00000000	4452.21390092456000000000000000000000
850.00000000	4418.34602162513500000000000000000000
852.00000000	4384.95349351844200000000000000000000
854.00000000	4352.04102346877000000000000000000000
856.00000000	4319.61685281160900000000000000000000
858.00000000	4287.69453622835500000000000000000000
860.00000000	4256.29607824723300000000000000000000
862.00000000	4225.45794775839500000000000000000000
864.00000000	4195.24402245506700000000000000000000
866.00000000	4165.77864594049700000000000000000000
868.00000000	4137.35941714895800000000000000000000
870.00000000	4111.23432431948600000000000000000000
872.00000000	4045.57085848745560000000000000000000
874.00000000	3991.96469777942370000000000000000000
876.00000000	3945.19774956007860000000000000000000
878.00000000	3901.78990723351500000000000000000000
880.00000000	3860.58641149571350000000000000000000
882.00000000	3821.02900663943270000000000000000000
884.00000000	3782.79514429674870000000000000000000
886.00000000	3745.67718180674000000000000000000000
888.00000000	3709.53122469325500000000000000000000
890.00000000	3674.25203175876200000000000000000000
892.00000000	3639.75937995108500000000000000000000
894.00000000	3605.99007273282270000000000000000000
896.00000000	3572.89297332937580000000000000000000
898.00000000	3540.42576993143030000000000000000000
900.00000000	3508.55278658101950000000000000000000
902.00000000	3477.24345355230250000000000000000000
904.00000000	3446.47120915159800000000000000000000
906.00000000	3416.21269265481350000000000000000000
908.00000000	3386.44713905252700000000000000000000
910.00000000	3357.15591698691970000000000000000000
912.00000000	3328.32217039766600000000000000000000
914.00000000	3299.93053665979320000000000000000000
916.00000000	3271.96692206354150000000000000000000
918.00000000	3244.41832091258860000000000000000000
920.00000000	3217.27266824151050000000000000000000
922.00000000	3190.51871875853100000000000000000000
924.00000000	3164.14594646975300000000000000000000
926.00000000	3138.14446077796770000000000000000000
928.00000000	3112.50493582563600000000000000000000
930.00000000	3087.21855057669300000000000000000000
932.00000000	3062.27693767405660000000000000000000
934.00000000	3037.67213952185380000000000000000000
936.00000000	3013.39657035590900000000000000000000
938.00000000	2989.44298330959300000000000000000000
940.00000000	2965.80444167176200000000000000000000
942.00000000	2942.47429368245300000000000000000000
944.00000000	2919.44615033009700000000000000000000
946.00000000	2896.71386570802220000000000000000000
948.00000000	2874.27151956342100000000000000000000
950.00000000	2852.11340173322150000000000000000000
952.00000000	2830.23399821050770000000000000000000
954.00000000	2808.62797862599650000000000000000000
956.00000000	2787.29018496201300000000000000000000
958.00000000	2766.21562134430770000000000000000000
960.00000000	2745.39944477939340000000000000000000
962.00000000	2724.83695672448100000000000000000000
964.00000000	2704.52359539263200000000000000000000
966.00000000	2684.45492870966800000000000000000000
968.00000000	2664.62664784991880000000000000000000
970.00000000	2645.03456128817970000000000000000000
972.00000000	2625.67458931292900000000000000000000
974.00000000	2606.54275895288540000000000000000000
976.00000000	2587.63519927510800000000000000000000
978.00000000	2568.94813701764450000000000000000000
980.00000000	2550.47789252439630000000000000000000
982.00000000	2532.22087595346700000000000000000000
984.00000000	2514.17358373371400000000000000000000
986.00000000	2496.33259524688040000000000000000000
988.00000000	2478.69456971545330000000000000000000
990.00000000	2461.25624327820560000000000000000000
992.00000000	2444.01442623765500000000000000000000
994.00000000	2426.96600046505900000000000000000000
996.00000000	2410.10791695012900000000000000000000
998.00000000	2393.43719348407150000000000000000000
1000.00000000	2376.95091246539460000000000000000000
1002.00000000	2360.64621881932200000000000000000000
1004.00000000	2344.52031802213300000000000000000000
1006.00000000	2328.57047422302100000000000000000000
1008.00000000	2312.79400845621600000000000000000000
1010.00000000	2297.18829693732820000000000000000000
1012.00000000	2281.75076943791960000000000000000000
1014.00000000	2266.47890773324300000000000000000000
1016.00000000	2251.37024411819170000000000000000000
1018.00000000	2236.42235998719430000000000000000000
1020.00000000	2221.63288447390320000000000000000000
1022.00000000	2206.99949314715920000000000000000000
1024.00000000	2192.51990675961270000000000000000000
1026.00000000	2178.19189004606820000000000000000000
1028.00000000	2164.01325056861500000000000000000000
1030.00000000	2149.98183760578240000000000000000000
1032.00000000	2136.09554108342900000000000000000000
1034.00000000	2122.32911609271060000000000000000000
1036.00000000	2108.72705893454030000000000000000000
1038.00000000	2095.26401977302400000000000000000000
1040.00000000	2081.93804121573200000000000000000000
1042.00000000	2068.74720172198400000000000000000000
1044.00000000	2055.68961474113940000000000000000000
1046.00000000	2042.76342787962000000000000000000000
1048.00000000	2029.96682209528720000000000000000000
1050.00000000	2017.29801091792340000000000000000000
1052.00000000	2004.75523969452840000000000000000000
1054.00000000	1992.33678485845830000000000000000000
1056.00000000	1980.04095322116270000000000000000000
1058.00000000	1967.86608128567330000000000000000000
1060.00000000	1955.81053458083440000000000000000000
1062.00000000	1943.87270701542050000000000000000000
1064.00000000	1932.05102025131420000000000000000000
1066.00000000	1920.34392309494340000000000000000000
1068.00000000	1908.74989090627800000000000000000000
1070.00000000	1897.26742502464730000000000000000000
1072.00000000	1885.89505221075840000000000000000000
1074.00000000	1874.63132410424420000000000000000000
1076.00000000	1863.47481669622500000000000000000000
1078.00000000	1852.42412981623240000000000000000000
1080.00000000	1841.47788663304530000000000000000000
1082.00000000	1830.63473316886830000000000000000000
1084.00000000	1819.89333782644230000000000000000000
1086.00000000	1809.25239092854990000000000000000000
1088.00000000	1798.71060426953900000000000000000000
1090.00000000	1788.26671067846450000000000000000000
1092.00000000	1777.91946359336070000000000000000000
1094.00000000	1767.66763664639500000000000000000000
1096.00000000	1757.51002325943230000000000000000000
1098.00000000	1747.44543624974380000000000000000000
1100.00000000	1737.47270744549040000000000000000000
1102.00000000	1727.59068731066030000000000000000000
1104.00000000	1717.79824457922750000000000000000000
1106.00000000	1708.09426589813030000000000000000000
1108.00000000	1698.47765547890500000000000000000000
1110.00000000	1688.94733475763860000000000000000000
1112.00000000	1679.50224206302030000000000000000000
1114.00000000	1670.14133229223470000000000000000000
1116.00000000	1660.86357659446400000000000000000000
1118.00000000	1651.66796206177630000000000000000000
1120.00000000	1642.55349142718840000000000000000000
1122.00000000	1633.51918276967540000000000000000000
1124.00000000	1624.56406922597600000000000000000000
1126.00000000	1615.68719870891030000000000000000000
1128.00000000	1606.88763363213840000000000000000000
1130.00000000	1598.16445064107850000000000000000000
1132.00000000	1589.51674034988060000000000000000000
1134.00000000	1580.94360708426190000000000000000000
1136.00000000	1572.44416863003500000000000000000000
1138.00000000	1564.01755598719070000000000000000000
1140.00000000	1555.66291312938400000000000000000000
1142.00000000	1547.37939676867220000000000000000000
1144.00000000	1539.16617612536920000000000000000000
1146.00000000	1531.02243270286480000000000000000000
1148.00000000	1522.94736006733110000000000000000000
1150.00000000	1514.94016363210470000000000000000000
1152.00000000	1507.00006044669640000000000000000000
1154.00000000	1499.12627899029200000000000000000000
1156.00000000	1491.31805896959620000000000000000000
1158.00000000	1483.57465112094310000000000000000000
1160.00000000	1475.89531701657820000000000000000000
1162.00000000	1468.27932887493880000000000000000000
1164.00000000	1460.72596937493360000000000000000000
1166.00000000	1453.23453147401960000000000000000000
1168.00000000	1445.80431823007170000000000000000000
1170.00000000	1438.43464262688620000000000000000000
1172.00000000	1431.12482740326370000000000000000000
1174.00000000	1423.87420488557930000000000000000000
1176.00000000	1416.68211682374140000000000000000000
1178.00000000	1409.54791423048480000000000000000000
1180.00000000	1402.47095722389170000000000000000000
1182.00000000	1395.45061487307520000000000000000000
1184.00000000	1388.48626504695330000000000000000000
1186.00000000	1381.57729426604620000000000000000000
1188.00000000	1374.72309755718380000000000000000000
1190.00000000	1367.92307831114840000000000000000000
1192.00000000	1361.17664814304750000000000000000000
1194.00000000	1354.48322675551370000000000000000000
1196.00000000	1347.84224180452090000000000000000000
1198.00000000	1341.25312876783760000000000000000000
1200.00000000	1334.71533081606940000000000000000000
1202.00000000	1328.22829868615400000000000000000000
1204.00000000	1321.79149055733890000000000000000000
1206.00000000	1315.40437192951840000000000000000000
1208.00000000	1309.06641550394370000000000000000000
1210.00000000	1302.77710106618090000000000000000000
1212.00000000	1296.53591537131110000000000000000000
1214.00000000	1290.34235203134300000000000000000000
1216.00000000	1284.19591140470790000000000000000000
1218.00000000	1278.09610048788800000000000000000000
1220.00000000	1272.04243280905480000000000000000000
1222.00000000	1266.03442832375960000000000000000000
1224.00000000	1260.07161331247810000000000000000000
1226.00000000	1254.15352028018200000000000000000000
1228.00000000	1248.27968785769580000000000000000000
1230.00000000	1242.44966070493320000000000000000000
1232.00000000	1236.66298941589120000000000000000000
1234.00000000	1230.91923042542750000000000000000000
1236.00000000	1225.21794591771300000000000000000000
1238.00000000	1219.55870373642640000000000000000000
1240.00000000	1213.94107729651160000000000000000000
1242.00000000	1208.36464549761850000000000000000000
1244.00000000	1202.82899263907300000000000000000000
1246.00000000	1197.33370833638800000000000000000000
1248.00000000	1191.87838743932820000000000000000000
1250.00000000	1186.46262995140360000000000000000000
1252.00000000	1181.08604095082960000000000000000000
1254.00000000	1175.74823051289880000000000000000000
1256.00000000	1170.44881363377930000000000000000000
1258.00000000	1165.18741015559800000000000000000000
1260.00000000	1159.96364469292370000000000000000000
1262.00000000	1154.77714656053060000000000000000000
1264.00000000	1149.62754970241920000000000000000000
1266.00000000	1144.51449262213490000000000000000000
1268.00000000	1139.43761831426200000000000000000000
1270.00000000	1134.39657419715800000000000000000000
1272.00000000	1129.39101204686630000000000000000000
1274.00000000	1124.42058793213800000000000000000000
1276.00000000	1119.48496215063800000000000000000000
1278.00000000	1114.58379916622810000000000000000000
1280.00000000	1109.71676754735430000000000000000000
1282.00000000	1104.88353990647900000000000000000000
1284.00000000	1100.08379284057400000000000000000000
1286.00000000	1095.31720687263600000000000000000000
1288.00000000	1090.58346639419160000000000000000000
1290.00000000	1085.88225960877730000000000000000000
1292.00000000	1081.21327847644850000000000000000000
1294.00000000	1076.57621865912760000000000000000000
1296.00000000	1071.97077946697190000000000000000000
1298.00000000	1067.39666380559880000000000000000000
1300.00000000	1062.85357812422350000000000000000000
1302.00000000	1058.34123236466550000000000000000000
1304.00000000	1053.85933991120370000000000000000000
1306.00000000	1049.40761754127720000000000000000000
1308.00000000	1044.98578537702700000000000000000000
1310.00000000	1040.59356683762420000000000000000000
1312.00000000	1036.23068859238740000000000000000000
1314.00000000	1031.89688051470260000000000000000000
1316.00000000	1027.59187563669390000000000000000000
1318.00000000	1023.31541010463960000000000000000000
1320.00000000	1019.06722313512330000000000000000000
1322.00000000	1014.84705697191230000000000000000000
1324.00000000	1010.65465684353350000000000000000000
1326.00000000	1006.48977092156140000000000000000000
1328.00000000	1002.35215027956130000000000000000000
1330.00000000	998.24154885273220000000000000000000
1332.00000000	994.15772339816400000000000000000000
1334.00000000	990.10043345579410000000000000000000
1336.00000000	986.06944130993030000000000000000000
1338.00000000	982.06451195145870000000000000000000
1340.00000000	978.08541304060120000000000000000000
1342.00000000	974.13191487033290000000000000000000
1344.00000000	970.20379033032260000000000000000000
1346.00000000	966.30081487148890000000000000000000
1348.00000000	962.42276647112530000000000000000000
1350.00000000	958.56942559852590000000000000000000
1352.00000000	954.74057518126740000000000000000000
1354.00000000	950.93600057187370000000000000000000
1356.00000000	947.15548951514180000000000000000000
1358.00000000	943.39883211592750000000000000000000
1360.00000000	939.66582080741320000000000000000000
1362.00000000	935.95625031991410000000000000000000
1364.00000000	932.26991765016410000000000000000000
1366.00000000	928.60662203107640000000000000000000
1368.00000000	924.96616490194810000000000000000000
1370.00000000	921.34834987920930000000000000000000
1372.00000000	917.75298272751480000000000000000000
1374.00000000	914.17987133136740000000000000000000
1376.00000000	910.62882566717140000000000000000000
1378.00000000	907.09965777566060000000000000000000
1380.00000000	903.59218173479450000000000000000000
1382.00000000	900.10621363311270000000000000000000
1384.00000000	896.64157154337450000000000000000000
1386.00000000	893.19807549672320000000000000000000
1388.00000000	889.77554745718510000000000000000000
1390.00000000	886.37381129656510000000000000000000
1392.00000000	882.99269276972720000000000000000000
1394.00000000	879.63201949025530000000000000000000
1396.00000000	876.29162090644270000000000000000000
1398.00000000	872.97132827772690000000000000000000
1400.00000000	869.67097465137730000000000000000000
1402.00000000	866.39039483962130000000000000000000
1404.00000000	863.12942539704420000000000000000000
1406.00000000	859.88790459837980000000000000000000
1408.00000000	856.66567241659570000000000000000000
1410.00000000	853.46257050132520000000000000000000
1412.00000000	850.27844215761130000000000000000000
1414.00000000	847.11313232497310000000000000000000
1416.00000000	843.96648755676030000000000000000000
1418.00000000	840.83835599985500000000000000000000
1420.00000000	837.72858737461520000000000000000000
1422.00000000	834.63703295515950000000000000000000
1424.00000000	831.56354554993050000000000000000000
1426.00000000	828.50797948253150000000000000000000
1428.00000000	825.47019057283250000000000000000000
1430.00000000	822.45003611840210000000000000000000
1432.00000000	819.44737487613510000000000000000000
1434.00000000	816.46206704422660000000000000000000
1436.00000000	813.49397424432000000000000000000000
1438.00000000	810.54295950400900000000000000000000
1440.00000000	807.60888723952090000000000000000000
1442.00000000	804.69162323864520000000000000000000
1444.00000000	801.79103464398050000000000000000000
1446.00000000	798.90698993634320000000000000000000
1448.00000000	796.03935891845570000000000000000000
1450.00000000	793.18801269884840000000000000000000
1452.00000000	790.35282367600730000000000000000000
1454.00000000	787.53366552272380000000000000000000
1456.00000000	784.73041317070480000000000000000000
1458.00000000	781.94294279535030000000000000000000
1460.00000000	779.17113180079560000000000000000000
1462.00000000	776.41485880512190000000000000000000
1464.00000000	773.67400362579970000000000000000000
1466.00000000	770.94844726534060000000000000000000
1468.00000000	768.23807189712810000000000000000000
1470.00000000	765.54276085147570000000000000000000
1472.00000000	762.86239860183830000000000000000000
1474.00000000	760.19687075124270000000000000000000
1476.00000000	757.54606401894720000000000000000000
1478.00000000	754.90986622718310000000000000000000
1480.00000000	752.28816628817600000000000000000000
1482.00000000	749.68085419130630000000000000000000
1484.00000000	747.08782099043640000000000000000000
1486.00000000	744.50895879143710000000000000000000
1488.00000000	741.94416073988380000000000000000000
1490.00000000	739.39332100888160000000000000000000
1492.00000000	736.85633478712800000000000000000000
1494.00000000	734.33309826706610000000000000000000
1496.00000000	731.82350863323620000000000000000000
1498.00000000	729.32746405079790000000000000000000
1500.00000000	726.84486365418160000000000000000000
1502.00000000	724.37560753588750000000000000000000
1504.00000000	721.91959673547760000000000000000000
1506.00000000	719.47673322866990000000000000000000
1508.00000000	717.04691991660550000000000000000000
1510.00000000	714.63006061525880000000000000000000
1512.00000000	712.22606004498110000000000000000000
1514.00000000	709.83482382018610000000000000000000
1516.00000000	707.45625843917210000000000000000000
1518.00000000	705.09027127409490000000000000000000
1520.00000000	702.73677056105230000000000000000000
1522.00000000	700.39566539030590000000000000000000
1524.00000000	698.06686569665560000000000000000000
1526.00000000	695.75028224989310000000000000000000
1528.00000000	693.44582664544130000000000000000000
1530.00000000	691.15341129506180000000000000000000
1532.00000000	688.87294941773310000000000000000000
1534.00000000	686.60435503059820000000000000000000
1536.00000000	684.34754294008100000000000000000000
1538.00000000	682.10242873308070000000000000000000
1540.00000000	679.86892876830370000000000000000000
1542.00000000	677.64696016769930000000000000000000
1544.00000000	675.43644080801160000000000000000000
1546.00000000	673.23728931240770000000000000000000
1548.00000000	671.04942504230860000000000000000000
1550.00000000	668.87276808918410000000000000000000
1552.00000000	666.70723926660130000000000000000000
1554.00000000	664.55276010224580000000000000000000
1556.00000000	662.40925283015130000000000000000000
1558.00000000	660.27664038294930000000000000000000
1560.00000000	658.15484638427720000000000000000000
1562.00000000	656.04379514123710000000000000000000
1564.00000000	653.94341163697530000000000000000000
1566.00000000	651.85362152337230000000000000000000
1568.00000000	649.77435111376800000000000000000000
1570.00000000	647.70552737585920000000000000000000
1572.00000000	645.64707792461040000000000000000000
1574.00000000	643.59893101530400000000000000000000
1576.00000000	641.56101553667190000000000000000000
1578.00000000	639.53326100408450000000000000000000
1580.00000000	637.51559755285610000000000000000000
1582.00000000	635.50795593162310000000000000000000
1584.00000000	633.51026749581150000000000000000000
1586.00000000	631.52246420116800000000000000000000
1588.00000000	629.54447859739290000000000000000000
1590.00000000	627.57624382183790000000000000000000
1592.00000000	625.61769359329620000000000000000000
1594.00000000	623.66876220585070000000000000000000
1596.00000000	621.72938452282060000000000000000000
1598.00000000	619.79949597077330000000000000000000
1600.00000000	617.87903253358070000000000000000000
1602.00000000	615.96793074661410000000000000000000
1604.00000000	614.06612769094870000000000000000000
1606.00000000	612.17356098767900000000000000000000
1608.00000000	610.29016879227370000000000000000000
1610.00000000	608.41588978901580000000000000000000
1612.00000000	606.55066318553370000000000000000000
1614.00000000	604.69442870732360000000000000000000
1616.00000000	602.84712659245220000000000000000000
1618.00000000	601.00869758621520000000000000000000
1620.00000000	599.17908293592550000000000000000000
1622.00000000	597.35822438573110000000000000000000
1624.00000000	595.54606417152980000000000000000000
1626.00000000	593.74254501591200000000000000000000
1628.00000000	591.94761012318130000000000000000000
1630.00000000	590.16120317443350000000000000000000
1632.00000000	588.38326832267690000000000000000000
1634.00000000	586.61375018806170000000000000000000
1636.00000000	584.85259385309000000000000000000000
1638.00000000	583.09974485795690000000000000000000
1640.00000000	581.35514919589300000000000000000000
1642.00000000	579.61875330859930000000000000000000
1644.00000000	577.89050408169560000000000000000000
1646.00000000	576.17034884030000000000000000000000
1648.00000000	574.45823534454310000000000000000000
1650.00000000	572.75411178525710000000000000000000
1652.00000000	571.05792677961500000000000000000000
1654.00000000	569.36962936690650000000000000000000
1656.00000000	567.68916900427760000000000000000000
1658.00000000	566.01649556261960000000000000000000
1660.00000000	564.35155932240040000000000000000000
1662.00000000	562.69431096962420000000000000000000
1664.00000000	561.04470159180850000000000000000000
1666.00000000	559.40268267400280000000000000000000
1668.00000000	557.76820609485650000000000000000000
1670.00000000	556.14122412275070000000000000000000
1672.00000000	554.52168941194880000000000000000000
1674.00000000	552.90955499881500000000000000000000
1676.00000000	551.30477429803680000000000000000000
1678.00000000	549.70730109896060000000000000000000
1680.00000000	548.11708956189570000000000000000000
1682.00000000	546.53409421450020000000000000000000
1684.00000000	544.95826994822020000000000000000000
1686.00000000	543.38957201471690000000000000000000
1688.00000000	541.82795602239150000000000000000000
1690.00000000	540.27337793293470000000000000000000
1692.00000000	538.72579405787690000000000000000000
1694.00000000	537.18516105523100000000000000000000
1696.00000000	535.65143592615440000000000000000000
1698.00000000	534.12457601162620000000000000000000
1700.00000000	532.60453898918270000000000000000000
1702.00000000	531.09128286972150000000000000000000
1704.00000000	529.58476599425150000000000000000000
1706.00000000	528.08494703078580000000000000000000
1708.00000000	526.59178497119330000000000000000000
1710.00000000	525.10523912812180000000000000000000
1712.00000000	523.62526913193180000000000000000000
1714.00000000	522.15183492771120000000000000000000
1716.00000000	520.68489677224000000000000000000000
1718.00000000	519.22441523109880000000000000000000
1720.00000000	517.77035117570070000000000000000000
1722.00000000	516.32266578042970000000000000000000
1724.00000000	514.88132051978110000000000000000000
1726.00000000	513.44627716554340000000000000000000
1728.00000000	512.01749778399450000000000000000000
1730.00000000	510.59494473317545000000000000000000
1732.00000000	509.17858066010280000000000000000000
1734.00000000	507.76836849813213000000000000000000
1736.00000000	506.36427146423426000000000000000000
1738.00000000	504.96625305639793000000000000000000
1740.00000000	503.57427705098870000000000000000000
1742.00000000	502.18830750017570000000000000000000
1744.00000000	500.80830872937930000000000000000000
1746.00000000	499.43424533473600000000000000000000
1748.00000000	498.06608218061166000000000000000000
1750.00000000	496.70378439710930000000000000000000
1752.00000000	495.34731737763880000000000000000000
1754.00000000	493.99664677649700000000000000000000
1756.00000000	492.65173850646490000000000000000000
1758.00000000	491.31255873645534000000000000000000
1760.00000000	489.97907388914240000000000000000000
1762.00000000	488.65125063868670000000000000000000
1764.00000000	487.32905590839660000000000000000000
1766.00000000	486.01245686850535000000000000000000
1768.00000000	484.70142093390420000000000000000000
1770.00000000	483.39591576191344000000000000000000
1772.00000000	482.09590925011827000000000000000000
1774.00000000	480.80136953415433000000000000000000
1776.00000000	479.51226498561370000000000000000000
1778.00000000	478.22856420987245000000000000000000
1780.00000000	476.95023604399586000000000000000000
1782.00000000	475.67724955467895000000000000000000
1784.00000000	474.40957403615806000000000000000000
1786.00000000	473.14717900820370000000000000000000
1788.00000000	471.89003421407926000000000000000000
1790.00000000	470.63810961855230000000000000000000
1792.00000000	469.39137540593150000000000000000000
1794.00000000	468.14980197810580000000000000000000
1796.00000000	466.91335995259817000000000000000000
1798.00000000	465.68202016068955000000000000000000
1800.00000000	464.45575364548410000000000000000000
1802.00000000	463.23453166005610000000000000000000
1804.00000000	462.01832566560750000000000000000000
1806.00000000	460.80710732961353000000000000000000
1808.00000000	459.60084852401210000000000000000000
1810.00000000	458.39952132342460000000000000000000
1812.00000000	457.20309800335104000000000000000000
1814.00000000	456.01155103843587000000000000000000
1816.00000000	454.82485310070655000000000000000000
1818.00000000	453.64297705785754000000000000000000
1820.00000000	452.46589597156225000000000000000000
1822.00000000	451.29358309574650000000000000000000
1824.00000000	450.12601187495730000000000000000000
1826.00000000	448.96315594267645000000000000000000
1828.00000000	447.80498911971370000000000000000000
1830.00000000	446.65148541256366000000000000000000
1832.00000000	445.50261901180770000000000000000000
1834.00000000	444.35836429053460000000000000000000
1836.00000000	443.21869580276416000000000000000000
1838.00000000	442.08358828188790000000000000000000
1840.00000000	440.95301663912250000000000000000000
1842.00000000	439.82695596202440000000000000000000
1844.00000000	438.70538151292226000000000000000000
1846.00000000	437.58826872747267000000000000000000
1848.00000000	436.47559321315710000000000000000000
1850.00000000	435.36733074782220000000000000000000
1852.00000000	434.26345727824065000000000000000000
1854.00000000	433.16394891865410000000000000000000
1856.00000000	432.06878194938220000000000000000000
1858.00000000	430.97793281540230000000000000000000
1860.00000000	429.89137812494080000000000000000000
1862.00000000	428.80909464813465000000000000000000
1864.00000000	427.73105931562657000000000000000000
1866.00000000	426.65724921724240000000000000000000
1868.00000000	425.58764160064050000000000000000000
1870.00000000	424.52221386998804000000000000000000
1872.00000000	423.46094358464640000000000000000000
1874.00000000	422.40380845789616000000000000000000
1876.00000000	421.35078635562166000000000000000000
1878.00000000	420.30185529504590000000000000000000
1880.00000000	419.25699344348715000000000000000000
1882.00000000	418.21617911709750000000000000000000
1884.00000000	417.17939077962353000000000000000000
1886.00000000	416.14660704118700000000000000000000
1888.00000000	415.11780665708030000000000000000000
1890.00000000	414.09296852655524000000000000000000
1892.00000000	413.07207169163695000000000000000000
1894.00000000	412.05509533597143000000000000000000
1896.00000000	411.04201878360965000000000000000000
1898.00000000	410.03282149789976000000000000000000
1900.00000000	409.02748308033284000000000000000000
1902.00000000	408.02598326939255000000000000000000
1904.00000000	407.02830193945840000000000000000000
1906.00000000	406.03441909968170000000000000000000
1908.00000000	405.04431489288453000000000000000000
1910.00000000	404.05796959449054000000000000000000
1912.00000000	403.07536361142290000000000000000000
1914.00000000	402.09647748104720000000000000000000
1916.00000000	401.12129187011385000000000000000000
1918.00000000	400.14978757370756000000000000000000
1920.00000000	399.18194551421107000000000000000000
1922.00000000	398.21774674029103000000000000000000
1924.00000000	397.25717242584045000000000000000000
1926.00000000	396.30020386902070000000000000000000
1928.00000000	395.34682249122090000000000000000000
1930.00000000	394.39700983610890000000000000000000
1932.00000000	393.45074756860260000000000000000000
1934.00000000	392.50801747394240000000000000000000
1936.00000000	391.56880145670610000000000000000000
1938.00000000	390.63308153987117000000000000000000
1940.00000000	389.70083986385330000000000000000000
1942.00000000	388.77205868557814000000000000000000
1944.00000000	387.84672037758080000000000000000000
1946.00000000	386.92480742704305000000000000000000
1948.00000000	386.00630243491753000000000000000000
1950.00000000	385.09118811502185000000000000000000
1952.00000000	384.17944729313510000000000000000000
1954.00000000	383.27106290612940000000000000000000
1956.00000000	382.36601800108890000000000000000000
1958.00000000	381.46429573442910000000000000000000
1960.00000000	380.56587937106440000000000000000000
1962.00000000	379.67075228353910000000000000000000
1964.00000000	378.77889795118057000000000000000000
1966.00000000	377.89029995927860000000000000000000
1968.00000000	377.00494199825230000000000000000000
1970.00000000	376.12280786281246000000000000000000
1972.00000000	375.24388145118303000000000000000000
1974.00000000	374.36814676426366000000000000000000
1976.00000000	373.49558790484970000000000000000000
1978.00000000	372.62618907684026000000000000000000
1980.00000000	371.75993458444640000000000000000000
1982.00000000	370.89680883141970000000000000000000
1984.00000000	370.03679632029110000000000000000000
1986.00000000	369.17988165159500000000000000000000
1988.00000000	368.32604952312545000000000000000000
1990.00000000	367.47528472917696000000000000000000
1992.00000000	366.62757215982236000000000000000000
1994.00000000	365.78289680014940000000000000000000
1996.00000000	364.94124372955525000000000000000000
1998.00000000	364.10259812102550000000000000000000
2000.00000000	363.26694524039760000000000000000000
