100.00000000	550.64807204172640000000000000000000
102.00000000	623.18137804239090000000000000000000
104.00000000	684.15807036135940000000000000000000
106.00000000	735.19719475822400000000000000000000
108.00000000	777.75804395761290000000000000000000
110.00000000	813.12572021566110000000000000000000
112.00000000	842.41339562805560000000000000000000
114.00000000	866.57396901591280000000000000000000
116.00000000	886.41624837019490000000000000000000
118.00000000	902.56296260398470000000000000000000
120.00000000	915.70636034136940000000000000000000
122.00000000	926.26740523334730000000000000000000
124.00000000	934.64748303595580000000000000000000
126.00000000	941.18170974405060000000000000000000
128.00000000	946.14964294178040000000000000000000
130.00000000	949.78436859731060000000000000000000
132.00000000	952.28015037927970000000000000000000
134.00000000	953.79883518596630000000000000000000
136.00000000	954.47519876429490000000000000000000
138.00000000	954.42139761337130000000000000000000
140.00000000	953.73067284783340000000000000000000
142.00000000	952.48043115445380000000000000000000
144.00000000	950.73480886752210000000000000000000
146.00000000	948.54680816155120000000000000000000
148.00000000	945.96007959791970000000000000000000
150.00000000	943.01041269718340000000000000000000
152.00000000	939.72698564963870000000000000000000
154.00000000	936.13341648220300000000000000000000
156.00000000	932.24865072114050000000000000000000
158.00000000	928.05165414136000000000000000000000
160.00000000	923.62668761951160000000000000000000
162.00000000	918.94632869866250000000000000000000
164.00000000	914.01735866228840000000000000000000
166.00000000	908.84473390260400000000000000000000
168.00000000	903.43195817142190000000000000000000
170.00000000	897.78141751446300000000000000000000
172.00000000	891.89468663341440000000000000000000
174.00000000	885.77281431835370000000000000000000
176.00000000	879.41659475610330000000000000000000
178.00000000	872.82683091838560000000000000000000
180.00000000	866.00459584652550000000000000000000
182.00000000	858.95149746312640000000000000000000
184.00000000	851.66995254845860000000000000000000
186.00000000	844.16347571894990000000000000000000
188.00000000	836.43698964201910000000000000000000
190.00000000	828.49716332739890000000000000000000
192.00000000	820.35278617062690000000000000000000
194.00000000	812.01518652091890000000000000000000
196.00000000	803.47868095283680000000000000000000
198.00000000	794.80156447125240000000000000000000
200.00000000	785.98553138674520000000000000000000
202.00000000	777.05753921415000000000000000000000
204.00000000	768.05027466065780000000000000000000
206.00000000	759.00313560906870000000000000000000
208.00000000	749.96338975101430000000000000000000
210.00000000	740.98755098238270000000000000000000
212.00000000	732.14302716570600000000000000000000
214.00000000	723.51011082334870000000000000000000
216.00000000	715.18441082997130000000000000000000
218.00000000	707.27986334015830000000000000000000
220.00000000	699.93252268729080000000000000000000
222.00000000	693.30543279205850000000000000000000
224.00000000	687.59504305191000000000000000000000
226.00000000	683.03990686619940000000000000000000
228.00000000	679.93287157617670000000000000000000
230.00000000	678.62901447814370000000000000000000
232.00000000	679.61181558475790000000000000000000
234.00000000	683.47550796298660000000000000000000
236.00000000	691.03335147540410000000000000000000
238.00000000	703.42196548659990000000000000000000
240.00000000	722.29763411101270000000000000000000
242.00000000	750.17581611375540000000000000000000
244.00000000	791.00690318177320000000000000000000
246.00000000	851.07515457310300000000000000000000
248.00000000	940.05852150382180000000000000000000
250.00000000	1070.93921793790240000000000000000000
252.00000000	1254.53008473128920000000000000000000
254.00000000	1483.67611378656850000000000000000000
256.00000000	1720.16138060525210000000000000000000
258.00000000	1917.34985243171740000000000000000000
260.00000000	2058.67692532887900000000000000000000
262.00000000	2157.78322429913600000000000000000000
264.00000000	2236.06598216739800000000000000000000
266.00000000	2310.24875860346360000000000000000000
268.00000000	2390.37898006797150000000000000000000
270.00000000	2480.76354858549100000000000000000000
272.00000000	2580.94685619014670000000000000000000
274.00000000	2686.90382798476960000000000000000000
276.00000000	2792.95629793501940000000000000000000
278.00000000	2893.96811961265080000000000000000000
280.00000000	2986.78950926714200000000000000000000
282.00000000	3070.45345461477430000000000000000000
284.00000000	3145.50659137579440000000000000000000
286.00000000	3213.18951501826130000000000000000000
288.00000000	3274.80368239310500000000000000000000
290.00000000	3331.44014206468900000000000000000000
292.00000000	3383.89945510496730000000000000000000
294.00000000	3432.72454813775860000000000000000000
296.00000000	3478.26832354293700000000000000000000
298.00000000	3520.76000105675940000000000000000000
300.00000000	3560.35720531637570000000000000000000
302.00000000	3597.18204692108570000000000000000000
304.00000000	3631.34373089966860000000000000000000
306.00000000	3662.94668491769400000000000000000000
308.00000000	3692.11431069858800000000000000000000
310.00000000	3718.96418173024000000000000000000000
312.00000000	3743.62456110577430000000000000000000
314.00000000	3766.22792473501000000000000000000000
316.00000000	3786.90827206733400000000000000000000
318.00000000	3805.79839415528400000000000000000000
320.00000000	3823.02736437768040000000000000000000
322.00000000	3838.71838067932050000000000000000000
324.00000000	3852.98041144886700000000000000000000
326.00000000	3865.93272846304540000000000000000000
328.00000000	3877.66566397038470000000000000000000
330.00000000	3888.26493511379000000000000000000000
332.00000000	3897.80499756399500000000000000000000
334.00000000	3906.34876083138850000000000000000000
336.00000000	3913.94746277447100000000000000000000
338.00000000	3920.63228393207370000000000000000000
340.00000000	3926.44752110478570000000000000000000
342.00000000	3931.40199457346000000000000000000000
344.00000000	3935.50150616073870000000000000000000
346.00000000	3938.74151308956650000000000000000000
348.00000000	3941.10797713708000000000000000000000
350.00000000	3942.56878637028100000000000000000000
352.00000000	3943.11430396919100000000000000000000
354.00000000	3942.70270208080770000000000000000000
356.00000000	3941.30135918745650000000000000000000
358.00000000	3938.88279866154300000000000000000000
360.00000000	3935.42106452938330000000000000000000
362.00000000	3930.94388791157050000000000000000000
364.00000000	3925.48200629478420000000000000000000
366.00000000	3919.12597117259840000000000000000000
368.00000000	3912.03378937036900000000000000000000
370.00000000	3904.43846566903400000000000000000000
372.00000000	3896.71142361510300000000000000000000
374.00000000	3889.30595728372960000000000000000000
376.00000000	3882.80101175140900000000000000000000
378.00000000	3877.86911144572650000000000000000000
380.00000000	3875.21804045288200000000000000000000
382.00000000	3875.56265884408640000000000000000000
384.00000000	3879.46381743602900000000000000000000
386.00000000	3887.27948192253050000000000000000000
388.00000000	3899.08328642700640000000000000000000
390.00000000	3914.64122143949100000000000000000000
392.00000000	3933.44594987482470000000000000000000
394.00000000	3954.80133380131250000000000000000000
396.00000000	3977.93471731734460000000000000000000
398.00000000	4002.09988605637450000000000000000000
400.00000000	4026.70738473308850000000000000000000
402.00000000	4051.32565106797530000000000000000000
404.00000000	4075.74728664346460000000000000000000
406.00000000	4099.97946650666800000000000000000000
408.00000000	4124.22357536930200000000000000000000
410.00000000	4148.83966828833850000000000000000000
412.00000000	4174.29970307813400000000000000000000
414.00000000	4201.13316651697800000000000000000000
416.00000000	4229.86120205528100000000000000000000
418.00000000	4260.97682525797900000000000000000000
420.00000000	4294.85035878092100000000000000000000
422.00000000	4331.73733827720500000000000000000000
424.00000000	4371.76404958315000000000000000000000
426.00000000	4414.94062162868700000000000000000000
428.00000000	4461.18762289124300000000000000000000
430.00000000	4510.36837860478700000000000000000000
432.00000000	4562.31957880659000000000000000000000
434.00000000	4616.88366456788100000000000000000000
436.00000000	4673.88984669184200000000000000000000
438.00000000	4733.21220638412250000000000000000000
440.00000000	4794.73665352874600000000000000000000
442.00000000	4858.36680908662950000000000000000000
444.00000000	4924.01984255068100000000000000000000
446.00000000	4991.63276126492100000000000000000000
448.00000000	5061.11654945804200000000000000000000
450.00000000	5132.41639673944700000000000000000000
452.00000000	5205.46799118022300000000000000000000
454.00000000	5280.20681196008100000000000000000000
456.00000000	5356.56755845434100000000000000000000
458.00000000	5434.49774888311300000000000000000000
460.00000000	5513.90284861855600000000000000000000
462.00000000	5594.72837465040300000000000000000000
464.00000000	5676.90573885563000000000000000000000
466.00000000	5760.36598641335000000000000000000000
468.00000000	5845.03999145835200000000000000000000
470.00000000	5930.87671697368600000000000000000000
472.00000000	6017.77128992773600000000000000000000
474.00000000	6105.67270905072200000000000000000000
476.00000000	6194.51250164450300000000000000000000
478.00000000	6284.22254387924300000000000000000000
480.00000000	6374.73508712116400000000000000000000
482.00000000	6465.98276664579800000000000000000000
484.00000000	6557.89859543596050000000000000000000
486.00000000	6650.44010786325400000000000000000000
488.00000000	6743.49298301817900000000000000000000
490.00000000	6837.01505357298200000000000000000000
492.00000000	6930.94054201693400000000000000000000
494.00000000	7025.20384715617300000000000000000000
496.00000000	7119.73947535947100000000000000000000
498.00000000	7214.48196365656500000000000000000000
500.00000000	7309.36579544884700000000000000000000
502.00000000	7404.32530982545900000000000000000000
504.00000000	7499.29460574869800000000000000000000
506.00000000	7594.23919389788400000000000000000000
508.00000000	7689.02908410619700000000000000000000
510.00000000	7783.62859084965800000000000000000000
512.00000000	7877.96985096844900000000000000000000
514.00000000	7971.98426834792500000000000000000000
516.00000000	8065.60242829307600000000000000000000
518.00000000	8158.75402201590000000000000000000000
520.00000000	8251.36778372957300000000000000000000
522.00000000	8343.37144272142900000000000000000000
524.00000000	8434.69169258921500000000000000000000
526.00000000	8525.25417957831300000000000000000000
528.00000000	8614.98351166063400000000000000000000
530.00000000	8703.80328965839700000000000000000000
532.00000000	8791.63616134801500000000000000000000
534.00000000	8878.40389851850300000000000000000000
536.00000000	8964.06632515556200000000000000000000
538.00000000	9048.46591320210400000000000000000000
540.00000000	9131.56152426159000000000000000000000
542.00000000	9213.27267263028300000000000000000000
544.00000000	9293.51873039759600000000000000000000
546.00000000	9372.21913636941100000000000000000000
548.00000000	9449.29362202927800000000000000000000
550.00000000	9524.66245242370100000000000000000000
552.00000000	9598.24667966904800000000000000000000
554.00000000	9669.96840662935800000000000000000000
556.00000000	9739.75105820709400000000000000000000
558.00000000	9807.51965762012200000000000000000000
560.00000000	9873.20110500884200000000000000000000
562.00000000	9936.72445572299700000000000000000000
564.00000000	9998.02119567673600000000000000000000
566.00000000	10057.02551123121500000000000000000000
568.00000000	10113.67455116280100000000000000000000
570.00000000	10167.90867839752900000000000000000000
572.00000000	10219.67170934082200000000000000000000
574.00000000	10268.91113879469800000000000000000000
576.00000000	10315.61118753772600000000000000000000
578.00000000	10359.66043575303800000000000000000000
580.00000000	10401.05259689750200000000000000000000
582.00000000	10439.75178262353800000000000000000000
584.00000000	10475.72663472540600000000000000000000
586.00000000	10508.95043245180400000000000000000000
588.00000000	10539.40117703790600000000000000000000
590.00000000	10567.06165313887700000000000000000000
592.00000000	10591.91946706274400000000000000000000
594.00000000	10613.96706191093300000000000000000000
596.00000000	10633.20170993457200000000000000000000
598.00000000	10649.62548260624900000000000000000000
600.00000000	10663.24519908386500000000000000000000
602.00000000	10674.07235390816100000000000000000000
604.00000000	10682.12302492441800000000000000000000
606.00000000	10687.41776255252000000000000000000000
608.00000000	10689.98146164592000000000000000000000
610.00000000	10689.84321728037100000000000000000000
612.00000000	10687.03616589494000000000000000000000
614.00000000	10681.59731327286700000000000000000000
616.00000000	10673.56735089831000000000000000000000
618.00000000	10662.99046225571300000000000000000000
620.00000000	10649.91412065456600000000000000000000
622.00000000	10634.38888016270000000000000000000000
624.00000000	10616.46816121851200000000000000000000
626.00000000	10596.20803246684000000000000000000000
628.00000000	10573.66699032624800000000000000000000
630.00000000	10548.90573775054300000000000000000000
632.00000000	10521.98696359236000000000000000000000
634.00000000	10492.97512391887200000000000000000000
636.00000000	10461.93622656482300000000000000000000
638.00000000	10428.93762014525000000000000000000000
640.00000000	10394.04778868533000000000000000000000
642.00000000	10357.31963616252700000000000000000000
644.00000000	10318.85487907307800000000000000000000
646.00000000	10278.70925270170100000000000000000000
648.00000000	10236.95387961419100000000000000000000
650.00000000	10193.66011187051300000000000000000000
652.00000000	10148.89938101085100000000000000000000
654.00000000	10102.74306076527500000000000000000000
656.00000000	10055.26234362987500000000000000000000
658.00000000	10006.52813262265600000000000000000000
660.00000000	9956.61094979221500000000000000000000
662.00000000	9905.58086343725500000000000000000000
664.00000000	9853.50743655686500000000000000000000
666.00000000	9800.45969986520900000000000000000000
668.00000000	9746.50615388983000000000000000000000
670.00000000	9691.71480640888900000000000000000000
672.00000000	9636.15325406315800000000000000000000
674.00000000	9579.88882087399200000000000000000000
676.00000000	9522.98877240597400000000000000000000
678.00000000	9465.52063380406400000000000000000000
680.00000000	9407.55265537012200000000000000000000
682.00000000	9349.15449529452800000000000000000000
684.00000000	9290.39823453188500000000000000000000
686.00000000	9231.35992186886300000000000000000000
688.00000000	9172.12200785030700000000000000000000
690.00000000	9112.77735818028500000000000000000000
692.00000000	9053.43628229727300000000000000000000
694.00000000	8994.23987161065500000000000000000000
696.00000000	8935.38828316418400000000000000000000
698.00000000	8877.21139018108000000000000000000000
700.00000000	8820.40069258567400000000000000000000
702.00000000	8767.42839184817800000000000000000000
704.00000000	8697.66800499007100000000000000000000
706.00000000	8619.51729158809800000000000000000000
708.00000000	8544.78053471413800000000000000000000
710.00000000	8471.53543719015000000000000000000000
712.00000000	8399.22166466816500000000000000000000
714.00000000	8327.59883598855200000000000000000000
716.00000000	8256.54691915720800000000000000000000
718.00000000	8186.00201322557900000000000000000000
720.00000000	8115.92989471147600000000000000000000
722.00000000	8046.31333405927300000000000000000000
724.00000000	7977.14534828347500000000000000000000
726.00000000	7908.42532957699400000000000000000000
728.00000000	7840.15669358264800000000000000000000
730.00000000	7772.34538656427900000000000000000000
732.00000000	7704.99890485763700000000000000000000
734.00000000	7638.12563360287700000000000000000000
736.00000000	7571.73439188170400000000000000000000
738.00000000	7505.83411545158000000000000000000000
740.00000000	7440.43363362927600000000000000000000
742.00000000	7375.54151203757700000000000000000000
744.00000000	7311.16594230426900000000000000000000
746.00000000	7247.31466577003450000000000000000000
748.00000000	7183.99492216018500000000000000000000
750.00000000	7121.21341678263700000000000000000000
752.00000000	7058.97630159226500000000000000000000
754.00000000	6997.28916670037100000000000000000000
756.00000000	6936.15703978219900000000000000000000
758.00000000	6875.58439146568600000000000000000000
760.00000000	6815.57514524175500000000000000000000
762.00000000	6756.07535647788200000000000000000000
764.00000000	6697.20283095468950000000000000000000
766.00000000	6638.90234997376900000000000000000000
768.00000000	6581.17580305888600000000000000000000
770.00000000	6524.02461848600200000000000000000000
772.00000000	6467.44978382663300000000000000000000
774.00000000	6411.45186682274700000000000000000000
776.00000000	6356.03103639123900000000000000000000
778.00000000	6301.18708359952600000000000000000000
780.00000000	6246.91944249018900000000000000000000
782.00000000	6193.22721066150700000000000000000000
784.00000000	6140.10916953459400000000000000000000
786.00000000	6087.56380425886500000000000000000000
788.00000000	6035.58932322323600000000000000000000
790.00000000	5984.18367715674000000000000000000000
792.00000000	5933.34457781406900000000000000000000
794.00000000	5883.06951625395300000000000000000000
796.00000000	5833.35578072916100000000000000000000
798.00000000	5784.20047421773050000000000000000000
800.00000000	5735.60053163556000000000000000000000
802.00000000	5687.55273678195900000000000000000000
804.00000000	5640.05373908245100000000000000000000
806.00000000	5593.10007020621100000000000000000000
808.00000000	5546.68816065239900000000000000000000
810.00000000	5500.81435641854400000000000000000000
812.00000000	5455.47493588737600000000000000000000
814.00000000	5410.66612709769200000000000000000000
816.00000000	5366.38412560064900000000000000000000
818.00000000	5322.62511314902350000000000000000000
820.00000000	5279.38527752633000000000000000000000
822.00000000	5236.66083389905700000000000000000000
824.00000000	5194.44804817655300000000000000000000
826.00000000	5152.74326299742400000000000000000000
828.00000000	5111.54292714117500000000000000000000
830.00000000	5070.84362941001500000000000000000000
832.00000000	5030.64213836379300000000000000000000
834.00000000	4990.93544976563000000000000000000000
836.00000000	4951.72084426827950000000000000000000
838.00000000	4912.99595884593400000000000000000000
840.00000000	4874.75887690973200000000000000000000
842.00000000	4837.00824420513300000000000000000000
844.00000000	4799.74342091447850000000000000000000
846.00000000	4762.96468565130800000000000000000000
848.00000000	4726.67351561341700000000000000000000
850.00000000	4690.87298164523200000000000000000000
852.00000000	4655.56832240370500000000000000000000
854.00000000	4620.76780866641900000000000000000000
856.00000000	4586.48410002639200000000000000000000
858.00000000	4552.73648625765400000000000000000000
860.00000000	4519.55483648367200000000000000000000
862.00000000	4486.98716792979500000000000000000000
864.00000000	4455.11592830618100000000000000000000
866.00000000	4424.09956218380400000000000000000000
868.00000000	4394.31429056630600000000000000000000
870.00000000	4367.33086269467550000000000000000000
872.00000000	4298.56491540396750000000000000000000
874.00000000	4241.38732576886200000000000000000000
876.00000000	4191.41202484593400000000000000000000
878.00000000	4144.97154065099900000000000000000000
880.00000000	4100.85000506156400000000000000000000
882.00000000	4058.46020678841340000000000000000000
884.00000000	4017.46324500276300000000000000000000
886.00000000	3977.64121131733960000000000000000000
888.00000000	3938.84328576725370000000000000000000
890.00000000	3900.95930155166200000000000000000000
892.00000000	3863.90538573922780000000000000000000
894.00000000	3827.61554585781600000000000000000000
896.00000000	3792.03644283752600000000000000000000
898.00000000	3757.12398800183840000000000000000000
900.00000000	3722.84104111296000000000000000000000
902.00000000	3689.15580267721270000000000000000000
904.00000000	3656.04066030257200000000000000000000
906.00000000	3623.47134138764300000000000000000000
908.00000000	3591.42627809079070000000000000000000
910.00000000	3559.88612287616340000000000000000000
912.00000000	3528.83337308143750000000000000000000
914.00000000	3498.25207586728270000000000000000000
916.00000000	3468.12759340131100000000000000000000
918.00000000	3438.44641384134100000000000000000000
920.00000000	3409.19599760259500000000000000000000
922.00000000	3380.36465113523670000000000000000000
924.00000000	3351.94142238497760000000000000000000
926.00000000	3323.91601342861900000000000000000000
928.00000000	3296.27870741915470000000000000000000
930.00000000	3269.02030588239800000000000000000000
932.00000000	3242.13207608179440000000000000000000
934.00000000	3215.60570548426950000000000000000000
936.00000000	3189.43326256826960000000000000000000
938.00000000	3163.60716284271440000000000000000000
940.00000000	3138.12013923486030000000000000000000
942.00000000	3112.96521616156860000000000000000000
944.00000000	3088.13568672240440000000000000000000
946.00000000	3063.62509255183000000000000000000000
948.00000000	3039.42720594666900000000000000000000
950.00000000	3015.53601394953970000000000000000000
952.00000000	2991.94570412035550000000000000000000
954.00000000	2968.65065177100040000000000000000000
956.00000000	2945.64540847263420000000000000000000
958.00000000	2922.92469167456500000000000000000000
960.00000000	2900.48337529667830000000000000000000
962.00000000	2878.31648117809660000000000000000000
964.00000000	2856.41917128065320000000000000000000
966.00000000	2834.78674056061250000000000000000000
968.00000000	2813.41461043290660000000000000000000
970.00000000	2792.29832276294100000000000000000000
972.00000000	2771.43353432915100000000000000000000
974.00000000	2750.81601170664300000000000000000000
976.00000000	2730.44162652883800000000000000000000
978.00000000	2710.30635108882800000000000000000000
980.00000000	2690.40625424722800000000000000000000
982.00000000	2670.73749761690670000000000000000000
984.00000000	2651.29633199860100000000000000000000
986.00000000	2632.07909404419000000000000000000000
988.00000000	2613.08220312731460000000000000000000
990.00000000	2594.30215840285060000000000000000000
992.00000000	2575.73553603909340000000000000000000
994.00000000	2557.37898660803740000000000000000000
996.00000000	2539.22923262065840000000000000000000
998.00000000	2521.28306619560540000000000000000000
1000.00000000	2503.53734685057270000000000000000000
1002.00000000	2485.98899940710730000000000000000000
1004.00000000	2468.63501200000000000000000000000000
1006.00000000	2451.47243418382300000000000000000000
1008.00000000	2434.49837512926160000000000000000000
1010.00000000	2417.71000190319700000000000000000000
1012.00000000	2401.10453782643940000000000000000000
1014.00000000	2384.67926090411770000000000000000000
1016.00000000	2368.43150232367270000000000000000000
1018.00000000	2352.35864501627070000000000000000000
1020.00000000	2336.45812227740450000000000000000000
1022.00000000	2320.72741644325740000000000000000000
1024.00000000	2305.16405761912940000000000000000000
1026.00000000	2289.76562245711880000000000000000000
1028.00000000	2274.52973298005960000000000000000000
1030.00000000	2259.45405544898300000000000000000000
1032.00000000	2244.53629927192400000000000000000000
1034.00000000	2229.74962651503700000000000000000000
1036.00000000	2215.14120155918230000000000000000000
1038.00000000	2200.68407259562200000000000000000000
1040.00000000	2186.37611148384300000000000000000000
1042.00000000	2172.21522831828800000000000000000000
1044.00000000	2158.19937054241340000000000000000000
1046.00000000	2144.32652209114300000000000000000000
1048.00000000	2130.59470256050870000000000000000000
1050.00000000	2117.00196640314800000000000000000000
1052.00000000	2103.54640214845300000000000000000000
1054.00000000	2090.22613164642900000000000000000000
1056.00000000	2077.03930933397530000000000000000000
1058.00000000	2063.98412152286000000000000000000000
1060.00000000	2051.05878570833560000000000000000000
1062.00000000	2038.26154989757650000000000000000000
1064.00000000	2025.59069195715300000000000000000000
1066.00000000	2013.04451897874040000000000000000000
1068.00000000	2000.62136666238210000000000000000000
1070.00000000	1988.31959871660340000000000000000000
1072.00000000	1976.13760627476880000000000000000000
1074.00000000	1964.07380732700930000000000000000000
1076.00000000	1952.12664616723830000000000000000000
1078.00000000	1940.29459285461460000000000000000000
1080.00000000	1928.57614268903260000000000000000000
1082.00000000	1916.96981570003460000000000000000000
1084.00000000	1905.47415614880880000000000000000000
1086.00000000	1894.08773204270700000000000000000000
1088.00000000	1882.80913466192490000000000000000000
1090.00000000	1871.63697809797490000000000000000000
1092.00000000	1860.56989880342920000000000000000000
1094.00000000	1849.60655515274740000000000000000000
1096.00000000	1838.74562701367300000000000000000000
1098.00000000	1827.98581532900300000000000000000000
1100.00000000	1817.32584170828950000000000000000000
1102.00000000	1806.76444802923100000000000000000000
1104.00000000	1796.30039604847230000000000000000000
1106.00000000	1785.93246702148050000000000000000000
1108.00000000	1775.65946133123680000000000000000000
1110.00000000	1765.48019812554570000000000000000000
1112.00000000	1755.39351496260180000000000000000000
1114.00000000	1745.39826746468800000000000000000000
1116.00000000	1735.49332897969630000000000000000000
1118.00000000	1725.67759025027020000000000000000000
1120.00000000	1715.94995909037330000000000000000000
1122.00000000	1706.30936006904900000000000000000000
1124.00000000	1696.75473420121240000000000000000000
1126.00000000	1687.28503864521990000000000000000000
1128.00000000	1677.89924640710680000000000000000000
1130.00000000	1668.59634605125400000000000000000000
1132.00000000	1659.37534141735070000000000000000000
1134.00000000	1650.23525134346460000000000000000000
1136.00000000	1641.17510939506840000000000000000000
1138.00000000	1632.19396359987150000000000000000000
1140.00000000	1623.29087618828750000000000000000000
1142.00000000	1614.46492333942770000000000000000000
1144.00000000	1605.71519493243660000000000000000000
1146.00000000	1597.04079430307730000000000000000000
1148.00000000	1588.44083800540030000000000000000000
1150.00000000	1579.91445557838400000000000000000000
1152.00000000	1571.46078931742680000000000000000000
1154.00000000	1563.07899405056300000000000000000000
1156.00000000	1554.76823691929330000000000000000000
1158.00000000	1546.52769716389300000000000000000000
1160.00000000	1538.35656591315930000000000000000000
1162.00000000	1530.25404597837060000000000000000000
1164.00000000	1522.21935165149970000000000000000000
1166.00000000	1514.25170850744370000000000000000000
1168.00000000	1506.35035321029160000000000000000000
1170.00000000	1498.51453332344450000000000000000000
1172.00000000	1490.74350712354930000000000000000000
1174.00000000	1483.03654341814500000000000000000000
1176.00000000	1475.39292136692230000000000000000000
1178.00000000	1467.81193030652730000000000000000000
1180.00000000	1460.29286957883280000000000000000000
1182.00000000	1452.83504836256630000000000000000000
1184.00000000	1445.43778550826190000000000000000000
1186.00000000	1438.10040937642730000000000000000000
1188.00000000	1430.82225767885500000000000000000000
1190.00000000	1423.60267732304170000000000000000000
1192.00000000	1416.44102425958020000000000000000000
1194.00000000	1409.33666333255250000000000000000000
1196.00000000	1402.28896813274740000000000000000000
1198.00000000	1395.29732085371120000000000000000000
1200.00000000	1388.36111215058460000000000000000000
1202.00000000	1381.47974100157880000000000000000000
1204.00000000	1374.65261457212800000000000000000000
1206.00000000	1367.87914808159050000000000000000000
1208.00000000	1361.15876467248700000000000000000000
1210.00000000	1354.49089528220090000000000000000000
1212.00000000	1347.87497851707050000000000000000000
1214.00000000	1341.31046052889090000000000000000000
1216.00000000	1334.79679489365340000000000000000000
1218.00000000	1328.33344249261540000000000000000000
1220.00000000	1321.91987139551590000000000000000000
1222.00000000	1315.55555674604300000000000000000000
1224.00000000	1309.23998064929790000000000000000000
1226.00000000	1302.97263206145930000000000000000000
1228.00000000	1296.75300668138060000000000000000000
1230.00000000	1290.58060684424000000000000000000000
1232.00000000	1284.45494141709200000000000000000000
1234.00000000	1278.37552569635360000000000000000000
1236.00000000	1272.34188130712620000000000000000000
1238.00000000	1266.35353610438900000000000000000000
1240.00000000	1260.41002407592760000000000000000000
1242.00000000	1254.51088524706030000000000000000000
1244.00000000	1248.65566558706150000000000000000000
1246.00000000	1242.84391691724140000000000000000000
1248.00000000	1237.07519682073260000000000000000000
1250.00000000	1231.34906855383060000000000000000000
1252.00000000	1225.66510095894770000000000000000000
1254.00000000	1220.02286837908350000000000000000000
1256.00000000	1214.42195057387740000000000000000000
1258.00000000	1208.86193263705560000000000000000000
1260.00000000	1203.34240491540980000000000000000000
1262.00000000	1197.86296292917020000000000000000000
1264.00000000	1192.42320729377480000000000000000000
1266.00000000	1187.02274364302370000000000000000000
1268.00000000	1181.66118255356000000000000000000000
1270.00000000	1176.33813947068120000000000000000000
1272.00000000	1171.05323463544910000000000000000000
1274.00000000	1165.80609301302680000000000000000000
1276.00000000	1160.59634422229760000000000000000000
1278.00000000	1155.42362246667270000000000000000000
1280.00000000	1150.28756646611580000000000000000000
1282.00000000	1145.18781939029960000000000000000000
1284.00000000	1140.12402879294380000000000000000000
1286.00000000	1135.09584654726930000000000000000000
1288.00000000	1130.10292878252700000000000000000000
1290.00000000	1125.14493582162690000000000000000000
1292.00000000	1120.22153211986300000000000000000000
1294.00000000	1115.33238620459100000000000000000000
1296.00000000	1110.47717061600860000000000000000000
1298.00000000	1105.65556184888500000000000000000000
1300.00000000	1100.86724029529680000000000000000000
1302.00000000	1096.11189018831600000000000000000000
1304.00000000	1091.38919954663360000000000000000000
1306.00000000	1086.69886012011600000000000000000000
1308.00000000	1082.04056733628340000000000000000000
1310.00000000	1077.41402024765500000000000000000000
1312.00000000	1072.81892147997220000000000000000000
1314.00000000	1068.25497718129650000000000000000000
1316.00000000	1063.72189697193700000000000000000000
1318.00000000	1059.21939389519640000000000000000000
1320.00000000	1054.74718436894320000000000000000000
1322.00000000	1050.30498813796520000000000000000000
1324.00000000	1045.89252822710480000000000000000000
1326.00000000	1041.50953089517600000000000000000000
1328.00000000	1037.15572558960820000000000000000000
1330.00000000	1032.83084490185180000000000000000000
1332.00000000	1028.53462452348370000000000000000000
1334.00000000	1024.26680320305220000000000000000000
1336.00000000	1020.02712270358060000000000000000000
1338.00000000	1015.81532776080440000000000000000000
1340.00000000	1011.63116604202900000000000000000000
1342.00000000	1007.47438810570340000000000000000000
1344.00000000	1003.34474736158540000000000000000000
1346.00000000	999.24200003158230000000000000000000
1348.00000000	995.16590511121150000000000000000000
1350.00000000	991.11622433162770000000000000000000
1352.00000000	987.09272212236810000000000000000000
1354.00000000	983.09516557452450000000000000000000
1356.00000000	979.12332440464020000000000000000000
1358.00000000	975.17697091912280000000000000000000
1360.00000000	971.25587997918650000000000000000000
1362.00000000	967.35982896638900000000000000000000
1364.00000000	963.48859774869860000000000000000000
1366.00000000	959.64196864709450000000000000000000
1368.00000000	955.81972640264760000000000000000000
1370.00000000	952.02165814420300000000000000000000
1372.00000000	948.24755335645970000000000000000000
1374.00000000	944.49720384861430000000000000000000
1376.00000000	940.77040372349400000000000000000000
1378.00000000	937.06694934710570000000000000000000
1380.00000000	933.38663931870360000000000000000000
1382.00000000	929.72927444134440000000000000000000
1384.00000000	926.09465769279310000000000000000000
1386.00000000	922.48259419698020000000000000000000
1388.00000000	918.89289119584250000000000000000000
1390.00000000	915.32535802160070000000000000000000
1392.00000000	911.77980606946210000000000000000000
1394.00000000	908.25604877074510000000000000000000
1396.00000000	904.75390156637370000000000000000000
1398.00000000	901.27318188085010000000000000000000
1400.00000000	897.81370909652700000000000000000000
1402.00000000	894.37530452834550000000000000000000
1404.00000000	890.95779139889430000000000000000000
1406.00000000	887.56099481388880000000000000000000
1408.00000000	884.18474173798420000000000000000000
1410.00000000	880.82886097096760000000000000000000
1412.00000000	877.49318312429810000000000000000000
1414.00000000	874.17754059800570000000000000000000
1416.00000000	870.88176755790770000000000000000000
1418.00000000	867.60569991320600000000000000000000
1420.00000000	864.34917529436280000000000000000000
1422.00000000	861.11203303133890000000000000000000
1424.00000000	857.89411413216070000000000000000000
1426.00000000	854.69526126176520000000000000000000
1428.00000000	851.51531872116990000000000000000000
1430.00000000	848.35413242698280000000000000000000
1432.00000000	845.21154989113960000000000000000000
1434.00000000	842.08742020102340000000000000000000
1436.00000000	838.98159399977700000000000000000000
1438.00000000	835.89392346700230000000000000000000
1440.00000000	832.82426229967040000000000000000000
1442.00000000	829.77246569329680000000000000000000
1444.00000000	826.73839032346830000000000000000000
1446.00000000	823.72189432755370000000000000000000
1448.00000000	820.72283728672150000000000000000000
1450.00000000	817.74108020819350000000000000000000
1452.00000000	814.77648550777750000000000000000000
1454.00000000	811.82891699261270000000000000000000
1456.00000000	808.89823984420980000000000000000000
1458.00000000	805.98432060168110000000000000000000
1460.00000000	803.08702714525460000000000000000000
1462.00000000	800.20622867998070000000000000000000
1464.00000000	797.34179571969760000000000000000000
1466.00000000	794.49360007122060000000000000000000
1468.00000000	791.66151481873800000000000000000000
1470.00000000	788.84541430845130000000000000000000
1472.00000000	786.04517413339700000000000000000000
1474.00000000	783.26067111849530000000000000000000
1476.00000000	780.49178330586220000000000000000000
1478.00000000	777.73838994021510000000000000000000
1480.00000000	775.00037145457780000000000000000000
1482.00000000	772.27760945615070000000000000000000
1484.00000000	769.56998671235990000000000000000000
1486.00000000	766.87738713712600000000000000000000
1488.00000000	764.19969577732470000000000000000000
1490.00000000	761.53679879938660000000000000000000
1492.00000000	758.88858347616260000000000000000000
1494.00000000	756.25493817389100000000000000000000
1496.00000000	753.63575233937840000000000000000000
1498.00000000	751.03091648737640000000000000000000
1500.00000000	748.44032218809480000000000000000000
1502.00000000	745.86386205488510000000000000000000
1504.00000000	743.30142973213340000000000000000000
1506.00000000	740.75291988326560000000000000000000
1508.00000000	738.21822817894610000000000000000000
1510.00000000	735.69725128543950000000000000000000
1512.00000000	733.18988685310640000000000000000000
1514.00000000	730.69603350507010000000000000000000
1516.00000000	728.21559082603280000000000000000000
1518.00000000	725.74845935124630000000000000000000
1520.00000000	723.29454055562350000000000000000000
1522.00000000	720.85373684298930000000000000000000
1524.00000000	718.42595153550560000000000000000000
1526.00000000	716.01108886318420000000000000000000
1528.00000000	713.60905395360150000000000000000000
1530.00000000	711.21975282169350000000000000000000
1532.00000000	708.84309235973600000000000000000000
1534.00000000	706.47898032740480000000000000000000
1536.00000000	704.12732534201780000000000000000000
1538.00000000	701.78803686886850000000000000000000
1540.00000000	699.46102521170890000000000000000000
1542.00000000	697.14620150334840000000000000000000
1544.00000000	694.84347769637840000000000000000000
1546.00000000	692.55276655398840000000000000000000
1548.00000000	690.27398164099460000000000000000000
1550.00000000	688.00703731484210000000000000000000
1552.00000000	685.75184871687460000000000000000000
1554.00000000	683.50833176358700000000000000000000
1556.00000000	681.27640313809490000000000000000000
1558.00000000	679.05598028163800000000000000000000
1560.00000000	676.84698138525190000000000000000000
1562.00000000	674.64932538149750000000000000000000
1564.00000000	672.46293193632360000000000000000000
1566.00000000	670.28772144105430000000000000000000
1568.00000000	668.12361500440940000000000000000000
1570.00000000	665.97053444472260000000000000000000
1572.00000000	663.82840228216910000000000000000000
1574.00000000	661.69714173114830000000000000000000
1576.00000000	659.57667669275700000000000000000000
1578.00000000	657.46693174732570000000000000000000
1580.00000000	655.36783214708750000000000000000000
1582.00000000	653.27930380891660000000000000000000
1584.00000000	651.20127330718050000000000000000000
1586.00000000	649.13366786664630000000000000000000
1588.00000000	647.07641535551440000000000000000000
1590.00000000	645.02944427851470000000000000000000
1592.00000000	642.99268377010480000000000000000000
1594.00000000	640.96606358773800000000000000000000
1596.00000000	638.94951410523490000000000000000000
1598.00000000	636.94296630622680000000000000000000
1600.00000000	634.94635177765610000000000000000000
1602.00000000	632.95960270341580000000000000000000
1604.00000000	630.98265185801420000000000000000000
1606.00000000	629.01543260035060000000000000000000
1608.00000000	627.05787886754020000000000000000000
1610.00000000	625.10992516883600000000000000000000
1612.00000000	623.17150657963950000000000000000000
1614.00000000	621.24255873551950000000000000000000
1616.00000000	619.32301782640660000000000000000000
1618.00000000	617.41282059076510000000000000000000
1620.00000000	615.51190430988750000000000000000000
1622.00000000	613.62020680223120000000000000000000
1624.00000000	611.73766641785850000000000000000000
1626.00000000	609.86422203291120000000000000000000
1628.00000000	607.99981304416780000000000000000000
1630.00000000	606.14437936366470000000000000000000
1632.00000000	604.29786141336730000000000000000000
1634.00000000	602.46020011995480000000000000000000
1636.00000000	600.63133690959170000000000000000000
1638.00000000	598.81121370283290000000000000000000
1640.00000000	596.99977290954290000000000000000000
1642.00000000	595.19695742390750000000000000000000
1644.00000000	593.40271061946430000000000000000000
1646.00000000	591.61697634427560000000000000000000
1648.00000000	589.83969891603390000000000000000000
1650.00000000	588.07082311734960000000000000000000
1652.00000000	586.31029419100210000000000000000000
1654.00000000	584.55805783531910000000000000000000
1656.00000000	582.81406019953450000000000000000000
1658.00000000	581.07824787929860000000000000000000
1660.00000000	579.35056791213210000000000000000000
1662.00000000	577.63096777302030000000000000000000
1664.00000000	575.91939537002090000000000000000000
1666.00000000	574.21579903992470000000000000000000
1668.00000000	572.52012754396810000000000000000000
1670.00000000	570.83233006361050000000000000000000
1672.00000000	569.15235619634530000000000000000000
1674.00000000	567.48015595156810000000000000000000
1676.00000000	565.81567974646670000000000000000000
1678.00000000	564.15887840202480000000000000000000
1680.00000000	562.50970313898870000000000000000000
1682.00000000	560.86810557393970000000000000000000
1684.00000000	559.23403771540360000000000000000000
1686.00000000	557.60745195996480000000000000000000
1688.00000000	555.98830108847980000000000000000000
1690.00000000	554.37653826231310000000000000000000
1692.00000000	552.77211701959000000000000000000000
1694.00000000	551.17499127153200000000000000000000
1696.00000000	549.58511529882500000000000000000000
1698.00000000	548.00244374800270000000000000000000
1700.00000000	546.42693162789160000000000000000000
1702.00000000	544.85853430613100000000000000000000
1704.00000000	543.29720750563930000000000000000000
1706.00000000	541.74290730122900000000000000000000
1708.00000000	540.19559011617960000000000000000000
1710.00000000	538.65521271889530000000000000000000
1712.00000000	537.12173221956440000000000000000000
1714.00000000	535.59510606691100000000000000000000
1716.00000000	534.07529204490040000000000000000000
1718.00000000	532.56224826958410000000000000000000
1720.00000000	531.05593318588020000000000000000000
1722.00000000	529.55630556445930000000000000000000
1724.00000000	528.06332449863510000000000000000000
1726.00000000	526.57694940129660000000000000000000
1728.00000000	525.09714000187160000000000000000000
1730.00000000	523.62385634334990000000000000000000
1732.00000000	522.15705877926230000000000000000000
1734.00000000	520.69670797081550000000000000000000
1736.00000000	519.24276488392760000000000000000000
1738.00000000	517.79519078640990000000000000000000
1740.00000000	516.35394724509740000000000000000000
1742.00000000	514.91899612305330000000000000000000
1744.00000000	513.49029957679760000000000000000000
1746.00000000	512.06782005355160000000000000000000
1748.00000000	510.65152028853960000000000000000000
1750.00000000	509.24136330228590000000000000000000
1752.00000000	507.83731239796833000000000000000000
1754.00000000	506.43933115880037000000000000000000
1756.00000000	505.04738344541573000000000000000000
1758.00000000	503.66143339332150000000000000000000
1760.00000000	502.28144541032110000000000000000000
1762.00000000	500.90738417404845000000000000000000
1764.00000000	499.53921462942986000000000000000000
1766.00000000	498.17690198627260000000000000000000
1768.00000000	496.82041171680464000000000000000000
1770.00000000	495.46970955325990000000000000000000
1772.00000000	494.12476148552950000000000000000000
1774.00000000	492.78553375876060000000000000000000
1776.00000000	491.45199287108470000000000000000000
1778.00000000	490.12410557126540000000000000000000
1780.00000000	488.80183885642487000000000000000000
1782.00000000	487.48515996981330000000000000000000
1784.00000000	486.17403639854420000000000000000000
1786.00000000	484.86843587141840000000000000000000
1788.00000000	483.56832635671610000000000000000000
1790.00000000	482.27367606003685000000000000000000
1792.00000000	480.98445342217670000000000000000000
1794.00000000	479.70062711700240000000000000000000
1796.00000000	478.42216604934504000000000000000000
1798.00000000	477.14903935296536000000000000000000
1800.00000000	475.88121638846013000000000000000000
1802.00000000	474.61866674125700000000000000000000
1804.00000000	473.36136021961730000000000000000000
1806.00000000	472.10926685263020000000000000000000
1808.00000000	470.86235688825210000000000000000000
1810.00000000	469.62060079137984000000000000000000
1812.00000000	468.38396924190060000000000000000000
1814.00000000	467.15243313281110000000000000000000
1816.00000000	465.92596356831456000000000000000000
1818.00000000	464.70453186196363000000000000000000
1820.00000000	463.48810953483290000000000000000000
1822.00000000	462.27666831365497000000000000000000
1824.00000000	461.07018012904973000000000000000000
1826.00000000	459.86861711370744000000000000000000
1828.00000000	458.67195160064650000000000000000000
1830.00000000	457.48015612143940000000000000000000
1832.00000000	456.29320340448277000000000000000000
1834.00000000	455.11106637329230000000000000000000
1836.00000000	453.93371814479700000000000000000000
1838.00000000	452.76113202765430000000000000000000
1840.00000000	451.59328152058174000000000000000000
1842.00000000	450.43014031074460000000000000000000
1844.00000000	449.27168227207040000000000000000000
1846.00000000	448.11788146368264000000000000000000
1848.00000000	446.96871212828034000000000000000000
1850.00000000	445.82414869055935000000000000000000
1852.00000000	444.68416575565980000000000000000000
1854.00000000	443.54873810759150000000000000000000
1856.00000000	442.41784070773105000000000000000000
1858.00000000	441.29144869329010000000000000000000
1860.00000000	440.16953737579330000000000000000000
1862.00000000	439.05208223963380000000000000000000
1864.00000000	437.93905894055786000000000000000000
1866.00000000	436.83044330423513000000000000000000
1868.00000000	435.72621132480270000000000000000000
1870.00000000	434.62633916343515000000000000000000
1872.00000000	433.53080314693010000000000000000000
1874.00000000	432.43957976632680000000000000000000
1876.00000000	431.35264567549280000000000000000000
1878.00000000	430.26997768975366000000000000000000
1880.00000000	429.19155278455690000000000000000000
1882.00000000	428.11734809410774000000000000000000
1884.00000000	427.04734091003700000000000000000000
1886.00000000	425.98150868008130000000000000000000
1888.00000000	424.91982900678860000000000000000000
1890.00000000	423.86227964620980000000000000000000
1892.00000000	422.80883850662167000000000000000000
1894.00000000	421.75948364728410000000000000000000
1896.00000000	420.71419327712954000000000000000000
1898.00000000	419.67294575357020000000000000000000
1900.00000000	418.63571958125320000000000000000000
1902.00000000	417.60249341082160000000000000000000
1904.00000000	416.57324603773253000000000000000000
1906.00000000	415.54795640104900000000000000000000
1908.00000000	414.52660358224860000000000000000000
1910.00000000	413.50916680407755000000000000000000
1912.00000000	412.49562542936020000000000000000000
1914.00000000	411.48595895986270000000000000000000
1916.00000000	410.48014703515290000000000000000000
1918.00000000	409.47816943147177000000000000000000
1920.00000000	408.48000606061570000000000000000000
1922.00000000	407.48563696884287000000000000000000
1924.00000000	406.49504233574250000000000000000000
1926.00000000	405.50820247319530000000000000000000
1928.00000000	404.52509782425870000000000000000000
1930.00000000	403.54570896214426000000000000000000
1932.00000000	402.57001658911184000000000000000000
1934.00000000	401.59800153547170000000000000000000
1936.00000000	400.62964475852186000000000000000000
1938.00000000	399.66492734154406000000000000000000
1940.00000000	398.70383049276694000000000000000000
1942.00000000	397.74633554437020000000000000000000
1944.00000000	396.79242395151135000000000000000000
1946.00000000	395.84207729129673000000000000000000
1948.00000000	394.89527726183570000000000000000000
1950.00000000	393.95200568126960000000000000000000
1952.00000000	393.01224448679795000000000000000000
1954.00000000	392.07597573374770000000000000000000
1956.00000000	391.14318159462397000000000000000000
1958.00000000	390.21384435816583000000000000000000
1960.00000000	389.28794642845065000000000000000000
1962.00000000	388.36547032396100000000000000000000
1964.00000000	387.44639867667470000000000000000000
1966.00000000	386.53071423118350000000000000000000
1968.00000000	385.61839984379793000000000000000000
1970.00000000	384.70943848164860000000000000000000
1972.00000000	383.80381322184700000000000000000000
1974.00000000	382.90150725059317000000000000000000
1976.00000000	382.00250386233057000000000000000000
1978.00000000	381.10678645889910000000000000000000
1980.00000000	380.21433854868660000000000000000000
1982.00000000	379.32514374579983000000000000000000
1984.00000000	378.43918576924466000000000000000000
1986.00000000	377.55644844209780000000000000000000
1988.00000000	376.67691569070615000000000000000000
1990.00000000	375.80057154387270000000000000000000
1992.00000000	374.92740013208123000000000000000000
1994.00000000	374.05738568667790000000000000000000
1996.00000000	373.19051253911640000000000000000000
1998.00000000	372.32676512017946000000000000000000
2000.00000000	371.46612795919407000000000000000000
