100.00000000	-729.31962338690400000000000000000000
102.00000000	-645.40159093741240000000000000000000
104.00000000	-584.01655238337930000000000000000000
106.00000000	-550.32598202627860000000000000000000
108.00000000	-516.75251654530640000000000000000000
110.00000000	-483.65889442469245000000000000000000
112.00000000	-451.31112434187150000000000000000000
114.00000000	-426.10697416958940000000000000000000
116.00000000	-405.48108921070590000000000000000000
118.00000000	-386.04504352979353000000000000000000
120.00000000	-367.64862634534230000000000000000000
122.00000000	-350.27113595758030000000000000000000
124.00000000	-333.71917892346660000000000000000000
126.00000000	-305.91958889564520000000000000000000
128.00000000	-280.39156636625580000000000000000000
130.00000000	-256.90296843724560000000000000000000
132.00000000	-235.24948450308923000000000000000000
134.00000000	-215.25131976462512000000000000000000
136.00000000	-196.75021291415163000000000000000000
138.00000000	-180.31276983064757000000000000000000
140.00000000	-169.88697490654712000000000000000000
142.00000000	-160.10257022544990000000000000000000
144.00000000	-150.91264764883852000000000000000000
146.00000000	-142.27555347942425000000000000000000
148.00000000	-134.15425003364257000000000000000000
150.00000000	-126.51575406703876000000000000000000
152.00000000	-119.33064195047340000000000000000000
154.00000000	-112.57261254040863000000000000000000
156.00000000	-107.18739360580817000000000000000000
158.00000000	-103.02077544588381000000000000000000
160.00000000	-99.06759406822111000000000000000000
162.00000000	-95.34060032666883000000000000000000
164.00000000	-91.83311022469027000000000000000000
166.00000000	-88.53882076801145000000000000000000
168.00000000	-85.45170108328588000000000000000000
170.00000000	-82.56588445846207000000000000000000
172.00000000	-79.87555980233742000000000000000000
174.00000000	-77.37486101931435000000000000000000
176.00000000	-75.05775275671300000000000000000000
178.00000000	-77.87966084158720000000000000000000
180.00000000	-86.71145961036407000000000000000000
182.00000000	-95.17058038027717000000000000000000
184.00000000	-96.12153110989840000000000000000000
186.00000000	-95.82517400403344000000000000000000
188.00000000	-97.08351369145652000000000000000000
190.00000000	-114.94615279225770000000000000000000
192.00000000	-131.95154040521103000000000000000000
194.00000000	-147.51217448402525000000000000000000
196.00000000	-158.62259575063810000000000000000000
198.00000000	-169.19130993970765000000000000000000
200.00000000	-179.03791764985974000000000000000000
202.00000000	-176.80765873424028000000000000000000
204.00000000	-174.65863601518797000000000000000000
206.00000000	-172.54922289954425000000000000000000
208.00000000	-179.59927532182104000000000000000000
210.00000000	-190.22865868356334000000000000000000
212.00000000	-200.04050703182980000000000000000000
214.00000000	-210.02804234876498000000000000000000
216.00000000	-226.40393034067336000000000000000000
218.00000000	-241.38812475411285000000000000000000
220.00000000	-254.91002674251340000000000000000000
222.00000000	-264.43169053196704000000000000000000
224.00000000	-266.91357590321900000000000000000000
226.00000000	-267.95201126996940000000000000000000
228.00000000	-267.35491396119755000000000000000000
230.00000000	-263.77027266649780000000000000000000
232.00000000	-253.74276045953090000000000000000000
234.00000000	-241.26841019746200000000000000000000
236.00000000	-225.79013715077153000000000000000000
238.00000000	-206.50468800230650000000000000000000
240.00000000	-182.38935529360475000000000000000000
242.00000000	-151.38838266989436000000000000000000
244.00000000	-110.43544759361565000000000000000000
246.00000000	-54.71281309206674000000000000000000
248.00000000	23.46456614957630300000000000000000
250.00000000	146.18684057780462000000000000000000
252.00000000	308.11752875786783000000000000000000
254.00000000	500.56786969278600000000000000000000
256.00000000	688.40273543918750000000000000000000
258.00000000	833.25285938589970000000000000000000
260.00000000	928.72758361433930000000000000000000
262.00000000	993.00826994218110000000000000000000
264.00000000	1046.92338872531240000000000000000000
266.00000000	1103.84316533657150000000000000000000
268.00000000	1169.80616433959340000000000000000000
270.00000000	1248.95087850338970000000000000000000
272.00000000	1345.65882945785760000000000000000000
274.00000000	1443.40206348375860000000000000000000
276.00000000	1535.89098152627660000000000000000000
278.00000000	1618.27139898114110000000000000000000
280.00000000	1688.27748911800700000000000000000000
282.00000000	1746.08301238203670000000000000000000
284.00000000	1793.01587918053680000000000000000000
286.00000000	1831.43682492625130000000000000000000
288.00000000	1863.60630980000590000000000000000000
290.00000000	1891.39054989513060000000000000000000
292.00000000	1916.19382516109340000000000000000000
294.00000000	1939.01318016969780000000000000000000
296.00000000	1962.78329231802040000000000000000000
298.00000000	1989.23797123393840000000000000000000
300.00000000	2015.34321864394500000000000000000000
302.00000000	2041.17057167338380000000000000000000
304.00000000	2066.73984675656770000000000000000000
306.00000000	2092.03752052332040000000000000000000
308.00000000	2117.05041426712900000000000000000000
310.00000000	2141.82393267755000000000000000000000
312.00000000	2169.24662921979140000000000000000000
314.00000000	2196.19125356066400000000000000000000
316.00000000	2222.61475884004500000000000000000000
318.00000000	2248.48464678962140000000000000000000
320.00000000	2273.77733229016760000000000000000000
322.00000000	2298.47640067669450000000000000000000
324.00000000	2322.56546812703100000000000000000000
326.00000000	2346.04807126739600000000000000000000
328.00000000	2365.99315562171160000000000000000000
330.00000000	2384.90049841839030000000000000000000
332.00000000	2403.21572339539440000000000000000000
334.00000000	2420.93893166908540000000000000000000
336.00000000	2438.06806844478700000000000000000000
338.00000000	2454.59202173078940000000000000000000
340.00000000	2470.51495559384330000000000000000000
342.00000000	2485.81919727462670000000000000000000
344.00000000	2500.48923608969060000000000000000000
346.00000000	2514.38118911253200000000000000000000
348.00000000	2527.55812906304350000000000000000000
350.00000000	2540.01731373988420000000000000000000
352.00000000	2551.74569211476000000000000000000000
354.00000000	2562.70916827604900000000000000000000
356.00000000	2572.88225715275760000000000000000000
358.00000000	2582.24485906593600000000000000000000
360.00000000	2590.77948359604850000000000000000000
362.00000000	2598.50817738359200000000000000000000
364.00000000	2605.45624958166040000000000000000000
366.00000000	2616.37602627256400000000000000000000
368.00000000	2628.79315590870870000000000000000000
370.00000000	2640.60771011830640000000000000000000
372.00000000	2652.08762241123850000000000000000000
374.00000000	2663.56019922728550000000000000000000
376.00000000	2675.44249147791470000000000000000000
378.00000000	2688.21698763145800000000000000000000
380.00000000	2702.38764132544600000000000000000000
382.00000000	2718.45681618008350000000000000000000
384.00000000	2736.80764833773100000000000000000000
386.00000000	2757.66819762842350000000000000000000
388.00000000	2781.15825579888860000000000000000000
390.00000000	2807.31960847960270000000000000000000
392.00000000	2835.55067522085100000000000000000000
394.00000000	2865.33855519023430000000000000000000
396.00000000	2896.12703555273950000000000000000000
398.00000000	2927.39193317746800000000000000000000
400.00000000	2958.73238364154700000000000000000000
402.00000000	2989.86719353720500000000000000000000
404.00000000	3020.67691448987030000000000000000000
406.00000000	3051.19182557840940000000000000000000
408.00000000	3081.57290628602000000000000000000000
410.00000000	3112.08268278137600000000000000000000
412.00000000	3143.04871168620050000000000000000000
414.00000000	3175.93526281997130000000000000000000
416.00000000	3211.93675819332930000000000000000000
418.00000000	3249.46040381773700000000000000000000
420.00000000	3288.71284763377250000000000000000000
422.00000000	3329.81254688990000000000000000000000
424.00000000	3372.78677472542600000000000000000000
426.00000000	3417.58908455525300000000000000000000
428.00000000	3464.12557312266900000000000000000000
430.00000000	3512.28287459577540000000000000000000
432.00000000	3561.95173341971700000000000000000000
434.00000000	3613.04846870366460000000000000000000
436.00000000	3665.49833524128870000000000000000000
438.00000000	3719.27062969255580000000000000000000
440.00000000	3774.35045027513100000000000000000000
442.00000000	3830.73787482111770000000000000000000
444.00000000	3880.75247986494500000000000000000000
446.00000000	3927.14061564501340000000000000000000
448.00000000	3974.82121258642750000000000000000000
450.00000000	4023.74646687406860000000000000000000
452.00000000	4073.85886338413270000000000000000000
454.00000000	4125.09796308606500000000000000000000
456.00000000	4177.40055940066850000000000000000000
458.00000000	4230.71047462474100000000000000000000
460.00000000	4284.94203911112000000000000000000000
462.00000000	4340.03620584302300000000000000000000
464.00000000	4395.92433891510500000000000000000000
466.00000000	4452.53791130183000000000000000000000
468.00000000	4509.80894573917000000000000000000000
470.00000000	4567.68238820876600000000000000000000
472.00000000	4626.06844801401600000000000000000000
474.00000000	4684.91441040874800000000000000000000
476.00000000	4744.15719663080700000000000000000000
478.00000000	4807.70432767614300000000000000000000
480.00000000	4874.48767646515500000000000000000000
482.00000000	4941.53519416769100000000000000000000
484.00000000	5008.77119666803450000000000000000000
486.00000000	5076.13769607442600000000000000000000
488.00000000	5143.53164363435550000000000000000000
490.00000000	5210.89872358009900000000000000000000
492.00000000	5278.17091249073600000000000000000000
494.00000000	5345.28198335309200000000000000000000
496.00000000	5412.16745655339000000000000000000000
498.00000000	5478.76455344224450000000000000000000
500.00000000	5545.01215354732000000000000000000000
502.00000000	5610.85075616419100000000000000000000
504.00000000	5676.22244679030000000000000000000000
506.00000000	5741.09075273214900000000000000000000
508.00000000	5805.36110941887800000000000000000000
510.00000000	5869.00005222933500000000000000000000
512.00000000	5931.95577965081500000000000000000000
514.00000000	5994.17798383835200000000000000000000
516.00000000	6055.61784923552300000000000000000000
518.00000000	6114.57541068066400000000000000000000
520.00000000	6172.00042764769000000000000000000000
522.00000000	6228.53642428673700000000000000000000
524.00000000	6284.14422945704800000000000000000000
526.00000000	6338.78611533221400000000000000000000
528.00000000	6392.42580896849600000000000000000000
530.00000000	6445.02850568988600000000000000000000
532.00000000	6496.56088388447700000000000000000000
534.00000000	6546.99112080857900000000000000000000
536.00000000	6596.31129420376400000000000000000000
538.00000000	6644.44760391596300000000000000000000
540.00000000	6691.39544537342950000000000000000000
542.00000000	6737.12915609122900000000000000000000
544.00000000	6781.62465301337850000000000000000000
546.00000000	6824.85944638109100000000000000000000
548.00000000	6866.81265208911000000000000000000000
550.00000000	6907.46500224555300000000000000000000
552.00000000	6946.79885367514200000000000000000000
554.00000000	6984.79819413266300000000000000000000
556.00000000	7021.44864602090300000000000000000000
558.00000000	7056.73746743562300000000000000000000
560.00000000	7090.65355038926600000000000000000000
562.00000000	7123.18741609430800000000000000000000
564.00000000	7147.69743431484000000000000000000000
566.00000000	7148.28650675376700000000000000000000
568.00000000	7147.54393502628300000000000000000000
570.00000000	7145.49400286348700000000000000000000
572.00000000	7142.16203548597300000000000000000000
574.00000000	7137.57430877110200000000000000000000
576.00000000	7131.77493309463350000000000000000000
578.00000000	7124.75716180225750000000000000000000
580.00000000	7116.56728014033400000000000000000000
582.00000000	7107.23449018601400000000000000000000
584.00000000	7096.78851608083600000000000000000000
586.00000000	7085.25952508175600000000000000000000
588.00000000	7072.67805131049100000000000000000000
590.00000000	7059.07492234648500000000000000000000
592.00000000	7044.48118878630600000000000000000000
594.00000000	7028.92805687139300000000000000000000
596.00000000	7012.44682426460900000000000000000000
598.00000000	6995.06881903726400000000000000000000
600.00000000	6976.82534190893500000000000000000000
602.00000000	6957.74761176552200000000000000000000
604.00000000	6937.86671446475500000000000000000000
606.00000000	6917.21355492356100000000000000000000
608.00000000	6895.81881246831800000000000000000000
610.00000000	6873.71289941748500000000000000000000
612.00000000	6850.92592285509500000000000000000000
614.00000000	6827.48764954506400000000000000000000
616.00000000	6803.42747392856500000000000000000000
618.00000000	6778.77438914071400000000000000000000
620.00000000	6753.43999075481200000000000000000000
622.00000000	6725.45234010331700000000000000000000
624.00000000	6697.15256892364800000000000000000000
626.00000000	6668.56151846001300000000000000000000
628.00000000	6639.69954407840700000000000000000000
630.00000000	6610.58651678369550000000000000000000
632.00000000	6581.24182620885700000000000000000000
634.00000000	6551.68438506062400000000000000000000
636.00000000	6521.93263501800450000000000000000000
638.00000000	6492.00455409689400000000000000000000
640.00000000	6461.91766551223300000000000000000000
642.00000000	6431.68743851922900000000000000000000
644.00000000	6401.33332419178700000000000000000000
646.00000000	6370.87036700133700000000000000000000
648.00000000	6340.31439193953100000000000000000000
650.00000000	6309.68083903851900000000000000000000
652.00000000	6278.98478364929700000000000000000000
654.00000000	6248.24095952127850000000000000000000
656.00000000	6217.46378518002900000000000000000000
658.00000000	6186.66739425580450000000000000000000
660.00000000	6155.86567062304700000000000000000000
662.00000000	6125.07228949147000000000000000000000
664.00000000	6094.30076597330000000000000000000000
666.00000000	6063.56451318509800000000000000000000
668.00000000	6032.87691269637500000000000000000000
670.00000000	6002.25140122092000000000000000000000
672.00000000	5971.70157903385500000000000000000000
674.00000000	5941.24134797182500000000000000000000
676.00000000	5910.88509051070300000000000000000000
678.00000000	5880.64790713324900000000000000000000
680.00000000	5850.54593846378250000000000000000000
682.00000000	5820.59681417623400000000000000000000
684.00000000	5790.82029776196300000000000000000000
686.00000000	5761.23924569505100000000000000000000
688.00000000	5731.88109493874100000000000000000000
690.00000000	5704.03765780618500000000000000000000
692.00000000	5677.26558280351200000000000000000000
694.00000000	5650.82264504853200000000000000000000
696.00000000	5624.81066973818800000000000000000000
698.00000000	5599.40950309839300000000000000000000
700.00000000	5575.01388720344100000000000000000000
702.00000000	5553.06654924244600000000000000000000
704.00000000	5527.83298017542800000000000000000000
706.00000000	5495.74529464211200000000000000000000
708.00000000	5464.58036261596700000000000000000000
710.00000000	5433.85926287604400000000000000000000
712.00000000	5403.44071278036200000000000000000000
714.00000000	5373.26262865806000000000000000000000
716.00000000	5343.29274635504900000000000000000000
718.00000000	5313.51276889583000000000000000000000
720.00000000	5283.91184815932500000000000000000000
722.00000000	5254.48346369223500000000000000000000
724.00000000	5225.22376333063000000000000000000000
726.00000000	5196.13061074827500000000000000000000
728.00000000	5167.20300586588700000000000000000000
730.00000000	5138.44071561896800000000000000000000
732.00000000	5109.84402997425100000000000000000000
734.00000000	5081.41359588375400000000000000000000
736.00000000	5053.15030155641800000000000000000000
738.00000000	5025.05519424248600000000000000000000
740.00000000	4997.12942094292000000000000000000000
742.00000000	4969.37418516681000000000000000000000
744.00000000	4941.79071515117100000000000000000000
746.00000000	4914.38024041414250000000000000000000
748.00000000	4887.14397446151000000000000000000000
750.00000000	4860.08310210127500000000000000000000
752.00000000	4833.19877025143300000000000000000000
754.00000000	4806.49208142676200000000000000000000
756.00000000	4779.96408930087300000000000000000000
758.00000000	4753.61579589220900000000000000000000
760.00000000	4727.44815003206900000000000000000000
762.00000000	4701.44554052923900000000000000000000
764.00000000	4675.64177320793800000000000000000000
766.00000000	4650.02118348261700000000000000000000
768.00000000	4624.58450970617900000000000000000000
770.00000000	4599.33244135630700000000000000000000
772.00000000	4574.26562141742400000000000000000000
774.00000000	4549.38464910054150000000000000000000
776.00000000	4525.67292547101800000000000000000000
778.00000000	4502.89011725695600000000000000000000
780.00000000	4480.26632133982200000000000000000000
782.00000000	4457.80237923273900000000000000000000
784.00000000	4435.49910740458300000000000000000000
786.00000000	4413.35730131427600000000000000000000
788.00000000	4391.37773974410000000000000000000000
790.00000000	4369.56118945553800000000000000000000
792.00000000	4347.90841019792400000000000000000000
794.00000000	4326.42016011007000000000000000000000
796.00000000	4305.09720156437100000000000000000000
798.00000000	4283.94030751478750000000000000000000
800.00000000	4262.95026842273400000000000000000000
802.00000000	4242.12789985113900000000000000000000
804.00000000	4221.47405083577100000000000000000000
806.00000000	4200.98961316525300000000000000000000
808.00000000	4180.67553172967700000000000000000000
810.00000000	4160.53281613193900000000000000000000
812.00000000	4140.56255379883400000000000000000000
814.00000000	4120.76592488299400000000000000000000
816.00000000	4101.14421931494400000000000000000000
818.00000000	4081.69885645131260000000000000000000
820.00000000	4062.43140787797530000000000000000000
822.00000000	4043.34362407206940000000000000000000
824.00000000	4024.43746581814050000000000000000000
826.00000000	4005.71514152773700000000000000000000
828.00000000	3987.17915195106400000000000000000000
830.00000000	3968.83234423161050000000000000000000
832.00000000	3950.67797788889360000000000000000000
834.00000000	3932.71980620062700000000000000000000
836.00000000	3914.96217770965630000000000000000000
838.00000000	3897.41016439075930000000000000000000
840.00000000	3880.06972566879200000000000000000000
842.00000000	3862.94792146805000000000000000000000
844.00000000	3846.05319359695500000000000000000000
846.00000000	3829.39574443577480000000000000000000
848.00000000	3812.98805760503700000000000000000000
850.00000000	3796.84563173124600000000000000000000
852.00000000	3780.98804473697740000000000000000000
854.00000000	3765.44055109375400000000000000000000
856.00000000	3750.23657949910400000000000000000000
858.00000000	3735.42184125867800000000000000000000
860.00000000	3721.06153452429730000000000000000000
862.00000000	3707.25408144813500000000000000000000
864.00000000	3694.16052322566160000000000000000000
866.00000000	3682.07914506485170000000000000000000
868.00000000	3671.69853514224130000000000000000000
870.00000000	3665.83003204653640000000000000000000
872.00000000	3641.98354219807200000000000000000000
874.00000000	3613.67580996433900000000000000000000
876.00000000	3588.29395317853140000000000000000000
878.00000000	3564.30915416931570000000000000000000
880.00000000	3541.21923406361160000000000000000000
882.00000000	3518.78413293254970000000000000000000
884.00000000	3496.86688873577900000000000000000000
886.00000000	3474.87592755828400000000000000000000
888.00000000	3451.44130862595400000000000000000000
890.00000000	3428.39169773298730000000000000000000
892.00000000	3405.69308016112100000000000000000000
894.00000000	3383.31890514314800000000000000000000
896.00000000	3361.24788613221000000000000000000000
898.00000000	3339.46257127556460000000000000000000
900.00000000	3317.94837817018420000000000000000000
902.00000000	3296.69292096830200000000000000000000
904.00000000	3275.68552842198320000000000000000000
906.00000000	3254.91689057395930000000000000000000
908.00000000	3234.37879447721500000000000000000000
910.00000000	3214.06392298138300000000000000000000
912.00000000	3193.96569912105700000000000000000000
914.00000000	3174.07816408184860000000000000000000
916.00000000	3154.39588029537940000000000000000000
918.00000000	3134.91385361661800000000000000000000
920.00000000	3115.62747018226540000000000000000000
922.00000000	3096.53244470225800000000000000000000
924.00000000	3077.62477774955820000000000000000000
926.00000000	3058.90072020568320000000000000000000
928.00000000	3040.35674344674500000000000000000000
930.00000000	3021.98951417549800000000000000000000
932.00000000	3003.79587304176270000000000000000000
934.00000000	2985.77281637554400000000000000000000
936.00000000	2967.91748049385000000000000000000000
938.00000000	2950.22712815011530000000000000000000
940.00000000	2932.69913677696200000000000000000000
942.00000000	2915.33098823865430000000000000000000
944.00000000	2898.12025986124630000000000000000000
946.00000000	2881.06461654909660000000000000000000
948.00000000	2864.16180382916130000000000000000000
950.00000000	2847.40964169181140000000000000000000
952.00000000	2830.80601911727440000000000000000000
954.00000000	2814.34888919560700000000000000000000
956.00000000	2798.03626476106460000000000000000000
958.00000000	2781.86621447590960000000000000000000
960.00000000	2765.83685930566600000000000000000000
962.00000000	2749.94636933868900000000000000000000
964.00000000	2734.19296090749500000000000000000000
966.00000000	2718.57489397773000000000000000000000
968.00000000	2703.09046977248400000000000000000000
970.00000000	2687.73802860602930000000000000000000
972.00000000	2672.51594790402400000000000000000000
974.00000000	2657.42264038915570000000000000000000
976.00000000	2642.45655241557200000000000000000000
978.00000000	2627.61616243570800000000000000000000
980.00000000	2612.89997958658750000000000000000000
982.00000000	2598.30654238332200000000000000000000
984.00000000	2583.83441750927840000000000000000000
986.00000000	2569.48219869345300000000000000000000
988.00000000	2555.24850566723030000000000000000000
990.00000000	2541.13198319239600000000000000000000
992.00000000	2527.13130015460730000000000000000000
994.00000000	2513.24514871584320000000000000000000
996.00000000	2499.47224352102470000000000000000000
998.00000000	2485.81132095413250000000000000000000
1000.00000000	2472.26113843881830000000000000000000
1002.00000000	2458.82047378131570000000000000000000
1004.00000000	2445.48812455026200000000000000000000
1006.00000000	2432.26290749236600000000000000000000
1008.00000000	2419.14365797919300000000000000000000
1010.00000000	2406.12922948448000000000000000000000
1012.00000000	2393.21849308791520000000000000000000
1014.00000000	2380.41033700490000000000000000000000
1016.00000000	2367.70366613904430000000000000000000
1018.00000000	2355.09740165691660000000000000000000
1020.00000000	2342.59048058227300000000000000000000
1022.00000000	2330.18185540978670000000000000000000
1024.00000000	2317.87049373526100000000000000000000
1026.00000000	2305.65537790272860000000000000000000
1028.00000000	2293.53550466667500000000000000000000
1030.00000000	2281.50988486782500000000000000000000
1032.00000000	2269.57754312283100000000000000000000
1034.00000000	2257.62550813402600000000000000000000
1036.00000000	2245.64530075811670000000000000000000
1038.00000000	2233.75745435910180000000000000000000
1040.00000000	2221.96101694128600000000000000000000
1042.00000000	2210.25504988397100000000000000000000
1044.00000000	2198.63862765387650000000000000000000
1046.00000000	2187.11083752710900000000000000000000
1048.00000000	2175.67077932178470000000000000000000
1050.00000000	2164.31756513932170000000000000000000
1052.00000000	2153.05031911494460000000000000000000
1054.00000000	2141.86817717655280000000000000000000
1056.00000000	2130.77028681112800000000000000000000
1058.00000000	2119.75580683917130000000000000000000
1060.00000000	2108.82390719610700000000000000000000
1062.00000000	2097.97376872027800000000000000000000
1064.00000000	2087.20458294772650000000000000000000
1066.00000000	2076.51555191299600000000000000000000
1068.00000000	2065.90588795592930000000000000000000
1070.00000000	2055.37481353388330000000000000000000
1072.00000000	2044.92156103942500000000000000000000
1074.00000000	2034.54537262340800000000000000000000
1076.00000000	2024.24550002230940000000000000000000
1078.00000000	2014.02120439091850000000000000000000
1080.00000000	2003.87175613934660000000000000000000
1082.00000000	1993.79643477382160000000000000000000
1084.00000000	1983.79452874250480000000000000000000
1086.00000000	1973.86533528468180000000000000000000
1088.00000000	1964.00816028360800000000000000000000
1090.00000000	1954.22231812386900000000000000000000
1092.00000000	1944.50713155114360000000000000000000
1094.00000000	1934.86193153625730000000000000000000
1096.00000000	1925.28605714194990000000000000000000
1098.00000000	1915.77885539313700000000000000000000
1100.00000000	1906.33968115006000000000000000000000
1102.00000000	1896.96789698409520000000000000000000
1104.00000000	1887.66287305701030000000000000000000
1106.00000000	1878.42398700225040000000000000000000
1108.00000000	1869.25062380936700000000000000000000
1110.00000000	1860.14217571073160000000000000000000
1112.00000000	1851.09804207079510000000000000000000
1114.00000000	1842.11762927757200000000000000000000
1116.00000000	1833.20035063683080000000000000000000
1118.00000000	1824.34562626798040000000000000000000
1120.00000000	1815.55288300250750000000000000000000
1122.00000000	1806.82155428436930000000000000000000
1124.00000000	1798.15108007233720000000000000000000
1126.00000000	1789.54090674456170000000000000000000
1128.00000000	1780.99048700476060000000000000000000
1130.00000000	1772.49927979034800000000000000000000
1132.00000000	1764.06675018255200000000000000000000
1134.00000000	1755.69236931797540000000000000000000
1136.00000000	1747.37561430219580000000000000000000
1138.00000000	1739.11596812462000000000000000000000
1140.00000000	1730.91291957535420000000000000000000
1142.00000000	1722.76596316344630000000000000000000
1144.00000000	1714.67459903643160000000000000000000
1146.00000000	1706.63833290197450000000000000000000
1148.00000000	1698.65667595017070000000000000000000
1150.00000000	1690.72914477800990000000000000000000
1152.00000000	1682.85526131457230000000000000000000
1154.00000000	1675.03455274800700000000000000000000
1156.00000000	1667.26655145365040000000000000000000
1158.00000000	1659.55079492334310000000000000000000
1160.00000000	1651.88682569608750000000000000000000
1162.00000000	1644.27419128994960000000000000000000
1164.00000000	1636.71244413505720000000000000000000
1166.00000000	1629.20114150774800000000000000000000
1168.00000000	1621.73984546587940000000000000000000
1170.00000000	1614.32812278524740000000000000000000
1172.00000000	1606.96554489707000000000000000000000
1174.00000000	1599.65168782649500000000000000000000
1176.00000000	1592.38613213220830000000000000000000
1178.00000000	1585.16846284692270000000000000000000
1180.00000000	1577.99826941895690000000000000000000
1182.00000000	1570.87514565470450000000000000000000
1184.00000000	1563.79868966213640000000000000000000
1186.00000000	1556.76850379508370000000000000000000
1188.00000000	1549.78419459860300000000000000000000
1190.00000000	1542.84537275487800000000000000000000
1192.00000000	1535.95165303053180000000000000000000
1194.00000000	1529.10265422426850000000000000000000
1196.00000000	1522.29799911549070000000000000000000
1198.00000000	1515.53731441399900000000000000000000
1200.00000000	1508.82023070994700000000000000000000
1202.00000000	1502.14638242519870000000000000000000
1204.00000000	1495.51540776491020000000000000000000
1206.00000000	1488.92694867022600000000000000000000
1208.00000000	1482.38065077132550000000000000000000
1210.00000000	1475.87616334177460000000000000000000
1212.00000000	1469.41313925284480000000000000000000
1214.00000000	1462.99123492916100000000000000000000
1216.00000000	1456.61011030464490000000000000000000
1218.00000000	1450.26942877926850000000000000000000
1220.00000000	1443.96885717639340000000000000000000
1222.00000000	1437.70806570081120000000000000000000
1224.00000000	1431.48672789735520000000000000000000
1226.00000000	1425.30452061023000000000000000000000
1228.00000000	1419.16112394266500000000000000000000
1230.00000000	1413.05622121751820000000000000000000
1232.00000000	1406.98949893830900000000000000000000
1234.00000000	1400.96064675067460000000000000000000
1236.00000000	1394.96935740466820000000000000000000
1238.00000000	1389.01532671723730000000000000000000
1240.00000000	1383.11034762171000000000000000000000
1242.00000000	1377.34911632004900000000000000000000
1244.00000000	1371.62108688185690000000000000000000
1246.00000000	1365.92601603970300000000000000000000
1248.00000000	1360.26366274486800000000000000000000
1250.00000000	1354.63378814185880000000000000000000
1252.00000000	1349.03615554323760000000000000000000
1254.00000000	1343.47053040477820000000000000000000
1256.00000000	1337.93668030074300000000000000000000
1258.00000000	1332.43437490009400000000000000000000
1260.00000000	1326.96338594246100000000000000000000
1262.00000000	1321.52348721480980000000000000000000
1264.00000000	1316.11445452847280000000000000000000
1266.00000000	1310.73606569625170000000000000000000
1268.00000000	1305.38810051011360000000000000000000
1270.00000000	1300.07034071910800000000000000000000
1272.00000000	1294.78257000743430000000000000000000
1274.00000000	1289.52457397322360000000000000000000
1276.00000000	1284.29614010723910000000000000000000
1278.00000000	1279.09705777211120000000000000000000
1280.00000000	1273.92711818168280000000000000000000
1282.00000000	1268.78611438082880000000000000000000
1284.00000000	1263.67384122544290000000000000000000
1286.00000000	1258.59009536273330000000000000000000
1288.00000000	1253.53467521168840000000000000000000
1290.00000000	1248.50738094427580000000000000000000
1292.00000000	1243.50801446597370000000000000000000
1294.00000000	1238.53637939766670000000000000000000
1296.00000000	1233.59228105692600000000000000000000
1298.00000000	1228.67552644008330000000000000000000
1300.00000000	1223.78592420414450000000000000000000
1302.00000000	1218.92328464925300000000000000000000
1304.00000000	1214.08741970137660000000000000000000
1306.00000000	1209.27814289494840000000000000000000
1308.00000000	1204.49526935600300000000000000000000
1310.00000000	1199.73861578541400000000000000000000
1312.00000000	1195.00800044249800000000000000000000
1314.00000000	1190.30324312863100000000000000000000
1316.00000000	1185.62416517122960000000000000000000
1318.00000000	1180.97058940779150000000000000000000
1320.00000000	1176.34234017041850000000000000000000
1322.00000000	1171.73924327021360000000000000000000
1324.00000000	1167.16112598211610000000000000000000
1326.00000000	1162.60781702981850000000000000000000
1328.00000000	1158.07914657090240000000000000000000
1330.00000000	1153.57494618218080000000000000000000
1332.00000000	1149.09504884525430000000000000000000
1334.00000000	1144.63928893211370000000000000000000
1336.00000000	1140.20750219116850000000000000000000
1338.00000000	1135.79952573310670000000000000000000
1340.00000000	1131.41519801744020000000000000000000
1342.00000000	1127.05435883855060000000000000000000
1344.00000000	1122.71684931251840000000000000000000
1346.00000000	1118.40251186382920000000000000000000
1348.00000000	1114.11119021222110000000000000000000
1350.00000000	1109.84272935988020000000000000000000
1352.00000000	1105.59697557839560000000000000000000
1354.00000000	1101.37377639657280000000000000000000
1356.00000000	1097.17298058769550000000000000000000
1358.00000000	1092.99443815714720000000000000000000
1360.00000000	1088.83800033049990000000000000000000
1362.00000000	1084.70351954147830000000000000000000
1364.00000000	1080.59084941986500000000000000000000
1366.00000000	1076.49984478003220000000000000000000
1368.00000000	1072.43036160932730000000000000000000
1370.00000000	1068.38225705644620000000000000000000
1372.00000000	1064.35538942041440000000000000000000
1374.00000000	1060.34961813925040000000000000000000
1376.00000000	1056.36480377886780000000000000000000
1378.00000000	1052.44880957832300000000000000000000
1380.00000000	1048.71898833943150000000000000000000
1382.00000000	1045.00563054072800000000000000000000
1384.00000000	1041.30864845651500000000000000000000
1386.00000000	1037.62795496672170000000000000000000
1388.00000000	1033.96346355105500000000000000000000
1390.00000000	1030.31508828294950000000000000000000
1392.00000000	1026.68274382366500000000000000000000
1394.00000000	1023.06634541641570000000000000000000
1396.00000000	1019.46580888089180000000000000000000
1398.00000000	1015.88105060721500000000000000000000
1400.00000000	1012.31198755071900000000000000000000
1402.00000000	1008.75853722617060000000000000000000
1404.00000000	1005.22061770261590000000000000000000
1406.00000000	1001.69814759780010000000000000000000
1408.00000000	998.19104607303120000000000000000000
1410.00000000	994.69923282794380000000000000000000
1412.00000000	991.22262809539550000000000000000000
1414.00000000	987.76115263632470000000000000000000
1416.00000000	984.31472773488660000000000000000000
1418.00000000	980.88327519336680000000000000000000
1420.00000000	977.46671732754830000000000000000000
1422.00000000	974.06497696173600000000000000000000
1424.00000000	970.67797742406910000000000000000000
1426.00000000	967.30564254184910000000000000000000
1428.00000000	963.94789663713130000000000000000000
1430.00000000	960.60466452178320000000000000000000
1432.00000000	957.27587149345070000000000000000000
1434.00000000	953.96144333075070000000000000000000
1436.00000000	950.66130628926950000000000000000000
1438.00000000	947.37538709693710000000000000000000
1440.00000000	944.10361294987430000000000000000000
1442.00000000	940.84591150841040000000000000000000
1444.00000000	937.60221089261730000000000000000000
1446.00000000	934.37243967841140000000000000000000
1448.00000000	931.15652689349140000000000000000000
1450.00000000	927.95440201332590000000000000000000
1452.00000000	924.76599495722870000000000000000000
1454.00000000	921.59123608454390000000000000000000
1456.00000000	918.43005619065630000000000000000000
1458.00000000	915.28238650338050000000000000000000
1460.00000000	912.14815867909240000000000000000000
1462.00000000	909.02730479908610000000000000000000
1464.00000000	905.91975736601320000000000000000000
1466.00000000	902.82544930016300000000000000000000
1468.00000000	899.74431393590070000000000000000000
1470.00000000	896.67628501821730000000000000000000
1472.00000000	893.62129669926360000000000000000000
1474.00000000	890.57928353503830000000000000000000
1476.00000000	887.55018048161150000000000000000000
1478.00000000	884.53392289227330000000000000000000
1480.00000000	881.53044651391950000000000000000000
1482.00000000	878.53968748384950000000000000000000
1484.00000000	875.56158232659560000000000000000000
1486.00000000	872.59606795075700000000000000000000
1488.00000000	869.64308164569390000000000000000000
1490.00000000	866.70256107869470000000000000000000
1492.00000000	863.77444429158910000000000000000000
1494.00000000	860.85866969794290000000000000000000
1496.00000000	857.95517608002880000000000000000000
1498.00000000	855.06390258571250000000000000000000
1500.00000000	852.18478872564620000000000000000000
1502.00000000	849.31777437041530000000000000000000
1504.00000000	846.46279974753200000000000000000000
1506.00000000	843.61980543873290000000000000000000
1508.00000000	840.78873237712990000000000000000000
1510.00000000	837.96952184440990000000000000000000
1512.00000000	835.16211546817990000000000000000000
1514.00000000	832.36645521919200000000000000000000
1516.00000000	829.58248340876320000000000000000000
1518.00000000	826.81014268598970000000000000000000
1520.00000000	824.04937603525380000000000000000000
1522.00000000	821.30012677364450000000000000000000
1524.00000000	818.56233854828030000000000000000000
1526.00000000	815.83595533396120000000000000000000
1528.00000000	813.12092143047470000000000000000000
1530.00000000	810.41718146033760000000000000000000
1532.00000000	807.72468036615600000000000000000000
1534.00000000	805.04336340831230000000000000000000
1536.00000000	802.37317616259260000000000000000000
1538.00000000	799.71406451775850000000000000000000
1540.00000000	797.06597467323470000000000000000000
1542.00000000	794.42885313679850000000000000000000
1544.00000000	791.80264672224300000000000000000000
1546.00000000	789.18730254733130000000000000000000
1548.00000000	786.58276803112890000000000000000000
1550.00000000	783.96703245150970000000000000000000
1552.00000000	781.20645018288800000000000000000000
1554.00000000	778.45327904372380000000000000000000
1556.00000000	775.70751519604940000000000000000000
1558.00000000	772.96915477312790000000000000000000
1560.00000000	770.23819387713560000000000000000000
1562.00000000	767.51462857752850000000000000000000
1564.00000000	764.79845490896790000000000000000000
1566.00000000	762.08966886936990000000000000000000
1568.00000000	759.38826641840320000000000000000000
1570.00000000	756.69424347529570000000000000000000
1572.00000000	754.00759591744610000000000000000000
1574.00000000	751.32831957857080000000000000000000
1576.00000000	748.65641024702210000000000000000000
1578.00000000	745.99186366429430000000000000000000
1580.00000000	743.33467552340350000000000000000000
1582.00000000	740.68484146732290000000000000000000
1584.00000000	738.04235708752640000000000000000000
1586.00000000	735.40721792254650000000000000000000
1588.00000000	732.77941945657280000000000000000000
1590.00000000	730.15895711804940000000000000000000
1592.00000000	727.54582627839400000000000000000000
1594.00000000	724.94002225064550000000000000000000
1596.00000000	722.34154028821220000000000000000000
1598.00000000	719.75037558365180000000000000000000
1600.00000000	717.16652326757870000000000000000000
1602.00000000	714.58997840740770000000000000000000
1604.00000000	712.02073600625670000000000000000000
1606.00000000	709.45879100187710000000000000000000
1608.00000000	706.90413826564000000000000000000000
1610.00000000	704.35677260152720000000000000000000
1612.00000000	701.81668874507370000000000000000000
1614.00000000	699.28388136264120000000000000000000
1616.00000000	696.75834505015080000000000000000000
1618.00000000	694.24007433254140000000000000000000
1620.00000000	691.72906366278020000000000000000000
1622.00000000	689.22530742107880000000000000000000
1624.00000000	686.72879991411050000000000000000000
1626.00000000	684.23953537423110000000000000000000
1628.00000000	681.75750795877900000000000000000000
1630.00000000	679.28271174942300000000000000000000
1632.00000000	676.81514075150680000000000000000000
1634.00000000	674.35478889329020000000000000000000
1636.00000000	671.90165002552840000000000000000000
1638.00000000	669.45571792076950000000000000000000
1640.00000000	667.01698627289300000000000000000000
1642.00000000	664.58544869653860000000000000000000
1644.00000000	662.16109872675540000000000000000000
1646.00000000	659.74392981819940000000000000000000
1648.00000000	657.33393534512130000000000000000000
1650.00000000	654.93110860064630000000000000000000
1652.00000000	652.53544279660620000000000000000000
1654.00000000	650.14693106294670000000000000000000
1656.00000000	647.76556644775010000000000000000000
1658.00000000	645.39134191647820000000000000000000
1660.00000000	643.02425035206520000000000000000000
1662.00000000	640.66428455448080000000000000000000
1664.00000000	638.31143724050540000000000000000000
1666.00000000	635.96570104357340000000000000000000
1668.00000000	633.62706851353620000000000000000000
1670.00000000	631.29553211656490000000000000000000
1672.00000000	628.97108423490370000000000000000000
1674.00000000	626.65371716672480000000000000000000
1676.00000000	624.34342312630930000000000000000000
1678.00000000	622.04019424357530000000000000000000
1680.00000000	619.74402256426820000000000000000000
1682.00000000	617.45490004990260000000000000000000
1684.00000000	615.17281857754850000000000000000000
1686.00000000	612.89776994018140000000000000000000
1688.00000000	610.62974584639910000000000000000000
1690.00000000	608.36873792049850000000000000000000
1692.00000000	606.11473770273530000000000000000000
1694.00000000	603.86773664921690000000000000000000
1696.00000000	601.62772613197340000000000000000000
1698.00000000	599.39469743922340000000000000000000
1700.00000000	597.16864177547940000000000000000000
1702.00000000	594.94955026143550000000000000000000
1704.00000000	592.73741393454280000000000000000000
1706.00000000	590.53222374886130000000000000000000
1708.00000000	588.33397057543300000000000000000000
1710.00000000	586.14264520236660000000000000000000
1712.00000000	583.95823833527780000000000000000000
1714.00000000	581.78074059713650000000000000000000
1716.00000000	579.61014252911410000000000000000000
1718.00000000	577.44643459016320000000000000000000
1720.00000000	575.28960715789560000000000000000000
1722.00000000	573.13965052856400000000000000000000
1724.00000000	570.99655491743350000000000000000000
1726.00000000	568.86031045922680000000000000000000
1728.00000000	566.73090720829500000000000000000000
1730.00000000	564.60833513893890000000000000000000
1732.00000000	562.49258414613850000000000000000000
1734.00000000	560.38364404544130000000000000000000
1736.00000000	558.28150457372000000000000000000000
1738.00000000	556.18615538938130000000000000000000
1740.00000000	554.09758607282140000000000000000000
1742.00000000	552.01578612689630000000000000000000
1744.00000000	549.94074497730570000000000000000000
1746.00000000	547.87245197309930000000000000000000
1748.00000000	545.81089638700630000000000000000000
1750.00000000	543.75606741609670000000000000000000
1752.00000000	541.70795418207480000000000000000000
1754.00000000	539.66654573186140000000000000000000
1756.00000000	537.63183103803010000000000000000000
1758.00000000	535.60379899936420000000000000000000
1760.00000000	533.58243844143920000000000000000000
1762.00000000	531.56773811687230000000000000000000
1764.00000000	529.55968670625740000000000000000000
1766.00000000	527.55827281831380000000000000000000
1768.00000000	525.56348499060000000000000000000000
1770.00000000	523.57531169020940000000000000000000
1772.00000000	521.78652088170160000000000000000000
1774.00000000	520.25900898811660000000000000000000
1776.00000000	518.73478724841630000000000000000000
1778.00000000	517.21385038149960000000000000000000
1780.00000000	515.69619314472070000000000000000000
1782.00000000	514.18181033306510000000000000000000
1784.00000000	512.67069677878700000000000000000000
1786.00000000	511.16284735060634000000000000000000
1788.00000000	509.65825695324620000000000000000000
1790.00000000	508.15692052682720000000000000000000
1792.00000000	506.65883304615770000000000000000000
1794.00000000	505.16398952027316000000000000000000
1796.00000000	503.67238499189050000000000000000000
1798.00000000	502.18401453659470000000000000000000
1800.00000000	500.69887326260000000000000000000000
1802.00000000	499.21695631007490000000000000000000
1804.00000000	497.73825885038680000000000000000000
1806.00000000	496.26277608586530000000000000000000
1808.00000000	494.79050324911196000000000000000000
1810.00000000	493.32143560237154000000000000000000
1812.00000000	491.85556843726320000000000000000000
1814.00000000	490.39289707393890000000000000000000
1816.00000000	488.93341686082710000000000000000000
1818.00000000	487.47712317405706000000000000000000
1820.00000000	486.02401141677245000000000000000000
1822.00000000	484.57407701891120000000000000000000
1824.00000000	483.12731543646250000000000000000000
1826.00000000	481.68372215123014000000000000000000
1828.00000000	480.24329267003543000000000000000000
1830.00000000	478.80602252450070000000000000000000
1832.00000000	477.37190727047520000000000000000000
1834.00000000	475.94094248753460000000000000000000
1836.00000000	474.51312377855420000000000000000000
1838.00000000	473.08844676923815000000000000000000
1840.00000000	471.66690710779210000000000000000000
1842.00000000	470.24850046414220000000000000000000
1844.00000000	468.83322252987140000000000000000000
1846.00000000	467.42106901757523000000000000000000
1848.00000000	466.01203566042510000000000000000000
1850.00000000	464.60611821184640000000000000000000
1852.00000000	463.20331244491933000000000000000000
1854.00000000	461.80361415224860000000000000000000
1856.00000000	460.40701914521310000000000000000000
1858.00000000	459.01352325373705000000000000000000
1860.00000000	457.62312232597804000000000000000000
1862.00000000	456.23581222762726000000000000000000
1864.00000000	454.85158884190940000000000000000000
1866.00000000	453.47044806876520000000000000000000
1868.00000000	452.09238582482516000000000000000000
1870.00000000	450.71739804284255000000000000000000
1872.00000000	449.34548067142140000000000000000000
1874.00000000	447.97662967441687000000000000000000
1876.00000000	446.61084103088610000000000000000000
1878.00000000	445.24811073454610000000000000000000
1880.00000000	443.88843479338730000000000000000000
1882.00000000	442.53180922935730000000000000000000
1884.00000000	441.17823007808926000000000000000000
1886.00000000	439.82769338848700000000000000000000
1888.00000000	438.48019522232613000000000000000000
1890.00000000	437.13573165403860000000000000000000
1892.00000000	435.79429877034960000000000000000000
1894.00000000	434.45589266971876000000000000000000
1896.00000000	433.12050946249880000000000000000000
1898.00000000	431.78814527014010000000000000000000
1900.00000000	430.45879622506334000000000000000000
1902.00000000	429.13245847047180000000000000000000
1904.00000000	427.80912815981570000000000000000000
1906.00000000	426.48880145658836000000000000000000
1908.00000000	425.17147453416226000000000000000000
1910.00000000	423.85714357517475000000000000000000
1912.00000000	422.54580477150404000000000000000000
1914.00000000	421.23745432392340000000000000000000
1916.00000000	419.93208844174600000000000000000000
1918.00000000	418.62970334262747000000000000000000
1920.00000000	417.33029525221830000000000000000000
1922.00000000	416.03386040383384000000000000000000
1924.00000000	414.74039503850680000000000000000000
1926.00000000	413.44989540424285000000000000000000
1928.00000000	412.16235775616735000000000000000000
1930.00000000	410.87777835593100000000000000000000
1932.00000000	409.59615347179994000000000000000000
1934.00000000	408.31747937812990000000000000000000
1936.00000000	407.04175235527020000000000000000000
1938.00000000	405.76896868915070000000000000000000
1940.00000000	404.49912467131185000000000000000000
1942.00000000	403.23221659846110000000000000000000
1944.00000000	401.96824077218870000000000000000000
1946.00000000	400.70719349896580000000000000000000
1948.00000000	399.44907108972785000000000000000000
1950.00000000	398.19386985972585000000000000000000
1952.00000000	396.94158612829390000000000000000000
1954.00000000	395.69221621863664000000000000000000
1956.00000000	394.44575645757200000000000000000000
1958.00000000	393.20220317542680000000000000000000
1960.00000000	391.96155270572340000000000000000000
1962.00000000	390.72380138498320000000000000000000
1964.00000000	389.48894555263985000000000000000000
1966.00000000	388.25698155066505000000000000000000
1968.00000000	387.02790572348430000000000000000000
1970.00000000	385.80171441785670000000000000000000
1972.00000000	384.57840398249480000000000000000000
1974.00000000	383.35797076803110000000000000000000
1976.00000000	382.14041112678296000000000000000000
1978.00000000	380.92572141253490000000000000000000
1980.00000000	379.71389798047164000000000000000000
1982.00000000	378.50493718694330000000000000000000
1984.00000000	377.29883538920310000000000000000000
1986.00000000	376.09558894540550000000000000000000
1988.00000000	374.89519421432520000000000000000000
1990.00000000	373.69764755526940000000000000000000
1992.00000000	372.50294532781050000000000000000000
1994.00000000	371.31108389181270000000000000000000
1996.00000000	370.12205960707917000000000000000000
1998.00000000	368.93586883328770000000000000000000
2000.00000000	367.75250792991070000000000000000000
