100.00000000	-723.92071961959400000000000000000000
102.00000000	-640.43337084022350000000000000000000
104.00000000	-579.22418684347600000000000000000000
106.00000000	-545.26873943711140000000000000000000
108.00000000	-511.50410438098090000000000000000000
110.00000000	-478.28182698935086000000000000000000
112.00000000	-445.85755228669257000000000000000000
114.00000000	-420.69821983486850000000000000000000
116.00000000	-400.16760887579505000000000000000000
118.00000000	-380.82570655736515000000000000000000
120.00000000	-362.52165012724590000000000000000000
122.00000000	-345.23356824953110000000000000000000
124.00000000	-328.76935928884893000000000000000000
126.00000000	-301.23348324474920000000000000000000
128.00000000	-275.94586311743655000000000000000000
130.00000000	-252.67628239936684000000000000000000
132.00000000	-231.22225380806250000000000000000000
134.00000000	-211.40567700637993000000000000000000
136.00000000	-193.06984492096967000000000000000000
138.00000000	-176.77437432786786000000000000000000
140.00000000	-166.41980515322982000000000000000000
142.00000000	-156.69944002739080000000000000000000
144.00000000	-147.56682709051030000000000000000000
146.00000000	-138.98071514644490000000000000000000
148.00000000	-130.90441943227648000000000000000000
150.00000000	-123.30526395317668000000000000000000
152.00000000	-116.15409022476649000000000000000000
154.00000000	-109.42482333891114000000000000000000
156.00000000	-104.05034488855782000000000000000000
158.00000000	-99.87818770947605000000000000000000
160.00000000	-95.91622492178547000000000000000000
162.00000000	-92.17705092701553000000000000000000
164.00000000	-88.65394344633992000000000000000000
166.00000000	-85.34054345137248000000000000000000
168.00000000	-82.23074575853319000000000000000000
170.00000000	-79.31859028937208000000000000000000
172.00000000	-76.59815246355530000000000000000000
174.00000000	-74.06343118122260000000000000000000
176.00000000	-71.70823280233614000000000000000000
178.00000000	-74.45705994548180000000000000000000
180.00000000	-83.17431349791354000000000000000000
182.00000000	-91.51630660571087000000000000000000
184.00000000	-92.44643711407350000000000000000000
186.00000000	-92.13998680384994000000000000000000
188.00000000	-93.36871385355940000000000000000000
190.00000000	-111.06776298997767000000000000000000
192.00000000	-127.90788021266536000000000000000000
194.00000000	-143.30620832115977000000000000000000
196.00000000	-154.28519629717124000000000000000000
198.00000000	-164.71483323293190000000000000000000
200.00000000	-174.41487802807620000000000000000000
202.00000000	-172.11256155595152000000000000000000
204.00000000	-169.87741192195122000000000000000000
206.00000000	-167.66664407601297000000000000000000
208.00000000	-174.48685357573547000000000000000000
210.00000000	-184.81760400117201000000000000000000
212.00000000	-194.31119508575915000000000000000000
214.00000000	-203.94310941163670000000000000000000
216.00000000	-219.83212307069110000000000000000000
218.00000000	-234.29503782236070000000000000000000
220.00000000	-247.25404542374760000000000000000000
222.00000000	-256.17965611642550000000000000000000
224.00000000	-258.04453901240060000000000000000000
226.00000000	-258.39178749060630000000000000000000
228.00000000	-257.01159480586710000000000000000000
230.00000000	-252.50548046290717000000000000000000
232.00000000	-241.31516739300315000000000000000000
234.00000000	-227.47983098520032000000000000000000
236.00000000	-210.37925792953823000000000000000000
238.00000000	-189.12022953828455000000000000000000
240.00000000	-162.64105391240614000000000000000000
242.00000000	-128.64153714728587000000000000000000
244.00000000	-83.74847305431501000000000000000000
246.00000000	-22.72706877740690600000000000000000
248.00000000	62.64991119186015600000000000000000
250.00000000	194.54572924126438000000000000000000
252.00000000	367.67303390940120000000000000000000
254.00000000	571.21300968920170000000000000000000
256.00000000	766.63730321705150000000000000000000
258.00000000	914.09461229739540000000000000000000
260.00000000	1008.64930118595050000000000000000000
262.00000000	1071.05956899253370000000000000000000
264.00000000	1123.62329534936500000000000000000000
266.00000000	1180.11780183888730000000000000000000
268.00000000	1246.42047839932730000000000000000000
270.00000000	1326.04254222068380000000000000000000
272.00000000	1422.39377452668000000000000000000000
274.00000000	1519.09499275880200000000000000000000
276.00000000	1609.53968964428420000000000000000000
278.00000000	1688.79145039756420000000000000000000
280.00000000	1754.70544952796400000000000000000000
282.00000000	1807.72196454269100000000000000000000
284.00000000	1849.65783017064970000000000000000000
286.00000000	1882.86231431207900000000000000000000
288.00000000	1909.77105658765620000000000000000000
290.00000000	1932.37596043356760000000000000000000
292.00000000	1952.16531530313430000000000000000000
294.00000000	1970.18825534081950000000000000000000
296.00000000	1989.06851737564200000000000000000000
298.00000000	2010.40157057942430000000000000000000
300.00000000	2031.66445263048220000000000000000000
302.00000000	2052.92887416957860000000000000000000
304.00000000	2074.20869382007200000000000000000000
306.00000000	2095.48006479822100000000000000000000
308.00000000	2116.71801268686600000000000000000000
310.00000000	2137.94125543135120000000000000000000
312.00000000	2161.56685557005100000000000000000000
314.00000000	2184.95348663259570000000000000000000
316.00000000	2208.04356137278860000000000000000000
318.00000000	2230.79012422366100000000000000000000
320.00000000	2253.15550125372100000000000000000000
322.00000000	2275.10976179549150000000000000000000
324.00000000	2296.62353893470440000000000000000000
326.00000000	2317.68876215437900000000000000000000
328.00000000	2335.49351221849430000000000000000000
330.00000000	2352.41721294548460000000000000000000
332.00000000	2368.87607280278230000000000000000000
334.00000000	2384.86144851488300000000000000000000
336.00000000	2400.36349539175030000000000000000000
338.00000000	2415.36422098788800000000000000000000
340.00000000	2429.86194139202500000000000000000000
342.00000000	2443.83390804482500000000000000000000
344.00000000	2457.26046640810600000000000000000000
346.00000000	2469.98053283902700000000000000000000
348.00000000	2482.06743459261040000000000000000000
350.00000000	2493.52023137658440000000000000000000
352.00000000	2504.32461620899180000000000000000000
354.00000000	2514.44619408678900000000000000000000
356.00000000	2523.85978546320080000000000000000000
358.00000000	2532.54616549408870000000000000000000
360.00000000	2540.48931199376300000000000000000000
362.00000000	2547.71246560668440000000000000000000
364.00000000	2554.24252629263000000000000000000000
366.00000000	2564.58572842754600000000000000000000
368.00000000	2576.40320123428550000000000000000000
370.00000000	2587.71269776828150000000000000000000
372.00000000	2598.77720410448700000000000000000000
374.00000000	2609.91655874765140000000000000000000
376.00000000	2621.53622882436500000000000000000000
378.00000000	2634.10277354954000000000000000000000
380.00000000	2648.10014286241270000000000000000000
382.00000000	2664.00611300807400000000000000000000
384.00000000	2682.17782160839400000000000000000000
386.00000000	2702.81718728405850000000000000000000
388.00000000	2725.98924112660100000000000000000000
390.00000000	2751.66167451495700000000000000000000
392.00000000	2779.30246368173040000000000000000000
394.00000000	2808.40278243308600000000000000000000
396.00000000	2838.42157470178650000000000000000000
398.00000000	2868.85878410208700000000000000000000
400.00000000	2899.34164398685700000000000000000000
402.00000000	2929.61879210393770000000000000000000
404.00000000	2959.59721643182400000000000000000000
406.00000000	2989.32743445180680000000000000000000
408.00000000	3018.98222861287700000000000000000000
410.00000000	3048.82610000783600000000000000000000
412.00000000	3079.17811972542040000000000000000000
414.00000000	3111.38729777292340000000000000000000
416.00000000	3146.54268205407700000000000000000000
418.00000000	3183.17649666002600000000000000000000
420.00000000	3221.45243221879400000000000000000000
422.00000000	3261.44305050844100000000000000000000
424.00000000	3303.13046333135800000000000000000000
426.00000000	3346.42695401387570000000000000000000
428.00000000	3391.20380254802600000000000000000000
430.00000000	3437.32093569825840000000000000000000
432.00000000	3484.65114278746160000000000000000000
434.00000000	3533.10076878411560000000000000000000
436.00000000	3582.59411279657660000000000000000000
438.00000000	3633.10424069247160000000000000000000
440.00000000	3684.62523941776040000000000000000000
442.00000000	3737.16951055408070000000000000000000
444.00000000	3783.43286325186860000000000000000000
446.00000000	3826.05374712126300000000000000000000
448.00000000	3869.74220960551700000000000000000000
450.00000000	3914.47324004834850000000000000000000
452.00000000	3960.21203133980730000000000000000000
454.00000000	4006.91983242733700000000000000000000
456.00000000	4054.55394726545270000000000000000000
458.00000000	4103.07662381002700000000000000000000
460.00000000	4152.42189162968900000000000000000000
462.00000000	4202.54669533969800000000000000000000
464.00000000	4253.39808929174000000000000000000000
466.00000000	4304.92218658101000000000000000000000
468.00000000	4357.06468902967400000000000000000000
470.00000000	4409.78230617338100000000000000000000
472.00000000	4462.99935187518600000000000000000000
474.00000000	4516.67339345821400000000000000000000
476.00000000	4570.75204125052550000000000000000000
478.00000000	4628.80299628115600000000000000000000
480.00000000	4689.86571125907450000000000000000000
482.00000000	4751.23724904001200000000000000000000
484.00000000	4812.85310898072800000000000000000000
486.00000000	4874.66486322204200000000000000000000
488.00000000	4936.58247003298800000000000000000000
490.00000000	4998.56052150968300000000000000000000
492.00000000	5060.54086578114700000000000000000000
494.00000000	5122.46686063052200000000000000000000
496.00000000	5184.28333129806650000000000000000000
498.00000000	5245.93652689715600000000000000000000
500.00000000	5307.37407698506300000000000000000000
502.00000000	5368.54494946282600000000000000000000
504.00000000	5429.39941069023500000000000000000000
506.00000000	5489.90752287466700000000000000000000
508.00000000	5549.98502760199100000000000000000000
510.00000000	5609.60434398040900000000000000000000
512.00000000	5668.72059714577150000000000000000000
514.00000000	5727.29006204438500000000000000000000
516.00000000	5785.27014555262500000000000000000000
518.00000000	5841.07989204180300000000000000000000
520.00000000	5895.60144724238600000000000000000000
522.00000000	5949.43516619123800000000000000000000
524.00000000	6002.54596418011800000000000000000000
526.00000000	6054.89979642941850000000000000000000
528.00000000	6106.46366065893600000000000000000000
530.00000000	6157.20560248605600000000000000000000
532.00000000	6207.09472338212000000000000000000000
534.00000000	6256.10119040972950000000000000000000
536.00000000	6304.21781247498300000000000000000000
538.00000000	6351.37362010069300000000000000000000
540.00000000	6397.56378827181300000000000000000000
542.00000000	6442.76288613950100000000000000000000
544.00000000	6486.94662342159900000000000000000000
546.00000000	6530.09186773705300000000000000000000
548.00000000	6572.17666201648300000000000000000000
550.00000000	6613.18024168499050000000000000000000
552.00000000	6653.08305132407100000000000000000000
554.00000000	6691.86676053335400000000000000000000
556.00000000	6729.51427872825500000000000000000000
558.00000000	6766.00976862732700000000000000000000
560.00000000	6801.33865820232800000000000000000000
562.00000000	6835.48765088491100000000000000000000
564.00000000	6862.32882870639600000000000000000000
566.00000000	6867.16794315292700000000000000000000
568.00000000	6870.80287766374100000000000000000000
570.00000000	6873.24836414375900000000000000000000
572.00000000	6874.52026291424700000000000000000000
574.00000000	6874.63549882670900000000000000000000
576.00000000	6873.62983270374600000000000000000000
578.00000000	6871.48582054771100000000000000000000
580.00000000	6868.24166018388950000000000000000000
582.00000000	6863.91788704037100000000000000000000
584.00000000	6858.53577690479300000000000000000000
586.00000000	6852.11728193659900000000000000000000
588.00000000	6844.68496750498200000000000000000000
590.00000000	6836.26195005905900000000000000000000
592.00000000	6826.87183622161000000000000000000000
594.00000000	6816.53866328204550000000000000000000
596.00000000	6805.28684124831850000000000000000000
598.00000000	6793.14109660175200000000000000000000
600.00000000	6780.12641788270050000000000000000000
602.00000000	6766.26800321976300000000000000000000
604.00000000	6751.59120990004600000000000000000000
606.00000000	6736.12150606372050000000000000000000
608.00000000	6719.88442459223600000000000000000000
610.00000000	6702.90551924694050000000000000000000
612.00000000	6685.21032310268300000000000000000000
614.00000000	6666.82430931001600000000000000000000
616.00000000	6647.77285420984800000000000000000000
618.00000000	6628.08120281549700000000000000000000
620.00000000	6607.63646400821900000000000000000000
622.00000000	6584.08190976592300000000000000000000
624.00000000	6560.15251526981000000000000000000000
626.00000000	6535.86773200013600000000000000000000
628.00000000	6511.24668676742000000000000000000000
630.00000000	6486.30817609413600000000000000000000
632.00000000	6461.07066211916500000000000000000000
634.00000000	6435.55227003019300000000000000000000
636.00000000	6409.77078703933000000000000000000000
638.00000000	6383.74366293118150000000000000000000
640.00000000	6357.48801222896800000000000000000000
642.00000000	6331.02118450335900000000000000000000
644.00000000	6304.35807447170400000000000000000000
646.00000000	6277.51582776583700000000000000000000
648.00000000	6250.51027473109900000000000000000000
650.00000000	6223.35694894805200000000000000000000
652.00000000	6196.07110170531100000000000000000000
654.00000000	6168.66771942884800000000000000000000
656.00000000	6141.16154455957500000000000000000000
658.00000000	6113.56710052343800000000000000000000
660.00000000	6085.89872164176100000000000000000000
662.00000000	6058.17058910455800000000000000000000
664.00000000	6030.39677450712100000000000000000000
666.00000000	6002.59129297450200000000000000000000
668.00000000	5974.76816864009000000000000000000000
670.00000000	5946.94151630994400000000000000000000
672.00000000	5919.12564470554800000000000000000000
674.00000000	5891.33518901291700000000000000000000
676.00000000	5863.58528404229700000000000000000000
678.00000000	5835.89179492542000000000000000000000
680.00000000	5808.27163138607300000000000000000000
682.00000000	5780.74318688539000000000000000000000
684.00000000	5753.32697056018150000000000000000000
686.00000000	5726.04654847072800000000000000000000
688.00000000	5698.93000441941700000000000000000000
690.00000000	5673.25502741387600000000000000000000
692.00000000	5648.58636170853700000000000000000000
694.00000000	5624.19160538833400000000000000000000
696.00000000	5600.17186388125200000000000000000000
698.00000000	5576.70490489762000000000000000000000
700.00000000	5554.17955015300200000000000000000000
702.00000000	5534.01334684356200000000000000000000
704.00000000	5511.08711592199000000000000000000000
706.00000000	5481.20380613304300000000000000000000
708.00000000	5452.07697725370700000000000000000000
710.00000000	5423.29381200324600000000000000000000
712.00000000	5394.73430537773200000000000000000000
714.00000000	5366.34689025900200000000000000000000
716.00000000	5338.10566876237400000000000000000000
718.00000000	5309.99671204178900000000000000000000
720.00000000	5282.01243893392900000000000000000000
722.00000000	5254.14893004930500000000000000000000
724.00000000	5226.40450294577500000000000000000000
726.00000000	5198.77889617511000000000000000000000
728.00000000	5171.27277396063300000000000000000000
730.00000000	5143.88741148179450000000000000000000
732.00000000	5116.62448752672900000000000000000000
734.00000000	5089.48594385498500000000000000000000
736.00000000	5062.47388756618700000000000000000000
738.00000000	5035.59052207125600000000000000000000
740.00000000	5008.83809760357200000000000000000000
742.00000000	4982.21887539093800000000000000000000
744.00000000	4955.73510157356000000000000000000000
746.00000000	4929.38898819972750000000000000000000
748.00000000	4903.18269944257100000000000000000000
750.00000000	4877.11834172347500000000000000000000
752.00000000	4851.19795679490000000000000000000000
754.00000000	4825.42351709167600000000000000000000
756.00000000	4799.79692283911500000000000000000000
758.00000000	4774.32000053595200000000000000000000
760.00000000	4748.99450252300400000000000000000000
762.00000000	4723.80661883571600000000000000000000
764.00000000	4698.78886057980500000000000000000000
766.00000000	4673.92735061677650000000000000000000
768.00000000	4649.22355525501900000000000000000000
770.00000000	4624.67887466484100000000000000000000
772.00000000	4600.29464578625000000000000000000000
774.00000000	4576.07214553242200000000000000000000
776.00000000	4552.98502736395000000000000000000000
778.00000000	4530.79715091864600000000000000000000
780.00000000	4508.74762608207950000000000000000000
782.00000000	4486.83784320338300000000000000000000
784.00000000	4465.06915582701000000000000000000000
786.00000000	4443.44288501220100000000000000000000
788.00000000	4421.96032394420600000000000000000000
790.00000000	4400.62274286293100000000000000000000
792.00000000	4379.43139434145600000000000000000000
794.00000000	4358.38751895623600000000000000000000
796.00000000	4337.49235140039400000000000000000000
798.00000000	4316.74712710307700000000000000000000
800.00000000	4296.15308943064250000000000000000000
802.00000000	4275.71149756166600000000000000000000
804.00000000	4255.42363514688350000000000000000000
806.00000000	4235.29081988744100000000000000000000
808.00000000	4215.31441419392600000000000000000000
810.00000000	4195.49583712305900000000000000000000
812.00000000	4175.83657783238000000000000000000000
814.00000000	4156.33821084804550000000000000000000
816.00000000	4137.00241350985800000000000000000000
818.00000000	4117.83098604556000000000000000000000
820.00000000	4098.82587484051800000000000000000000
822.00000000	4079.98919961615230000000000000000000
824.00000000	4061.32328542407050000000000000000000
826.00000000	4042.83070062040600000000000000000000
828.00000000	4024.51430232835200000000000000000000
830.00000000	4006.37729136543000000000000000000000
832.00000000	3988.42327925424300000000000000000000
834.00000000	3970.65637083325240000000000000000000
836.00000000	3953.08126725418600000000000000000000
838.00000000	3935.70339598594700000000000000000000
840.00000000	3918.52907713511830000000000000000000
842.00000000	3901.56573943296640000000000000000000
844.00000000	3884.82220544129040000000000000000000
846.00000000	3868.30907531639800000000000000000000
848.00000000	3852.03925438059600000000000000000000
850.00000000	3836.02869652541770000000000000000000
852.00000000	3820.29748236843100000000000000000000
854.00000000	3804.87143717178400000000000000000000
856.00000000	3789.78466063578430000000000000000000
858.00000000	3775.08368781471150000000000000000000
860.00000000	3760.83478499957000000000000000000000
862.00000000	3747.13786076279400000000000000000000
864.00000000	3734.15623130485500000000000000000000
866.00000000	3722.19218095541900000000000000000000
868.00000000	3711.94317771506900000000000000000000
870.00000000	3706.25580703964440000000000000000000
872.00000000	3682.82762524796230000000000000000000
874.00000000	3654.66443755150400000000000000000000
876.00000000	3629.37556651992370000000000000000000
878.00000000	3605.45569022093400000000000000000000
880.00000000	3582.41076811622860000000000000000000
882.00000000	3560.00486135460730000000000000000000
884.00000000	3538.10351118793900000000000000000000
886.00000000	3516.09802429476080000000000000000000
888.00000000	3492.57076672468340000000000000000000
890.00000000	3469.42115263665940000000000000000000
892.00000000	3446.61591345895070000000000000000000
894.00000000	3424.12911365825900000000000000000000
896.00000000	3401.93998659571930000000000000000000
898.00000000	3380.03152850480900000000000000000000
900.00000000	3358.38954938661000000000000000000000
902.00000000	3337.00201156566940000000000000000000
904.00000000	3315.85855608736900000000000000000000
906.00000000	3294.95015565047240000000000000000000
908.00000000	3274.26885509032950000000000000000000
910.00000000	3253.80757386921460000000000000000000
912.00000000	3233.55995339304540000000000000000000
914.00000000	3213.52023732750400000000000000000000
916.00000000	3193.68317660477350000000000000000000
918.00000000	3174.04395317528800000000000000000000
920.00000000	3154.59811817740300000000000000000000
922.00000000	3135.34154133243900000000000000000000
924.00000000	3116.27036917199170000000000000000000
926.00000000	3097.38099016688880000000000000000000
928.00000000	3078.67000609142770000000000000000000
930.00000000	3060.13420672935000000000000000000000
932.00000000	3041.77054951471900000000000000000000
934.00000000	3023.57614160935150000000000000000000
936.00000000	3005.54822462495440000000000000000000
938.00000000	2987.68416144336330000000000000000000
940.00000000	2969.98142479211000000000000000000000
942.00000000	2952.43758729709200000000000000000000
944.00000000	2935.05031278470050000000000000000000
946.00000000	2917.81734864581700000000000000000000
948.00000000	2900.73651910619540000000000000000000
950.00000000	2883.80571927454700000000000000000000
952.00000000	2867.02290985967600000000000000000000
954.00000000	2850.38611246646900000000000000000000
956.00000000	2833.89340539315030000000000000000000
958.00000000	2817.54291986633960000000000000000000
960.00000000	2801.33283665701950000000000000000000
962.00000000	2785.26138303139400000000000000000000
964.00000000	2769.32682999494270000000000000000000
966.00000000	2753.52748979640550000000000000000000
968.00000000	2737.86171365999960000000000000000000
970.00000000	2722.32788972069900000000000000000000
972.00000000	2706.92444114003270000000000000000000
974.00000000	2691.64982438194000000000000000000000
976.00000000	2676.50252763244130000000000000000000
978.00000000	2661.48106934710540000000000000000000
980.00000000	2646.58399691373550000000000000000000
982.00000000	2631.80988541834130000000000000000000
984.00000000	2617.15733650410000000000000000000000
986.00000000	2602.62497731412700000000000000000000
988.00000000	2588.21145951045760000000000000000000
990.00000000	2573.91545836131500000000000000000000
992.00000000	2559.73567189106550000000000000000000
994.00000000	2545.67082008652400000000000000000000
996.00000000	2531.71964415501800000000000000000000
998.00000000	2517.88090582963150000000000000000000
1000.00000000	2504.15338671677770000000000000000000
1002.00000000	2490.53588768403000000000000000000000
1004.00000000	2477.02722828293100000000000000000000
1006.00000000	2463.62624620583530000000000000000000
1008.00000000	2450.33179677213640000000000000000000
1010.00000000	2437.14275244340020000000000000000000
1012.00000000	2424.05800236337400000000000000000000
1014.00000000	2411.07645192256270000000000000000000
1016.00000000	2398.19702234410100000000000000000000
1018.00000000	2385.41865029056270000000000000000000
1020.00000000	2372.74028748897400000000000000000000
1022.00000000	2360.16090037414100000000000000000000
1024.00000000	2347.67946974728560000000000000000000
1026.00000000	2335.29499045049200000000000000000000
1028.00000000	2323.00647105522470000000000000000000
1030.00000000	2310.81293356339440000000000000000000
1032.00000000	2298.71341312140100000000000000000000
1034.00000000	2286.58526710234700000000000000000000
1036.00000000	2274.41681938686450000000000000000000
1038.00000000	2262.34206311530100000000000000000000
1040.00000000	2250.36004162696870000000000000000000
1042.00000000	2238.46981141702800000000000000000000
1044.00000000	2226.67044186079740000000000000000000
1046.00000000	2214.96101494710460000000000000000000
1048.00000000	2203.34062502178630000000000000000000
1050.00000000	2191.80837853942880000000000000000000
1052.00000000	2180.36339382384450000000000000000000
1054.00000000	2169.00480083652000000000000000000000
1056.00000000	2157.73174095217340000000000000000000
1058.00000000	2146.54336674196300000000000000000000
1060.00000000	2135.43884176331130000000000000000000
1062.00000000	2124.41734035593200000000000000000000
1064.00000000	2113.47804744433820000000000000000000
1066.00000000	2102.62015834601330000000000000000000
1068.00000000	2091.84287858530250000000000000000000
1070.00000000	2081.14542371239030000000000000000000
1072.00000000	2070.52701912748600000000000000000000
1074.00000000	2059.98689991013900000000000000000000
1076.00000000	2049.52431065250180000000000000000000
1078.00000000	2039.13850529773940000000000000000000
1080.00000000	2028.82874698250000000000000000000000
1082.00000000	2018.59430788293280000000000000000000
1084.00000000	2008.43446906552000000000000000000000
1086.00000000	1998.34852034104760000000000000000000
1088.00000000	1988.33576012206340000000000000000000
1090.00000000	1978.39549528461480000000000000000000
1092.00000000	1968.52704103221700000000000000000000
1094.00000000	1958.72972076394350000000000000000000
1096.00000000	1949.00286594502810000000000000000000
1098.00000000	1939.34581598081700000000000000000000
1100.00000000	1929.75791809344650000000000000000000
1102.00000000	1920.23852720101080000000000000000000
1104.00000000	1910.78700580005220000000000000000000
1106.00000000	1901.40272384991950000000000000000000
1108.00000000	1892.08505866013400000000000000000000
1110.00000000	1882.83339477993470000000000000000000
1112.00000000	1873.64712389019800000000000000000000
1114.00000000	1864.52564469750360000000000000000000
1116.00000000	1855.46836283078440000000000000000000
1118.00000000	1846.47469073951630000000000000000000
1120.00000000	1837.54404759441830000000000000000000
1122.00000000	1828.67585918995130000000000000000000
1124.00000000	1819.86955784870180000000000000000000
1126.00000000	1811.12458232787200000000000000000000
1128.00000000	1802.44037772731200000000000000000000
1130.00000000	1793.81639539939490000000000000000000
1132.00000000	1785.25209286081420000000000000000000
1134.00000000	1776.74693370572100000000000000000000
1136.00000000	1768.30038752083420000000000000000000
1138.00000000	1759.91192980173450000000000000000000
1140.00000000	1751.58104187108230000000000000000000
1142.00000000	1743.30721079817610000000000000000000
1144.00000000	1735.08992931969150000000000000000000
1146.00000000	1726.92869576251270000000000000000000
1148.00000000	1718.82301396710980000000000000000000
1150.00000000	1710.77239321306460000000000000000000
1152.00000000	1702.77634814523230000000000000000000
1154.00000000	1694.83439870165940000000000000000000
1156.00000000	1686.94607004257340000000000000000000
1158.00000000	1679.11089248052200000000000000000000
1160.00000000	1671.32840141181530000000000000000000
1162.00000000	1663.59813724915580000000000000000000
1164.00000000	1655.91964535532160000000000000000000
1166.00000000	1648.29247597795100000000000000000000
1168.00000000	1640.71618418546840000000000000000000
1170.00000000	1633.19032980404900000000000000000000
1172.00000000	1625.71447735563900000000000000000000
1174.00000000	1618.28819599693950000000000000000000
1176.00000000	1610.91105945947580000000000000000000
1178.00000000	1603.58264599050180000000000000000000
1180.00000000	1596.30253829496090000000000000000000
1182.00000000	1589.07032347831520000000000000000000
1184.00000000	1581.88559299036900000000000000000000
1186.00000000	1574.74794256985430000000000000000000
1188.00000000	1567.65697219005920000000000000000000
1190.00000000	1560.61228600496900000000000000000000
1192.00000000	1553.61349229681010000000000000000000
1194.00000000	1546.66020342387150000000000000000000
1196.00000000	1539.75203576929500000000000000000000
1198.00000000	1532.88860969092750000000000000000000
1200.00000000	1526.06954947140200000000000000000000
1202.00000000	1519.29448326959440000000000000000000
1204.00000000	1512.56304307229600000000000000000000
1206.00000000	1505.87486464698580000000000000000000
1208.00000000	1499.22958749490820000000000000000000
1210.00000000	1492.62685480547840000000000000000000
1212.00000000	1486.06631341060070000000000000000000
1214.00000000	1479.54761374033070000000000000000000
1216.00000000	1473.07040977879050000000000000000000
1218.00000000	1466.63435902090940000000000000000000
1220.00000000	1460.23912242970300000000000000000000
1222.00000000	1453.88436439427660000000000000000000
1224.00000000	1447.56975268835230000000000000000000
1226.00000000	1441.29495842953340000000000000000000
1228.00000000	1435.05965603884970000000000000000000
1230.00000000	1428.86352320127550000000000000000000
1232.00000000	1422.70624082664090000000000000000000
1234.00000000	1416.58749301096600000000000000000000
1236.00000000	1410.50696699863300000000000000000000
1238.00000000	1404.46435314471140000000000000000000
1240.00000000	1398.47077628261000000000000000000000
1242.00000000	1392.61568918060080000000000000000000
1244.00000000	1386.79455519705720000000000000000000
1246.00000000	1381.00712382835470000000000000000000
1248.00000000	1375.25314686857660000000000000000000
1250.00000000	1369.53237838310300000000000000000000
1252.00000000	1363.84457468254730000000000000000000
1254.00000000	1358.18949429701120000000000000000000
1256.00000000	1352.56689795047460000000000000000000
1258.00000000	1346.97654853614220000000000000000000
1260.00000000	1341.41821109153630000000000000000000
1262.00000000	1335.89165277431520000000000000000000
1264.00000000	1330.39664283845900000000000000000000
1266.00000000	1324.93295261052730000000000000000000
1268.00000000	1319.50035546654100000000000000000000
1270.00000000	1314.09862680906800000000000000000000
1272.00000000	1308.72754404449100000000000000000000
1274.00000000	1303.38688656099100000000000000000000
1276.00000000	1298.07643570644900000000000000000000
1278.00000000	1292.79597476690630000000000000000000
1280.00000000	1287.54528894513940000000000000000000
1282.00000000	1282.32416533970850000000000000000000
1284.00000000	1277.13239292419400000000000000000000
1286.00000000	1271.96976252674930000000000000000000
1288.00000000	1266.83606680982530000000000000000000
1290.00000000	1261.73110025063530000000000000000000
1292.00000000	1256.65465912098240000000000000000000
1294.00000000	1251.60654146842880000000000000000000
1296.00000000	1246.58654709687380000000000000000000
1298.00000000	1241.59447754794160000000000000000000
1300.00000000	1236.63013608219700000000000000000000
1302.00000000	1231.69332766093930000000000000000000
1304.00000000	1226.78385892821200000000000000000000
1306.00000000	1221.90153819278230000000000000000000
1308.00000000	1217.04617541062430000000000000000000
1310.00000000	1212.21758216750320000000000000000000
1312.00000000	1207.41557166194910000000000000000000
1314.00000000	1202.63995868823100000000000000000000
1316.00000000	1197.89055961972120000000000000000000
1318.00000000	1193.16719239231300000000000000000000
1320.00000000	1188.46967648834150000000000000000000
1322.00000000	1183.79783292037040000000000000000000
1324.00000000	1179.15148421543380000000000000000000
1326.00000000	1174.53045439936950000000000000000000
1328.00000000	1169.93456898136760000000000000000000
1330.00000000	1165.36365493874630000000000000000000
1332.00000000	1160.81754070193160000000000000000000
1334.00000000	1156.29605613950840000000000000000000
1336.00000000	1151.79903254369060000000000000000000
1338.00000000	1147.32630261563440000000000000000000
1340.00000000	1142.87770045144770000000000000000000
1342.00000000	1138.45306152769540000000000000000000
1344.00000000	1134.05222268770240000000000000000000
1346.00000000	1129.67502212775140000000000000000000
1348.00000000	1125.32129938339590000000000000000000
1350.00000000	1120.99089531616350000000000000000000
1352.00000000	1116.68365209999870000000000000000000
1354.00000000	1112.39941320858800000000000000000000
1356.00000000	1108.13802340212600000000000000000000
1358.00000000	1103.89932871445400000000000000000000
1360.00000000	1099.68317644067470000000000000000000
1362.00000000	1095.48941512464000000000000000000000
1364.00000000	1091.31789454638670000000000000000000
1366.00000000	1087.16846571021870000000000000000000
1368.00000000	1083.04098083262260000000000000000000
1370.00000000	1078.93529333020140000000000000000000
1372.00000000	1074.85125780821320000000000000000000
1374.00000000	1070.78873004878200000000000000000000
1376.00000000	1066.74756699938120000000000000000000
1378.00000000	1062.77469677413140000000000000000000
1380.00000000	1058.98516963812470000000000000000000
1382.00000000	1055.21255162607700000000000000000000
1384.00000000	1051.45675098825680000000000000000000
1386.00000000	1047.71767662273150000000000000000000
1388.00000000	1043.99523806902100000000000000000000
1390.00000000	1040.28934550154990000000000000000000
1392.00000000	1036.59990972327320000000000000000000
1394.00000000	1032.92684215930670000000000000000000
1396.00000000	1029.27005485099600000000000000000000
1398.00000000	1025.62946044939420000000000000000000
1400.00000000	1022.00497220958280000000000000000000
1402.00000000	1018.39650398443970000000000000000000
1404.00000000	1014.80397021903800000000000000000000
1406.00000000	1011.22728594462090000000000000000000
1408.00000000	1007.66636677302670000000000000000000
1410.00000000	1004.12112889102820000000000000000000
1412.00000000	1000.59148905479300000000000000000000
1414.00000000	997.07736458432860000000000000000000
1416.00000000	993.57867335820070000000000000000000
1418.00000000	990.09533380803420000000000000000000
1420.00000000	986.62726491348400000000000000000000
1422.00000000	983.17438619684740000000000000000000
1424.00000000	979.73661771799580000000000000000000
1426.00000000	976.31388006930150000000000000000000
1428.00000000	972.90609437085640000000000000000000
1430.00000000	969.51318226514010000000000000000000
1432.00000000	966.13506591261940000000000000000000
1434.00000000	962.77166798656730000000000000000000
1436.00000000	959.42291166869890000000000000000000
1438.00000000	956.08872064418050000000000000000000
1440.00000000	952.76901909712890000000000000000000
1442.00000000	949.46373170626780000000000000000000
1444.00000000	946.17278364012400000000000000000000
1446.00000000	942.89610055278200000000000000000000
1448.00000000	939.63360857948330000000000000000000
1450.00000000	936.38523433228170000000000000000000
1452.00000000	933.15090489578730000000000000000000
1454.00000000	929.93054782302910000000000000000000
1456.00000000	926.72409113114180000000000000000000
1458.00000000	923.53146329743560000000000000000000
1460.00000000	920.35259325521420000000000000000000
1462.00000000	917.18741038982880000000000000000000
1464.00000000	914.03584453480140000000000000000000
1466.00000000	910.89782596781360000000000000000000
1468.00000000	907.77328540683570000000000000000000
1470.00000000	904.66215400639100000000000000000000
1472.00000000	901.56436335379740000000000000000000
1474.00000000	898.47984546556290000000000000000000
1476.00000000	895.40853278333020000000000000000000
1478.00000000	892.35035817074870000000000000000000
1480.00000000	889.30525490957220000000000000000000
1482.00000000	886.27315669619580000000000000000000
1484.00000000	883.25399763820740000000000000000000
1486.00000000	880.24771225096130000000000000000000
1488.00000000	877.25423545400020000000000000000000
1490.00000000	874.27350256797420000000000000000000
1492.00000000	871.30544931098620000000000000000000
1494.00000000	868.35001179553930000000000000000000
1496.00000000	865.40712652525690000000000000000000
1498.00000000	862.47673039151780000000000000000000
1500.00000000	859.55876067040940000000000000000000
1502.00000000	856.65315501962870000000000000000000
1504.00000000	853.75985147524160000000000000000000
1506.00000000	850.87878844874300000000000000000000
1508.00000000	848.00990472397560000000000000000000
1510.00000000	845.15313945409780000000000000000000
1512.00000000	842.30843215870280000000000000000000
1514.00000000	839.47572272082140000000000000000000
1516.00000000	836.65495138411790000000000000000000
1518.00000000	833.84605874988570000000000000000000
1520.00000000	831.04898577433820000000000000000000
1522.00000000	828.26367376581660000000000000000000
1524.00000000	825.49006438189970000000000000000000
1526.00000000	822.72809962684950000000000000000000
1528.00000000	819.97772184871040000000000000000000
1530.00000000	817.23887373684720000000000000000000
1532.00000000	814.51149831910350000000000000000000
1534.00000000	811.79553895929060000000000000000000
1536.00000000	809.09093935462100000000000000000000
1538.00000000	806.39764353307920000000000000000000
1540.00000000	803.71559585092850000000000000000000
1542.00000000	801.04474099020060000000000000000000
1544.00000000	798.38502395617900000000000000000000
1546.00000000	795.73639007516370000000000000000000
1548.00000000	793.09878499162460000000000000000000
1550.00000000	790.44947614025660000000000000000000
1552.00000000	787.65052635178700000000000000000000
1554.00000000	784.85925590627600000000000000000000
1556.00000000	782.07565884190770000000000000000000
1558.00000000	779.29972918647740000000000000000000
1560.00000000	776.53146095489720000000000000000000
1562.00000000	773.77084814739240000000000000000000
1564.00000000	771.01788474725480000000000000000000
1566.00000000	768.27256471872720000000000000000000
1568.00000000	765.53488200533050000000000000000000
1570.00000000	762.80483052750840000000000000000000
1572.00000000	760.08240418107450000000000000000000
1574.00000000	757.36759683520210000000000000000000
1576.00000000	754.66040233057460000000000000000000
1578.00000000	751.96081447774280000000000000000000
1580.00000000	749.26882705534630000000000000000000
1582.00000000	746.58443380838950000000000000000000
1584.00000000	743.90762844663850000000000000000000
1586.00000000	741.23840464302620000000000000000000
1588.00000000	738.57675603210190000000000000000000
1590.00000000	735.92267620847830000000000000000000
1592.00000000	733.27615872540840000000000000000000
1594.00000000	730.63719709328470000000000000000000
1596.00000000	728.00578477824830000000000000000000
1598.00000000	725.38191520082170000000000000000000
1600.00000000	722.76558173468210000000000000000000
1602.00000000	720.15677770526320000000000000000000
1604.00000000	717.55549638851910000000000000000000
1606.00000000	714.96173100972380000000000000000000
1608.00000000	712.37547474231750000000000000000000
1610.00000000	709.79672070676740000000000000000000
1612.00000000	707.22546196937960000000000000000000
1614.00000000	704.66169154144250000000000000000000
1616.00000000	702.10540237782490000000000000000000
1618.00000000	699.55658737631320000000000000000000
1620.00000000	697.01523937649550000000000000000000
1622.00000000	694.48135115884700000000000000000000
1624.00000000	691.95491544382920000000000000000000
1626.00000000	689.43592489098610000000000000000000
1628.00000000	686.92437209812310000000000000000000
1630.00000000	684.42024960053450000000000000000000
1632.00000000	681.92354987022750000000000000000000
1634.00000000	679.43426531505190000000000000000000
1636.00000000	676.95238827815470000000000000000000
1638.00000000	674.47791103716820000000000000000000
1640.00000000	672.01082580363290000000000000000000
1642.00000000	669.55112472231160000000000000000000
1644.00000000	667.09879987072770000000000000000000
1646.00000000	664.65384325825540000000000000000000
1648.00000000	662.21624682598940000000000000000000
1650.00000000	659.78600244592540000000000000000000
1652.00000000	657.36310192067830000000000000000000
1654.00000000	654.94753698278670000000000000000000
1656.00000000	652.53929929462700000000000000000000
1658.00000000	650.13838044755400000000000000000000
1660.00000000	647.74477196189140000000000000000000
1662.00000000	645.35846528638870000000000000000000
1664.00000000	642.97945179789950000000000000000000
1666.00000000	640.60772280111930000000000000000000
1668.00000000	638.24326952825450000000000000000000
1670.00000000	635.88608313882280000000000000000000
1672.00000000	633.53615471931070000000000000000000
1674.00000000	631.19347528292940000000000000000000
1676.00000000	628.85803576970520000000000000000000
1678.00000000	626.52982704590610000000000000000000
1680.00000000	624.20883990414450000000000000000000
1682.00000000	621.89506506322000000000000000000000
1684.00000000	619.58849316782100000000000000000000
1686.00000000	617.28911478877390000000000000000000
1688.00000000	614.99692042268050000000000000000000
1690.00000000	612.71190049189560000000000000000000
1692.00000000	610.43404534470330000000000000000000
1694.00000000	608.16334525512270000000000000000000
1696.00000000	605.89979042288710000000000000000000
1698.00000000	603.64337097362850000000000000000000
1700.00000000	601.39407695889660000000000000000000
1702.00000000	599.15189835595750000000000000000000
1704.00000000	596.91682506829250000000000000000000
1706.00000000	594.68884692536160000000000000000000
1708.00000000	592.46795368289770000000000000000000
1710.00000000	590.25413502290440000000000000000000
1712.00000000	588.04738055402460000000000000000000
1714.00000000	585.84767981129960000000000000000000
1716.00000000	583.65502225693980000000000000000000
1718.00000000	581.46939727982750000000000000000000
1720.00000000	579.29079419631510000000000000000000
1722.00000000	577.11920225013070000000000000000000
1724.00000000	574.95461061267410000000000000000000
1726.00000000	572.79700838338400000000000000000000
1728.00000000	570.64638458983620000000000000000000
1730.00000000	568.50272818798820000000000000000000
1732.00000000	566.36602806283710000000000000000000
1734.00000000	564.23627302823720000000000000000000
1736.00000000	562.11345182757920000000000000000000
1738.00000000	559.99755313393100000000000000000000
1740.00000000	557.88856555042540000000000000000000
1742.00000000	555.78647761065330000000000000000000
1744.00000000	553.69127777898420000000000000000000
1746.00000000	551.60295445100050000000000000000000
1748.00000000	549.52149595375750000000000000000000
1750.00000000	547.44689054638050000000000000000000
1752.00000000	545.37912642028740000000000000000000
1754.00000000	543.31819169970800000000000000000000
1756.00000000	541.26407444205090000000000000000000
1758.00000000	539.21676263839670000000000000000000
1760.00000000	537.17624421401670000000000000000000
1762.00000000	535.14250702855680000000000000000000
1764.00000000	533.11553887690950000000000000000000
1766.00000000	531.09532748929880000000000000000000
1768.00000000	529.08186053193230000000000000000000
1770.00000000	527.07512560763670000000000000000000
1772.00000000	525.26812717322280000000000000000000
1774.00000000	523.72283055433000000000000000000000
1776.00000000	522.18092607049830000000000000000000
1778.00000000	520.64240777301320000000000000000000
1780.00000000	519.10726975659320000000000000000000
1782.00000000	517.57550615852840000000000000000000
1784.00000000	516.04711115827400000000000000000000
1786.00000000	514.52207897660570000000000000000000
1788.00000000	513.00040387511570000000000000000000
1790.00000000	511.48208015556500000000000000000000
1792.00000000	509.96710215913527000000000000000000
1794.00000000	508.45546426592510000000000000000000
1796.00000000	506.94716089436764000000000000000000
1798.00000000	505.44218650037396000000000000000000
1800.00000000	503.94053557705865000000000000000000
1802.00000000	502.44220265402475000000000000000000
1804.00000000	500.94718229656880000000000000000000
1806.00000000	499.45546910540960000000000000000000
1808.00000000	497.96705771595510000000000000000000
1810.00000000	496.48194279764330000000000000000000
1812.00000000	495.00011905363120000000000000000000
1814.00000000	493.52158121991600000000000000000000
1816.00000000	492.04632406505056000000000000000000
1818.00000000	490.57434238952175000000000000000000
1820.00000000	489.10563102503550000000000000000000
1822.00000000	487.64018483426070000000000000000000
1824.00000000	486.17799871004680000000000000000000
1826.00000000	484.71906757515890000000000000000000
1828.00000000	483.26338638144335000000000000000000
1830.00000000	481.81095010957800000000000000000000
1832.00000000	480.36175376846510000000000000000000
1834.00000000	478.91579239469640000000000000000000
1836.00000000	477.47306105209580000000000000000000
1838.00000000	476.03355483121356000000000000000000
1840.00000000	474.59726884897010000000000000000000
1842.00000000	473.16419824783793000000000000000000
1844.00000000	471.73433819575410000000000000000000
1846.00000000	470.30768388543580000000000000000000
1848.00000000	468.88423053391890000000000000000000
1850.00000000	467.46397338220646000000000000000000
1852.00000000	466.04690769463120000000000000000000
1854.00000000	464.63302875870570000000000000000000
1856.00000000	463.22233188433290000000000000000000
1858.00000000	461.81481240355333000000000000000000
1860.00000000	460.41046567020250000000000000000000
1862.00000000	459.00928705918220000000000000000000
1864.00000000	457.61127196643173000000000000000000
1866.00000000	456.21641580808057000000000000000000
1868.00000000	454.82471402039660000000000000000000
1870.00000000	453.43616205918914000000000000000000
1872.00000000	452.05075539951133000000000000000000
1874.00000000	450.66848953502966000000000000000000
1876.00000000	449.28935997795240000000000000000000
1878.00000000	447.91336225845606000000000000000000
1880.00000000	446.54049192427533000000000000000000
1882.00000000	445.17074454035920000000000000000000
1884.00000000	443.80411568857454000000000000000000
1886.00000000	442.44060096726440000000000000000000
1888.00000000	441.08019599082000000000000000000000
1890.00000000	439.72289638944830000000000000000000
1892.00000000	438.36869780877595000000000000000000
1894.00000000	437.01759590926840000000000000000000
1896.00000000	435.66958636636485000000000000000000
1898.00000000	434.32466486965650000000000000000000
1900.00000000	432.98282712273584000000000000000000
1902.00000000	431.64406884298467000000000000000000
1904.00000000	430.30838576101496000000000000000000
1906.00000000	428.97577362044115000000000000000000
1908.00000000	427.64622817769350000000000000000000
1910.00000000	426.31974520137780000000000000000000
1912.00000000	424.99632047223310000000000000000000
1914.00000000	423.67594978275860000000000000000000
1916.00000000	422.35862893683964000000000000000000
1918.00000000	421.04435374952493000000000000000000
1920.00000000	419.73312004665860000000000000000000
1922.00000000	418.42492366452730000000000000000000
1924.00000000	417.11976044989240000000000000000000
1926.00000000	415.81762625922136000000000000000000
1928.00000000	414.51851695881686000000000000000000
1930.00000000	413.22242842419680000000000000000000
1932.00000000	411.92935654016713000000000000000000
1934.00000000	410.63929720027360000000000000000000
1936.00000000	409.35224630668614000000000000000000
1938.00000000	408.06819976976226000000000000000000
1940.00000000	406.78715350806215000000000000000000
1942.00000000	405.50910344788030000000000000000000
1944.00000000	404.23404552294320000000000000000000
1946.00000000	402.96197567438884000000000000000000
1948.00000000	401.69288985032770000000000000000000
1950.00000000	400.42678400567803000000000000000000
1952.00000000	399.16365410191116000000000000000000
1954.00000000	397.90349610682270000000000000000000
1956.00000000	396.64630599425305000000000000000000
1958.00000000	395.39207974396913000000000000000000
1960.00000000	394.14081334132590000000000000000000
1962.00000000	392.89250277705900000000000000000000
1964.00000000	391.64714404717320000000000000000000
1966.00000000	390.40473315255400000000000000000000
1968.00000000	389.16526609886420000000000000000000
1970.00000000	387.92873889640657000000000000000000
1972.00000000	386.69514755972415000000000000000000
1974.00000000	385.46448810755334000000000000000000
1976.00000000	384.23675656256680000000000000000000
1978.00000000	383.01194895114140000000000000000000
1980.00000000	381.79006130327457000000000000000000
1982.00000000	380.57108965233084000000000000000000
1984.00000000	379.35503003476424000000000000000000
1986.00000000	378.14187849009960000000000000000000
1988.00000000	376.93163106063370000000000000000000
1990.00000000	375.72428379133527000000000000000000
1992.00000000	374.51983272955560000000000000000000
1994.00000000	373.31827392504440000000000000000000
1996.00000000	372.11960342957880000000000000000000
1998.00000000	370.92381729688250000000000000000000
2000.00000000	369.73091158253317000000000000000000
