100.00000000	-757.52557564972690000000000000000000
102.00000000	-670.88006219284430000000000000000000
104.00000000	-608.17135731779240000000000000000000
106.00000000	-575.40685373440260000000000000000000
108.00000000	-542.41196770455450000000000000000000
110.00000000	-509.60749253998057000000000000000000
112.00000000	-477.31194474018560000000000000000000
114.00000000	-451.66709481412320000000000000000000
116.00000000	-430.41494004095080000000000000000000
118.00000000	-410.37236734116595000000000000000000
120.00000000	-391.39025919419197000000000000000000
122.00000000	-373.45217817174330000000000000000000
124.00000000	-356.35692968247860000000000000000000
126.00000000	-327.15946662921175000000000000000000
128.00000000	-300.36278826582304000000000000000000
130.00000000	-275.72245082269250000000000000000000
132.00000000	-253.02285807261393000000000000000000
134.00000000	-232.07397906681575000000000000000000
136.00000000	-212.70834523517877000000000000000000
138.00000000	-195.52549819666385000000000000000000
140.00000000	-184.70361982073050000000000000000000
142.00000000	-174.55947093023366000000000000000000
144.00000000	-165.04354557422943000000000000000000
146.00000000	-156.11190747379135000000000000000000
148.00000000	-147.72552127431373000000000000000000
150.00000000	-139.84966368732043000000000000000000
152.00000000	-132.45340437086594000000000000000000
154.00000000	-125.50914736224375000000000000000000
156.00000000	-120.02348423201349000000000000000000
158.00000000	-115.83355131390026000000000000000000
160.00000000	-111.87183863546258000000000000000000
162.00000000	-108.15182367851060000000000000000000
164.00000000	-104.66689886610267000000000000000000
166.00000000	-101.41091804663542000000000000000000
168.00000000	-98.37808808249568000000000000000000
170.00000000	-95.56286246677153000000000000000000
172.00000000	-92.95983556208610000000000000000000
174.00000000	-90.56363609015402000000000000000000
176.00000000	-88.36881850499215000000000000000000
178.00000000	-91.51038041508254000000000000000000
180.00000000	-100.89620369890514000000000000000000
182.00000000	-109.91690944989382000000000000000000
184.00000000	-110.96128158091683000000000000000000
186.00000000	-110.70162237477885000000000000000000
188.00000000	-112.09251993685099000000000000000000
190.00000000	-130.81291804699794000000000000000000
192.00000000	-148.67449449272660000000000000000000
194.00000000	-165.06531820069870000000000000000000
196.00000000	-176.83405719077848000000000000000000
198.00000000	-188.08881285334826000000000000000000
200.00000000	-198.64720386887520000000000000000000
202.00000000	-196.69452765085137000000000000000000
204.00000000	-194.88237871416660000000000000000000
206.00000000	-193.17358613058508000000000000000000
208.00000000	-201.25960767490196000000000000000000
210.00000000	-213.25750079213870000000000000000000
212.00000000	-224.51954583269320000000000000000000
214.00000000	-236.12602207672194000000000000000000
216.00000000	-254.76281195937182000000000000000000
218.00000000	-272.15760702528230000000000000000000
220.00000000	-288.27190966611624000000000000000000
222.00000000	-300.50131937880184000000000000000000
224.00000000	-305.71159415014125000000000000000000
226.00000000	-309.80060899025784000000000000000000
228.00000000	-312.65503400880476000000000000000000
230.00000000	-313.11021663854310000000000000000000
232.00000000	-308.10928899478790000000000000000000
234.00000000	-301.53802459479544000000000000000000
236.00000000	-293.13217259096655000000000000000000
238.00000000	-282.51380935926530000000000000000000
240.00000000	-268.88335760094543000000000000000000
242.00000000	-251.36208157283920000000000000000000
244.00000000	-228.45296111386764000000000000000000
246.00000000	-197.63351576577450000000000000000000
248.00000000	-154.54425750827252000000000000000000
250.00000000	-78.33420532531568000000000000000000
252.00000000	22.72426764059047600000000000000000
254.00000000	149.47446399199066000000000000000000
256.00000000	288.08453607723555000000000000000000
258.00000000	414.50947395272810000000000000000000
260.00000000	516.18866929051970000000000000000000
262.00000000	593.93349873068530000000000000000000
264.00000000	657.78370478385810000000000000000000
266.00000000	717.91312269433050000000000000000000
268.00000000	781.26490333486050000000000000000000
270.00000000	856.36593812313250000000000000000000
272.00000000	954.91383539795200000000000000000000
274.00000000	1059.64034253935460000000000000000000
276.00000000	1167.29418819541890000000000000000000
278.00000000	1274.22230123386730000000000000000000
280.00000000	1377.39768010194210000000000000000000
282.00000000	1474.64587969169900000000000000000000
284.00000000	1563.02698754235370000000000000000000
286.00000000	1644.35229822874770000000000000000000
288.00000000	1719.08929300905860000000000000000000
290.00000000	1787.88188749079700000000000000000000
292.00000000	1851.40237737935500000000000000000000
294.00000000	1910.28246083038600000000000000000000
296.00000000	1969.69018517712360000000000000000000
298.00000000	2032.30873409233690000000000000000000
300.00000000	2091.66937352267860000000000000000000
302.00000000	2148.00246472222000000000000000000000
304.00000000	2201.52157506400270000000000000000000
306.00000000	2252.42214935471970000000000000000000
308.00000000	2300.89696640362600000000000000000000
310.00000000	2347.26615590521000000000000000000000
312.00000000	2397.17831644114130000000000000000000
314.00000000	2444.73209614584130000000000000000000
316.00000000	2490.06090984424460000000000000000000
318.00000000	2533.29572814807530000000000000000000
320.00000000	2574.56299321909800000000000000000000
322.00000000	2613.98293663165850000000000000000000
324.00000000	2651.66218479601300000000000000000000
326.00000000	2687.71660326989830000000000000000000
328.00000000	2718.26331019159400000000000000000000
330.00000000	2746.79290304373500000000000000000000
332.00000000	2773.99167825858800000000000000000000
334.00000000	2799.93076319630700000000000000000000
336.00000000	2824.67015498329560000000000000000000
338.00000000	2848.25078454010330000000000000000000
340.00000000	2870.72666642010650000000000000000000
342.00000000	2892.11818958020900000000000000000000
344.00000000	2912.44350355967340000000000000000000
346.00000000	2931.55829644996540000000000000000000
348.00000000	2949.55806485036150000000000000000000
350.00000000	2966.46503890433770000000000000000000
352.00000000	2982.29017477686240000000000000000000
354.00000000	2997.01424334231750000000000000000000
356.00000000	3010.62834994135350000000000000000000
358.00000000	3023.12992327195400000000000000000000
360.00000000	3034.51893392309600000000000000000000
362.00000000	3044.84856896703240000000000000000000
364.00000000	3054.17466496266250000000000000000000
366.00000000	3068.92786246618150000000000000000000
368.00000000	3085.79730285049100000000000000000000
370.00000000	3101.97356584045560000000000000000000
372.00000000	3117.83577317071100000000000000000000
374.00000000	3133.83439113580800000000000000000000
376.00000000	3150.53116876489230000000000000000000
378.00000000	3168.56516503211600000000000000000000
380.00000000	3188.59446586685140000000000000000000
382.00000000	3211.27043689060000000000000000000000
384.00000000	3237.08417111084300000000000000000000
386.00000000	3266.32676056779660000000000000000000
388.00000000	3299.17669129372730000000000000000000
390.00000000	3335.76674326000470000000000000000000
392.00000000	3375.27756224070300000000000000000000
394.00000000	3417.03737318502700000000000000000000
396.00000000	3460.30472300195650000000000000000000
398.00000000	3504.36516358347030000000000000000000
400.00000000	3548.65701558886800000000000000000000
402.00000000	3592.76791658015330000000000000000000
404.00000000	3636.49962236367600000000000000000000
406.00000000	3679.85727390945930000000000000000000
408.00000000	3723.02878578689200000000000000000000
410.00000000	3766.34994894883600000000000000000000
412.00000000	3810.25970672624300000000000000000000
414.00000000	3856.98365176851030000000000000000000
416.00000000	3908.41116338036700000000000000000000
418.00000000	3962.10610125941280000000000000000000
420.00000000	4018.46150926968630000000000000000000
422.00000000	4077.77963952405750000000000000000000
424.00000000	4140.25800831795300000000000000000000
426.00000000	4205.99917730341000000000000000000000
428.00000000	4275.03002635320800000000000000000000
430.00000000	4347.32423043606100000000000000000000
432.00000000	4422.82263820645200000000000000000000
434.00000000	4501.45808634497900000000000000000000
436.00000000	4583.12648132615500000000000000000000
438.00000000	4667.74857190697400000000000000000000
440.00000000	4755.23312981072400000000000000000000
442.00000000	4845.48617683612400000000000000000000
444.00000000	4926.31198165767550000000000000000000
446.00000000	5001.72838327523000000000000000000000
448.00000000	5079.28467666193050000000000000000000
450.00000000	5158.76219503995700000000000000000000
452.00000000	5239.93439922851300000000000000000000
454.00000000	5322.58030688320650000000000000000000
456.00000000	5406.48576733905200000000000000000000
458.00000000	5491.45918186457950000000000000000000
460.00000000	5577.27308628540050000000000000000000
462.00000000	5663.75279893202000000000000000000000
464.00000000	5750.71780865467600000000000000000000
466.00000000	5837.99635544878900000000000000000000
468.00000000	5925.42524396796700000000000000000000
470.00000000	6012.86775623791800000000000000000000
472.00000000	6100.14068848540600000000000000000000
474.00000000	6187.12279304136100000000000000000000
476.00000000	6273.68200766326700000000000000000000
478.00000000	6365.62941011329900000000000000000000
480.00000000	6461.15853206927100000000000000000000
482.00000000	6555.74086922014900000000000000000000
484.00000000	6649.23091615553500000000000000000000
486.00000000	6741.51239550916800000000000000000000
488.00000000	6832.41044516663000000000000000000000
490.00000000	6921.82295267737700000000000000000000
492.00000000	7009.63273029507200000000000000000000
494.00000000	7095.72931369990200000000000000000000
496.00000000	7180.00885470938650000000000000000000
498.00000000	7262.37402651475500000000000000000000
500.00000000	7342.73393850385000000000000000000000
502.00000000	7421.00405785185650000000000000000000
504.00000000	7497.10613524125300000000000000000000
506.00000000	7570.99221903054500000000000000000000
508.00000000	7642.54787042307100000000000000000000
510.00000000	7711.73767624515950000000000000000000
512.00000000	7778.50778235386800000000000000000000
514.00000000	7842.81023269052500000000000000000000
516.00000000	7904.60287770511200000000000000000000
518.00000000	7961.77385669012400000000000000000000
520.00000000	8015.61439355736900000000000000000000
522.00000000	8066.97534490139150000000000000000000
524.00000000	8115.84105867587700000000000000000000
526.00000000	8162.20059197512600000000000000000000
528.00000000	8206.04756945347800000000000000000000
530.00000000	8247.38003551767000000000000000000000
532.00000000	8286.20030056372500000000000000000000
534.00000000	8322.51478162857700000000000000000000
536.00000000	8356.35364910869200000000000000000000
538.00000000	8387.69065323116200000000000000000000
540.00000000	8416.56408702257400000000000000000000
542.00000000	8442.99510755575500000000000000000000
544.00000000	8467.00811606735400000000000000000000
546.00000000	8488.63057662981400000000000000000000
548.00000000	8507.89283344997000000000000000000000
550.00000000	8524.82792748715800000000000000000000
552.00000000	8539.47141307707900000000000000000000
554.00000000	8551.86117523423300000000000000000000
556.00000000	8562.03724828466700000000000000000000
558.00000000	8570.04163645434300000000000000000000
560.00000000	8575.91813700730700000000000000000000
562.00000000	8579.71216649205000000000000000000000
564.00000000	8572.16593650541000000000000000000000
566.00000000	8531.49156487570500000000000000000000
568.00000000	8489.70412634285100000000000000000000
570.00000000	8446.87682662329500000000000000000000
572.00000000	8403.08070017484200000000000000000000
574.00000000	8358.38457532166600000000000000000000
576.00000000	8312.86000970333200000000000000000000
578.00000000	8266.56058550597800000000000000000000
580.00000000	8219.55425341866600000000000000000000
582.00000000	8171.90088056670100000000000000000000
584.00000000	8123.65810452026600000000000000000000
586.00000000	8074.88135248594150000000000000000000
588.00000000	8025.62386656921900000000000000000000
590.00000000	7975.93673439995600000000000000000000
592.00000000	7925.86892446057200000000000000000000
594.00000000	7875.46732550427300000000000000000000
596.00000000	7824.77678949585600000000000000000000
598.00000000	7773.84017755273300000000000000000000
600.00000000	7722.69840840566850000000000000000000
602.00000000	7671.39050894013600000000000000000000
604.00000000	7619.95366641802300000000000000000000
606.00000000	7568.42328201645600000000000000000000
608.00000000	7516.83302535588900000000000000000000
610.00000000	7465.21488972322000000000000000000000
612.00000000	7413.59924772690600000000000000000000
614.00000000	7362.01490715116300000000000000000000
616.00000000	7310.48916680452300000000000000000000
618.00000000	7259.04787218445700000000000000000000
620.00000000	7207.76381477383350000000000000000000
622.00000000	7157.59719358247900000000000000000000
624.00000000	7107.70557858695200000000000000000000
626.00000000	7058.10074301303700000000000000000000
628.00000000	7008.79369650950000000000000000000000
630.00000000	6959.79472465382150000000000000000000
632.00000000	6911.11342753647400000000000000000000
634.00000000	6862.75875749930100000000000000000000
636.00000000	6814.73905611654700000000000000000000
638.00000000	6767.06209052397300000000000000000000
640.00000000	6719.73508921995300000000000000000000
642.00000000	6672.75152170582300000000000000000000
644.00000000	6626.14395992116600000000000000000000
646.00000000	6579.90518004914100000000000000000000
648.00000000	6534.04060886138600000000000000000000
650.00000000	6488.55531182681000000000000000000000
652.00000000	6443.45403005555400000000000000000000
654.00000000	6398.74121863158050000000000000000000
656.00000000	6354.42108691195800000000000000000000
658.00000000	6310.49764152499850000000000000000000
660.00000000	6266.97473300598800000000000000000000
662.00000000	6223.85610728918300000000000000000000
664.00000000	6181.14546365946600000000000000000000
666.00000000	6138.84652130281000000000000000000000
668.00000000	6096.96309735321500000000000000000000
670.00000000	6055.49920042580900000000000000000000
672.00000000	6014.45914522709100000000000000000000
674.00000000	5973.84769623192550000000000000000000
676.00000000	5933.67025209408300000000000000000000
678.00000000	5893.93308824302100000000000000000000
680.00000000	5854.64368450139000000000000000000000
682.00000000	5815.81118029297700000000000000000000
684.00000000	5777.44702746780900000000000000000000
686.00000000	5739.56596094074200000000000000000000
688.00000000	5702.18750418949500000000000000000000
690.00000000	5666.56427256563600000000000000000000
692.00000000	5632.25086135331550000000000000000000
694.00000000	5598.51714803173850000000000000000000
696.00000000	5565.45918707910400000000000000000000
698.00000000	5533.25236780229000000000000000000000
700.00000000	5502.29069636823900000000000000000000
702.00000000	5474.03574764791500000000000000000000
704.00000000	5440.35524393612400000000000000000000
706.00000000	5400.74986527155200000000000000000000
708.00000000	5362.76837471072200000000000000000000
710.00000000	5325.66098517244400000000000000000000
712.00000000	5289.19684013639900000000000000000000
714.00000000	5253.26815484804050000000000000000000
716.00000000	5217.81405446501100000000000000000000
718.00000000	5182.79596603427500000000000000000000
720.00000000	5148.18743423884100000000000000000000
722.00000000	5113.96921187135700000000000000000000
724.00000000	5080.12663082388400000000000000000000
726.00000000	5046.64808116153200000000000000000000
728.00000000	5013.52407743148000000000000000000000
730.00000000	4980.74665787143500000000000000000000
732.00000000	4948.30898279652900000000000000000000
734.00000000	4916.20505754527200000000000000000000
736.00000000	4884.42953625238900000000000000000000
738.00000000	4852.97757973825800000000000000000000
740.00000000	4821.84475062014200000000000000000000
742.00000000	4791.02693462879500000000000000000000
744.00000000	4760.52028075599700000000000000000000
746.00000000	4730.32115518054600000000000000000000
748.00000000	4700.42610543879500000000000000000000
750.00000000	4670.83183232383800000000000000000000
752.00000000	4641.53516769098200000000000000000000
754.00000000	4612.53305683196700000000000000000000
756.00000000	4583.82254442171800000000000000000000
758.00000000	4555.40076328835500000000000000000000
760.00000000	4527.26492543569400000000000000000000
762.00000000	4499.39246691180600000000000000000000
764.00000000	4471.82048647315500000000000000000000
766.00000000	4444.52649731562800000000000000000000
768.00000000	4417.50796994507300000000000000000000
770.00000000	4390.76243063370500000000000000000000
772.00000000	4364.28745951492800000000000000000000
774.00000000	4338.08068929642800000000000000000000
776.00000000	4313.12610585393850000000000000000000
778.00000000	4289.17642619405600000000000000000000
780.00000000	4265.45562475695700000000000000000000
782.00000000	4241.96217075523700000000000000000000
784.00000000	4218.69457630638000000000000000000000
786.00000000	4195.65139797891900000000000000000000
788.00000000	4172.83123872306400000000000000000000
790.00000000	4150.23275019610000000000000000000000
792.00000000	4127.85463550072200000000000000000000
794.00000000	4105.69565236490800000000000000000000
796.00000000	4083.75461680174570000000000000000000
798.00000000	4062.03040729932400000000000000000000
800.00000000	4040.52196960339800000000000000000000
802.00000000	4019.22832217086700000000000000000000
804.00000000	3998.14856239026270000000000000000000
806.00000000	3977.28187368598000000000000000000000
808.00000000	3956.62753364997160000000000000000000
810.00000000	3936.18492337600670000000000000000000
812.00000000	3915.95353821144770000000000000000000
814.00000000	3895.93300019125760000000000000000000
816.00000000	3876.12307248172100000000000000000000
818.00000000	3856.52367624117800000000000000000000
820.00000000	3837.13491040858900000000000000000000
822.00000000	3817.95707506417970000000000000000000
824.00000000	3798.99069918188300000000000000000000
826.00000000	3780.23657382679630000000000000000000
828.00000000	3761.69579216186600000000000000000000
830.00000000	3743.36979805279860000000000000000000
832.00000000	3725.26044564182760000000000000000000
834.00000000	3707.37007307463700000000000000000000
836.00000000	3689.70159471535700000000000000000000
838.00000000	3672.25861784598500000000000000000000
840.00000000	3655.04559228451800000000000000000000
842.00000000	3638.06800501731700000000000000000000
844.00000000	3621.33263756313500000000000000000000
846.00000000	3604.84791265777680000000000000000000
848.00000000	3588.62437127146770000000000000000000
850.00000000	3572.67534524595600000000000000000000
852.00000000	3557.01793336094530000000000000000000
854.00000000	3541.67446670250700000000000000000000
856.00000000	3526.67480075120370000000000000000000
858.00000000	3512.06008644995470000000000000000000
860.00000000	3497.88938419332200000000000000000000
862.00000000	3484.25227754529940000000000000000000
864.00000000	3471.29586832396850000000000000000000
866.00000000	3459.29331845772460000000000000000000
868.00000000	3448.87631334559960000000000000000000
870.00000000	3442.62673507011820000000000000000000
872.00000000	3418.12568527425200000000000000000000
874.00000000	3390.34156917089830000000000000000000
876.00000000	3365.56915452996460000000000000000000
878.00000000	3342.24459614667060000000000000000000
880.00000000	3319.85276739079300000000000000000000
882.00000000	3298.14663277993170000000000000000000
884.00000000	3276.98473617419600000000000000000000
886.00000000	3255.86557578189470000000000000000000
888.00000000	3233.65804545308800000000000000000000
890.00000000	3211.84214469012000000000000000000000
892.00000000	3190.38250215239400000000000000000000
894.00000000	3169.25142708552180000000000000000000
896.00000000	3148.42665505073860000000000000000000
898.00000000	3127.88988170522100000000000000000000
900.00000000	3107.62577189027340000000000000000000
902.00000000	3087.62126818529000000000000000000000
904.00000000	3067.86509516425500000000000000000000
906.00000000	3048.34739558842800000000000000000000
908.00000000	3029.05945796212100000000000000000000
910.00000000	3009.99350885111500000000000000000000
912.00000000	2991.14255206088550000000000000000000
914.00000000	2972.50024234305870000000000000000000
916.00000000	2954.06078496113470000000000000000000
918.00000000	2935.81885490805300000000000000000000
920.00000000	2917.76953125524600000000000000000000
922.00000000	2899.90824329528730000000000000000000
924.00000000	2882.23072597486540000000000000000000
926.00000000	2864.73298272242800000000000000000000
928.00000000	2847.41125421389730000000000000000000
930.00000000	2830.26199194905260000000000000000000
932.00000000	2813.28183575490900000000000000000000
934.00000000	2796.46759451918700000000000000000000
936.00000000	2779.81622959787000000000000000000000
938.00000000	2763.32484045157840000000000000000000
940.00000000	2746.99065214998970000000000000000000
942.00000000	2730.81100445097600000000000000000000
944.00000000	2714.78334221441500000000000000000000
946.00000000	2698.90520695249460000000000000000000
948.00000000	2683.17422935224660000000000000000000
950.00000000	2667.58812263402840000000000000000000
952.00000000	2652.14467663096800000000000000000000
954.00000000	2636.84175231415200000000000000000000
956.00000000	2621.67727776137240000000000000000000
958.00000000	2606.64924279240950000000000000000000
960.00000000	2591.75569583532520000000000000000000
962.00000000	2576.99474024645450000000000000000000
964.00000000	2562.36453113482200000000000000000000
966.00000000	2547.86327247191800000000000000000000
968.00000000	2533.48921445325800000000000000000000
970.00000000	2519.24065108440570000000000000000000
972.00000000	2505.11591796737800000000000000000000
974.00000000	2491.11339026537330000000000000000000
976.00000000	2477.23148082822500000000000000000000
978.00000000	2463.46863846135300000000000000000000
980.00000000	2449.82334632453800000000000000000000
982.00000000	2436.29412044751230000000000000000000
984.00000000	2422.87950835125460000000000000000000
986.00000000	2409.57808776491700000000000000000000
988.00000000	2396.38846543003800000000000000000000
990.00000000	2383.30927598345620000000000000000000
992.00000000	2370.33918091262900000000000000000000
994.00000000	2357.47686757654000000000000000000000
996.00000000	2344.72104828693450000000000000000000
998.00000000	2332.07045944490350000000000000000000
1000.00000000	2319.52386072751800000000000000000000
1002.00000000	2307.08003432190160000000000000000000
1004.00000000	2294.73778420124240000000000000000000
1006.00000000	2282.49593544124540000000000000000000
1008.00000000	2270.35333357221700000000000000000000
1010.00000000	2258.30884396581270000000000000000000
1012.00000000	2246.36135125230300000000000000000000
1014.00000000	2234.50975876756800000000000000000000
1016.00000000	2222.75298802649330000000000000000000
1018.00000000	2211.08997822199030000000000000000000
1020.00000000	2199.51968574682800000000000000000000
1022.00000000	2188.04108373801730000000000000000000
1024.00000000	2176.65316164071900000000000000000000
1026.00000000	2165.35492479180860000000000000000000
1028.00000000	2154.14539402127900000000000000000000
1030.00000000	2143.02360526981600000000000000000000
1032.00000000	2131.98860922271070000000000000000000
1034.00000000	2120.96939745249000000000000000000000
1036.00000000	2109.97084667305760000000000000000000
1038.00000000	2099.05582487455300000000000000000000
1040.00000000	2088.22346620739900000000000000000000
1042.00000000	2077.47291752760200000000000000000000
1044.00000000	2066.80333810316300000000000000000000
1046.00000000	2056.21389933080800000000000000000000
1048.00000000	2045.70378446396220000000000000000000
1050.00000000	2035.27218835007740000000000000000000
1052.00000000	2024.91831717770010000000000000000000
1054.00000000	2014.64138823248570000000000000000000
1056.00000000	2004.44062966130080000000000000000000
1058.00000000	1994.31528024479050000000000000000000
1060.00000000	1984.26458917743030000000000000000000
1062.00000000	1974.28781585459680000000000000000000
1064.00000000	1964.38422966683880000000000000000000
1066.00000000	1954.55310980055630000000000000000000
1068.00000000	1944.79374504505970000000000000000000
1070.00000000	1935.10543360539830000000000000000000
1072.00000000	1925.48748292098030000000000000000000
1074.00000000	1915.93920948990470000000000000000000
1076.00000000	1906.45993869784160000000000000000000
1078.00000000	1897.04900465253470000000000000000000
1080.00000000	1887.70575002287930000000000000000000
1082.00000000	1878.42952588206120000000000000000000
1084.00000000	1869.21969155589980000000000000000000
1086.00000000	1860.07561447480380000000000000000000
1088.00000000	1850.99667002961180000000000000000000
1090.00000000	1841.98224143206450000000000000000000
1092.00000000	1833.03171957793640000000000000000000
1094.00000000	1824.14450291456500000000000000000000
1096.00000000	1815.31999731128500000000000000000000
1098.00000000	1806.55761593347280000000000000000000
1100.00000000	1797.85677911962350000000000000000000
1102.00000000	1789.21691426123540000000000000000000
1104.00000000	1780.63745568621080000000000000000000
1106.00000000	1772.11784454444140000000000000000000
1108.00000000	1763.65752869659400000000000000000000
1110.00000000	1755.25596260530160000000000000000000
1112.00000000	1746.91260722897600000000000000000000
1114.00000000	1738.62692991791960000000000000000000
1116.00000000	1730.39840431321270000000000000000000
1118.00000000	1722.22651024736250000000000000000000
1120.00000000	1714.11073364756980000000000000000000
1122.00000000	1706.05056644098500000000000000000000
1124.00000000	1698.04550646198370000000000000000000
1126.00000000	1690.09505736169240000000000000000000
1128.00000000	1682.19872851917700000000000000000000
1130.00000000	1674.35603495460830000000000000000000
1132.00000000	1666.56649724443220000000000000000000
1134.00000000	1658.82964143804300000000000000000000
1136.00000000	1651.14499897645120000000000000000000
1138.00000000	1643.51210661230130000000000000000000
1140.00000000	1635.93050633184750000000000000000000
1142.00000000	1628.39974527835900000000000000000000
1144.00000000	1620.91937567681520000000000000000000
1146.00000000	1613.48895476069500000000000000000000
1148.00000000	1606.10804469945010000000000000000000
1150.00000000	1598.77621252810740000000000000000000
1152.00000000	1591.49303007762700000000000000000000
1154.00000000	1584.25807390701630000000000000000000
1156.00000000	1577.07092523658200000000000000000000
1158.00000000	1569.93116988237500000000000000000000
1160.00000000	1562.83839819195120000000000000000000
1162.00000000	1555.79220498136970000000000000000000
1164.00000000	1548.79218947325900000000000000000000
1166.00000000	1541.83795523603180000000000000000000
1168.00000000	1534.92911012423270000000000000000000
1170.00000000	1528.06526621996070000000000000000000
1172.00000000	1521.24603977535410000000000000000000
1174.00000000	1514.47105115606180000000000000000000
1176.00000000	1507.73992478578860000000000000000000
1178.00000000	1501.05228909170400000000000000000000
1180.00000000	1494.40777645090400000000000000000000
1182.00000000	1487.80602313773600000000000000000000
1184.00000000	1481.24666927212750000000000000000000
1186.00000000	1474.72935876866220000000000000000000
1188.00000000	1468.25373928671460000000000000000000
1190.00000000	1461.81946218108170000000000000000000
1192.00000000	1455.42618245398440000000000000000000
1194.00000000	1449.07355870738160000000000000000000
1196.00000000	1442.76125309621970000000000000000000
1198.00000000	1436.48893128271150000000000000000000
1200.00000000	1430.25626239087600000000000000000000
1202.00000000	1424.06291896238900000000000000000000
1204.00000000	1417.90857691267370000000000000000000
1206.00000000	1411.79291548803280000000000000000000
1208.00000000	1405.71561722312640000000000000000000
1210.00000000	1399.67636789967040000000000000000000
1212.00000000	1393.67485650512700000000000000000000
1214.00000000	1387.71077519262460000000000000000000
1216.00000000	1381.78381924118370000000000000000000
1218.00000000	1375.89368701667920000000000000000000
1220.00000000	1370.04007993337250000000000000000000
1222.00000000	1364.22270241610600000000000000000000
1224.00000000	1358.44126186301080000000000000000000
1226.00000000	1352.69546860890980000000000000000000
1228.00000000	1346.98503588901500000000000000000000
1230.00000000	1341.30967980350800000000000000000000
1232.00000000	1335.66911928253650000000000000000000
1234.00000000	1330.06307605158460000000000000000000
1236.00000000	1324.49127459765100000000000000000000
1238.00000000	1318.95344213556470000000000000000000
1240.00000000	1313.46414012682360000000000000000000
1242.00000000	1308.13974604263850000000000000000000
1244.00000000	1302.84490848496420000000000000000000
1246.00000000	1297.57942158999030000000000000000000
1248.00000000	1292.34308126208900000000000000000000
1250.00000000	1287.13568515447220000000000000000000
1252.00000000	1281.95703265007430000000000000000000
1254.00000000	1276.80692484267930000000000000000000
1256.00000000	1271.68516451808840000000000000000000
1258.00000000	1266.59155613610440000000000000000000
1260.00000000	1261.52590581222200000000000000000000
1262.00000000	1256.48802129990490000000000000000000
1264.00000000	1251.47771197315140000000000000000000
1266.00000000	1246.49478880905670000000000000000000
1268.00000000	1241.53906437087470000000000000000000
1270.00000000	1236.61035279122460000000000000000000
1272.00000000	1231.70846975538800000000000000000000
1274.00000000	1226.83323248520580000000000000000000
1276.00000000	1221.98445972284700000000000000000000
1278.00000000	1217.16197171503130000000000000000000
1280.00000000	1212.36559019728360000000000000000000
1282.00000000	1207.59513837858620000000000000000000
1284.00000000	1202.85044092614130000000000000000000
1286.00000000	1198.13132395035500000000000000000000
1288.00000000	1193.43761498994790000000000000000000
1290.00000000	1188.76914299767500000000000000000000
1292.00000000	1184.12573832540620000000000000000000
1294.00000000	1179.50723271039440000000000000000000
1296.00000000	1174.91345926095300000000000000000000
1298.00000000	1170.34425244280780000000000000000000
1300.00000000	1165.79944806525870000000000000000000
1302.00000000	1161.27888326781200000000000000000000
1304.00000000	1156.78239650697170000000000000000000
1306.00000000	1152.30982754294470000000000000000000
1308.00000000	1147.86101742676200000000000000000000
1310.00000000	1143.43580848745930000000000000000000
1312.00000000	1139.03404431955000000000000000000000
1314.00000000	1134.65556977046980000000000000000000
1316.00000000	1130.30023092832000000000000000000000
1318.00000000	1125.96787510962960000000000000000000
1320.00000000	1121.65835084752420000000000000000000
1322.00000000	1117.37150787973800000000000000000000
1324.00000000	1113.10719713699770000000000000000000
1326.00000000	1108.86527073144340000000000000000000
1328.00000000	1104.64558194521780000000000000000000
1330.00000000	1100.44798521921420000000000000000000
1332.00000000	1096.27233614197460000000000000000000
1334.00000000	1092.11849143861220000000000000000000
1336.00000000	1087.98630896009170000000000000000000
1338.00000000	1083.87564767230360000000000000000000
1340.00000000	1079.78636764576500000000000000000000
1342.00000000	1075.71833004480900000000000000000000
1344.00000000	1071.67139711746500000000000000000000
1346.00000000	1067.64543218521860000000000000000000
1348.00000000	1063.64029963283360000000000000000000
1350.00000000	1059.65586489850260000000000000000000
1352.00000000	1055.69199446371180000000000000000000
1354.00000000	1051.74855584390410000000000000000000
1356.00000000	1047.82541757857780000000000000000000
1358.00000000	1043.92244922169270000000000000000000
1360.00000000	1040.03952133249730000000000000000000
1362.00000000	1036.17650546619830000000000000000000
1364.00000000	1032.33327416454340000000000000000000
1366.00000000	1028.50970094697730000000000000000000
1368.00000000	1024.70566030161670000000000000000000
1370.00000000	1020.92102767619610000000000000000000
1372.00000000	1017.15567946955310000000000000000000
1374.00000000	1013.40949302279080000000000000000000
1376.00000000	1009.68234661063040000000000000000000
1378.00000000	1006.02593109076360000000000000000000
1380.00000000	1002.56703170894290000000000000000000
1382.00000000	999.12255165647040000000000000000000
1384.00000000	995.69242190038200000000000000000000
1386.00000000	992.27657381408970000000000000000000
1388.00000000	988.87493917393680000000000000000000
1390.00000000	985.48745015552840000000000000000000
1392.00000000	982.11403933018770000000000000000000
1394.00000000	978.75463966139550000000000000000000
1396.00000000	975.40918450159390000000000000000000
1398.00000000	972.07760758840890000000000000000000
1400.00000000	968.75984304164260000000000000000000
1402.00000000	965.45582535970400000000000000000000
1404.00000000	962.16548941660290000000000000000000
1406.00000000	958.88877045852440000000000000000000
1408.00000000	955.62560410078770000000000000000000
1410.00000000	952.37592632469360000000000000000000
1412.00000000	949.13967347447330000000000000000000
1414.00000000	945.91678225417220000000000000000000
1416.00000000	942.70718972477990000000000000000000
1418.00000000	939.51083330111890000000000000000000
1420.00000000	936.32765074915210000000000000000000
1422.00000000	933.15758018292670000000000000000000
1424.00000000	930.00056006178870000000000000000000
1426.00000000	926.85652918757050000000000000000000
1428.00000000	923.72542670202420000000000000000000
1430.00000000	920.60719208371430000000000000000000
1432.00000000	917.50176514576300000000000000000000
1434.00000000	914.40908603282870000000000000000000
1436.00000000	911.32909521884000000000000000000000
1438.00000000	908.26173350410940000000000000000000
1440.00000000	905.20694201288050000000000000000000
1442.00000000	902.16466219101570000000000000000000
1444.00000000	899.13483580320700000000000000000000
1446.00000000	896.11740493070590000000000000000000
1448.00000000	893.11231196887830000000000000000000
1450.00000000	890.11949962478850000000000000000000
1452.00000000	887.13891091485430000000000000000000
1454.00000000	884.17048916257450000000000000000000
1456.00000000	881.21417799609240000000000000000000
1458.00000000	878.26992134607810000000000000000000
1460.00000000	875.33766344337330000000000000000000
1462.00000000	872.41734881681590000000000000000000
1464.00000000	869.50892229113030000000000000000000
1466.00000000	866.61232898466230000000000000000000
1468.00000000	863.72751430722000000000000000000000
1470.00000000	860.85442395803920000000000000000000
1472.00000000	857.99300392369120000000000000000000
1474.00000000	855.14320047613690000000000000000000
1476.00000000	852.30496017031230000000000000000000
1478.00000000	849.47822984259210000000000000000000
1480.00000000	846.66295660849770000000000000000000
1482.00000000	843.85908786079550000000000000000000
1484.00000000	841.06657126760350000000000000000000
1486.00000000	838.28535477048990000000000000000000
1488.00000000	835.51538658242150000000000000000000
1490.00000000	832.75661518615850000000000000000000
1492.00000000	830.00898933209020000000000000000000
1494.00000000	827.27245803663200000000000000000000
1496.00000000	824.54697058037650000000000000000000
1498.00000000	821.83247650616500000000000000000000
1500.00000000	819.12892561743270000000000000000000
1502.00000000	816.43626797649090000000000000000000
1504.00000000	813.75445390266380000000000000000000
1506.00000000	811.08343397069390000000000000000000
1508.00000000	808.42315900899300000000000000000000
1510.00000000	805.77358009793220000000000000000000
1512.00000000	803.13464856825850000000000000000000
1514.00000000	800.50631599938390000000000000000000
1516.00000000	797.88853421784950000000000000000000
1518.00000000	795.28125529557670000000000000000000
1520.00000000	792.68443154839220000000000000000000
1522.00000000	790.09801553446180000000000000000000
1524.00000000	787.52196005260880000000000000000000
1526.00000000	784.95621814094620000000000000000000
1528.00000000	782.40074307516280000000000000000000
1530.00000000	779.85548836721810000000000000000000
1532.00000000	777.32040776365260000000000000000000
1534.00000000	774.79545524421580000000000000000000
1536.00000000	772.28058502041350000000000000000000
1538.00000000	769.77575153399490000000000000000000
1540.00000000	767.28090945554830000000000000000000
1542.00000000	764.79601368307610000000000000000000
1544.00000000	762.32101934054310000000000000000000
1546.00000000	759.85588177669460000000000000000000
1548.00000000	757.40055656326020000000000000000000
1550.00000000	754.93621104509230000000000000000000
1552.00000000	752.34810017048640000000000000000000
1554.00000000	749.76620173351330000000000000000000
1556.00000000	747.19052124415170000000000000000000
1558.00000000	744.62106410468980000000000000000000
1560.00000000	742.05783560814650000000000000000000
1562.00000000	739.50084093734550000000000000000000
1564.00000000	736.95008516354890000000000000000000
1566.00000000	734.40557324522400000000000000000000
1568.00000000	731.86731002721630000000000000000000
1570.00000000	729.33530023926030000000000000000000
1572.00000000	726.80954849526040000000000000000000
1574.00000000	724.29005929211230000000000000000000
1576.00000000	721.77683700869330000000000000000000
1578.00000000	719.26988590501660000000000000000000
1580.00000000	716.76921012127050000000000000000000
1582.00000000	714.27481367689390000000000000000000
1584.00000000	711.78670046975920000000000000000000
1586.00000000	709.30487427536200000000000000000000
1588.00000000	706.82933874604160000000000000000000
1590.00000000	704.36009741019800000000000000000000
1592.00000000	701.89715367162190000000000000000000
1594.00000000	699.44051080874850000000000000000000
1596.00000000	696.99017197400420000000000000000000
1598.00000000	694.54614019317940000000000000000000
1600.00000000	692.10841836492060000000000000000000
1602.00000000	689.67700926005590000000000000000000
1604.00000000	687.25191552107510000000000000000000
1606.00000000	684.83313966162700000000000000000000
1608.00000000	682.42068406606720000000000000000000
1610.00000000	680.01455098900710000000000000000000
1612.00000000	677.61474255481240000000000000000000
1614.00000000	675.22126075741470000000000000000000
1616.00000000	672.83410745959700000000000000000000
1618.00000000	670.45328439297400000000000000000000
1620.00000000	668.07879315754450000000000000000000
1622.00000000	665.71063522142370000000000000000000
1624.00000000	663.34881192058450000000000000000000
1626.00000000	660.99332445859530000000000000000000
1628.00000000	658.64417390642290000000000000000000
1630.00000000	656.30136120229060000000000000000000
1632.00000000	653.96488715151780000000000000000000
1634.00000000	651.63475242626300000000000000000000
1636.00000000	649.31095756558410000000000000000000
1638.00000000	646.99350297522660000000000000000000
1640.00000000	644.68238892764260000000000000000000
1642.00000000	642.37761556189330000000000000000000
1644.00000000	640.07918288376730000000000000000000
1646.00000000	637.78709076545530000000000000000000
1648.00000000	635.50133894598640000000000000000000
1650.00000000	633.22192703097730000000000000000000
1652.00000000	630.94885449290690000000000000000000
1654.00000000	628.68212067098800000000000000000000
1656.00000000	626.42172477161470000000000000000000
1658.00000000	624.16766586806680000000000000000000
1660.00000000	621.91994290102580000000000000000000
1662.00000000	619.67855467857450000000000000000000
1664.00000000	617.44349987640290000000000000000000
1666.00000000	615.21477703807110000000000000000000
1668.00000000	612.99238457519850000000000000000000
1670.00000000	610.77632076777760000000000000000000
1672.00000000	608.56658376434360000000000000000000
1674.00000000	606.36317158224060000000000000000000
1676.00000000	604.16608210819860000000000000000000
1678.00000000	601.97531309827220000000000000000000
1680.00000000	599.79086217842610000000000000000000
1682.00000000	597.61272684486580000000000000000000
1684.00000000	595.44090446422670000000000000000000
1686.00000000	593.27539227429220000000000000000000
1688.00000000	591.11618738411160000000000000000000
1690.00000000	588.96328677445040000000000000000000
1692.00000000	586.81668729842020000000000000000000
1694.00000000	584.67638568175460000000000000000000
1696.00000000	582.54237852324250000000000000000000
1698.00000000	580.41466229536490000000000000000000
1700.00000000	578.29323334475730000000000000000000
1702.00000000	576.17808789246660000000000000000000
1704.00000000	574.06922203487160000000000000000000
1706.00000000	571.96663174389580000000000000000000
1708.00000000	569.87031286773040000000000000000000
1710.00000000	567.78026113125910000000000000000000
1712.00000000	565.69647213684960000000000000000000
1714.00000000	563.61894136454190000000000000000000
1716.00000000	561.54766417322210000000000000000000
1718.00000000	559.48263580055450000000000000000000
1720.00000000	557.42385136417490000000000000000000
1722.00000000	555.37130586201030000000000000000000
1724.00000000	553.32499417297530000000000000000000
1726.00000000	551.28491105773390000000000000000000
1728.00000000	549.25105115920000000000000000000000
1730.00000000	547.22340900317190000000000000000000
1732.00000000	545.20197899937010000000000000000000
1734.00000000	543.18675544164880000000000000000000
1736.00000000	541.17773250905320000000000000000000
1738.00000000	539.17490426633750000000000000000000
1740.00000000	537.17826466472880000000000000000000
1742.00000000	535.18780754268880000000000000000000
1744.00000000	533.20352662660540000000000000000000
1746.00000000	531.22541553158680000000000000000000
1748.00000000	529.25346776209140000000000000000000
1750.00000000	527.28767671287180000000000000000000
1752.00000000	525.32803566956340000000000000000000
1754.00000000	523.37453780954810000000000000000000
1756.00000000	521.42717620267630000000000000000000
1758.00000000	519.48594381210070000000000000000000
1760.00000000	517.55083349513650000000000000000000
1762.00000000	515.62183800379630000000000000000000
1764.00000000	513.69894998598240000000000000000000
1766.00000000	511.78216198592025000000000000000000
1768.00000000	509.87146644513666000000000000000000
1770.00000000	507.96685570341600000000000000000000
1772.00000000	506.25975048125770000000000000000000
1774.00000000	504.81164838958233000000000000000000
1776.00000000	503.36638433115290000000000000000000
1778.00000000	501.92395594902894000000000000000000
1780.00000000	500.48436090321786000000000000000000
1782.00000000	499.04759687004355000000000000000000
1784.00000000	497.61366154195430000000000000000000
1786.00000000	496.18255262690550000000000000000000
1788.00000000	494.75426784806945000000000000000000
1790.00000000	493.32880494340446000000000000000000
1792.00000000	491.90616166512285000000000000000000
1794.00000000	490.48633577939654000000000000000000
1796.00000000	489.06932506598250000000000000000000
1798.00000000	487.65512731758420000000000000000000
1800.00000000	486.24374033976795000000000000000000
1802.00000000	484.83516195046090000000000000000000
1804.00000000	483.42938997935744000000000000000000
1806.00000000	482.02642226784343000000000000000000
1808.00000000	480.62625666846410000000000000000000
1810.00000000	479.22889104446114000000000000000000
1812.00000000	477.83432326965070000000000000000000
1814.00000000	476.44255122774587000000000000000000
1816.00000000	475.05357281225100000000000000000000
1818.00000000	473.66738592603610000000000000000000
1820.00000000	472.28398848080830000000000000000000
1822.00000000	470.90337839703490000000000000000000
1824.00000000	469.52555360335145000000000000000000
1826.00000000	468.15051203646950000000000000000000
1828.00000000	466.77825164053040000000000000000000
1830.00000000	465.40877036702716000000000000000000
1832.00000000	464.04206617437563000000000000000000
1834.00000000	462.67813702755393000000000000000000
1836.00000000	461.31698089781753000000000000000000
1838.00000000	459.95859576236570000000000000000000
1840.00000000	458.60297960414846000000000000000000
1842.00000000	457.25013041123015000000000000000000
1844.00000000	455.90004617685196000000000000000000
1846.00000000	454.55272489892354000000000000000000
1848.00000000	453.20816457971990000000000000000000
1850.00000000	451.86636322569143000000000000000000
1852.00000000	450.52731884699045000000000000000000
1854.00000000	449.19102945747176000000000000000000
1856.00000000	447.85749307407060000000000000000000
1858.00000000	446.52670771669800000000000000000000
1860.00000000	445.19867140805400000000000000000000
1862.00000000	443.87338217305530000000000000000000
1864.00000000	442.55083803894810000000000000000000
1866.00000000	441.23103703462635000000000000000000
1868.00000000	439.91397719071280000000000000000000
1870.00000000	438.59965653911837000000000000000000
1872.00000000	437.28807311288480000000000000000000
1874.00000000	435.97922494570690000000000000000000
1876.00000000	434.67311007199430000000000000000000
1878.00000000	433.36972652644370000000000000000000
1880.00000000	432.06907234377235000000000000000000
1882.00000000	430.77114555850980000000000000000000
1884.00000000	429.47594420483850000000000000000000
1886.00000000	428.18346631629080000000000000000000
1888.00000000	426.89370992545736000000000000000000
1890.00000000	425.60667306388540000000000000000000
1892.00000000	424.32235376181670000000000000000000
1894.00000000	423.04075004774460000000000000000000
1896.00000000	421.76185994866614000000000000000000
1898.00000000	420.48568148940330000000000000000000
1900.00000000	419.21221269257455000000000000000000
1902.00000000	417.94145157850610000000000000000000
1904.00000000	416.67339616480540000000000000000000
1906.00000000	415.40804446625570000000000000000000
1908.00000000	414.14539449474840000000000000000000
1910.00000000	412.88544425877550000000000000000000
1912.00000000	411.62819176349900000000000000000000
1914.00000000	410.37363501050106000000000000000000
1916.00000000	409.12177199753245000000000000000000
1918.00000000	407.87260071840190000000000000000000
1920.00000000	406.62611916273100000000000000000000
1922.00000000	405.38232531571697000000000000000000
1924.00000000	404.14121715827170000000000000000000
1926.00000000	402.90279266637936000000000000000000
1928.00000000	401.66704981132760000000000000000000
1930.00000000	400.43398655921090000000000000000000
1932.00000000	399.20360087110083000000000000000000
1934.00000000	397.97589070261876000000000000000000
1936.00000000	396.75085400392396000000000000000000
1938.00000000	395.52848871939034000000000000000000
1940.00000000	394.30879278771820000000000000000000
1942.00000000	393.09176414158253000000000000000000
1944.00000000	391.87740070743410000000000000000000
1946.00000000	390.66570040557760000000000000000000
1948.00000000	389.45666114984255000000000000000000
1950.00000000	388.25028084751716000000000000000000
1952.00000000	387.04655739919707000000000000000000
1954.00000000	385.84548869865540000000000000000000
1956.00000000	384.64707263266810000000000000000000
1958.00000000	383.45130708098600000000000000000000
1960.00000000	382.25818991610413000000000000000000
1962.00000000	381.06771900314460000000000000000000
1964.00000000	379.87989219984456000000000000000000
1966.00000000	378.69470735626350000000000000000000
1968.00000000	377.51216231477525000000000000000000
1970.00000000	376.33225491001940000000000000000000
1972.00000000	375.15498296860340000000000000000000
1974.00000000	373.98034430914095000000000000000000
1976.00000000	372.80833674208964000000000000000000
1978.00000000	371.63895806961080000000000000000000
1980.00000000	370.47220608557166000000000000000000
1982.00000000	369.30807857538360000000000000000000
1984.00000000	368.14657331581674000000000000000000
1986.00000000	366.98768807506144000000000000000000
1988.00000000	365.83142061252420000000000000000000
1990.00000000	364.67776867880644000000000000000000
1992.00000000	363.52673001550835000000000000000000
1994.00000000	362.37830235532270000000000000000000
1996.00000000	361.23248342175160000000000000000000
1998.00000000	360.08927092911097000000000000000000
2000.00000000	358.94866258251454000000000000000000
