100.00000000	540.95167319801570000000000000000000
102.00000000	628.52883707156080000000000000000000
104.00000000	701.39686082374150000000000000000000
106.00000000	761.72296808143310000000000000000000
108.00000000	811.45103870934710000000000000000000
110.00000000	852.27954988187450000000000000000000
112.00000000	885.66581470647720000000000000000000
114.00000000	912.84440320497880000000000000000000
116.00000000	934.85191760507220000000000000000000
118.00000000	952.48722421200770000000000000000000
120.00000000	966.60128135416820000000000000000000
122.00000000	977.72412229221750000000000000000000
124.00000000	986.34861728411260000000000000000000
126.00000000	992.88214564274310000000000000000000
128.00000000	997.66125939494440000000000000000000
130.00000000	1000.96394151893900000000000000000000
132.00000000	1003.01978258868860000000000000000000
134.00000000	1004.01839127447930000000000000000000
136.00000000	1004.11632613813030000000000000000000
138.00000000	1003.44280051735730000000000000000000
140.00000000	1002.10437561510460000000000000000000
142.00000000	1000.18882255687140000000000000000000
144.00000000	997.76830363347540000000000000000000
146.00000000	994.90199663906830000000000000000000
148.00000000	991.63826402404220000000000000000000
150.00000000	988.01645012629910000000000000000000
152.00000000	984.06837454159000000000000000000000
154.00000000	979.81957725304740000000000000000000
156.00000000	975.29036100567570000000000000000000
158.00000000	970.45777294381890000000000000000000
160.00000000	965.41238705492720000000000000000000
162.00000000	960.12418585843820000000000000000000
164.00000000	954.60006439980180000000000000000000
166.00000000	948.84494653986630000000000000000000
168.00000000	942.86219935057580000000000000000000
170.00000000	936.65400245593400000000000000000000
172.00000000	930.22168266098810000000000000000000
174.00000000	923.56602278878950000000000000000000
176.00000000	916.68755255571890000000000000000000
178.00000000	909.58682851535810000000000000000000
180.00000000	902.26470955825560000000000000000000
182.00000000	894.72263414669350000000000000000000
184.00000000	886.96290537537480000000000000000000
186.00000000	878.98899007343150000000000000000000
188.00000000	870.80583849966380000000000000000000
190.00000000	862.42023173818720000000000000000000
192.00000000	853.84116469092200000000000000000000
194.00000000	845.08027361177320000000000000000000
196.00000000	836.13094500861900000000000000000000
198.00000000	827.05473672972390000000000000000000
200.00000000	817.85263911608000000000000000000000
202.00000000	808.55241931090400000000000000000000
204.00000000	799.18772156548850000000000000000000
206.00000000	789.79905626423500000000000000000000
208.00000000	780.43496257342700000000000000000000
210.00000000	771.15338340247460000000000000000000
212.00000000	762.02330242049370000000000000000000
214.00000000	753.12670859758380000000000000000000
216.00000000	744.56097676129800000000000000000000
218.00000000	736.44178735316120000000000000000000
220.00000000	728.90676239607060000000000000000000
222.00000000	722.12008058962310000000000000000000
224.00000000	716.27847532619840000000000000000000
226.00000000	711.61925639496500000000000000000000
228.00000000	708.43140417813520000000000000000000
230.00000000	707.06088424213600000000000000000000
232.00000000	707.97724401877000000000000000000000
234.00000000	711.74606078826780000000000000000000
236.00000000	719.13226873893270000000000000000000
238.00000000	731.18921487998300000000000000000000
240.00000000	749.42917413709400000000000000000000
242.00000000	776.11590265175520000000000000000000
244.00000000	814.75548008576170000000000000000000
246.00000000	870.85456561717820000000000000000000
248.00000000	952.82564740804710000000000000000000
250.00000000	1072.10634086983200000000000000000000
252.00000000	1239.56446229084120000000000000000000
254.00000000	1454.33928603584060000000000000000000
256.00000000	1691.47004830095780000000000000000000
258.00000000	1911.12126569657880000000000000000000
260.00000000	2087.60444162221400000000000000000000
262.00000000	2221.12990198368930000000000000000000
264.00000000	2326.51105826147070000000000000000000
266.00000000	2420.37088912505120000000000000000000
268.00000000	2515.51458482751470000000000000000000
270.00000000	2619.87224749291270000000000000000000
272.00000000	2736.79258942793500000000000000000000
274.00000000	2865.75592854023130000000000000000000
276.00000000	3003.62157930736430000000000000000000
278.00000000	3146.23249943588400000000000000000000
280.00000000	3289.74918700560560000000000000000000
282.00000000	3431.26413345918760000000000000000000
284.00000000	3568.78330940652630000000000000000000
286.00000000	3700.96499612982140000000000000000000
288.00000000	3826.84500854823900000000000000000000
290.00000000	3945.70750664036200000000000000000000
292.00000000	4057.02576360030530000000000000000000
294.00000000	4160.44866927789200000000000000000000
296.00000000	4255.79713962955900000000000000000000
298.00000000	4343.05588634062600000000000000000000
300.00000000	4422.35717119803100000000000000000000
302.00000000	4493.95819393841700000000000000000000
304.00000000	4558.21517777872850000000000000000000
306.00000000	4615.55097134899200000000000000000000
308.00000000	4666.45359061258100000000000000000000
310.00000000	4711.42064028432200000000000000000000
312.00000000	4750.96275616047700000000000000000000
314.00000000	4785.58366426620400000000000000000000
316.00000000	4815.76896072453800000000000000000000
318.00000000	4841.97796853478400000000000000000000
320.00000000	4864.63821182025300000000000000000000
322.00000000	4884.14203082909400000000000000000000
324.00000000	4900.83263637996800000000000000000000
326.00000000	4915.05173729334900000000000000000000
328.00000000	4927.06943795824300000000000000000000
330.00000000	4937.13159225190700000000000000000000
332.00000000	4945.45012992122600000000000000000000
334.00000000	4952.20496938543800000000000000000000
336.00000000	4957.54609039510300000000000000000000
338.00000000	4961.57976677361100000000000000000000
340.00000000	4964.43357662147700000000000000000000
342.00000000	4966.16587160637400000000000000000000
344.00000000	4966.82917224643900000000000000000000
346.00000000	4966.45776385819900000000000000000000
348.00000000	4965.07067387396000000000000000000000
350.00000000	4962.65706672686100000000000000000000
352.00000000	4959.25223219961400000000000000000000
354.00000000	4954.83695934487150000000000000000000
356.00000000	4949.41448315629800000000000000000000
358.00000000	4943.00233299317900000000000000000000
360.00000000	4935.62480728409000000000000000000000
362.00000000	4927.40344086494100000000000000000000
364.00000000	4918.46231402125800000000000000000000
366.00000000	4909.02302378450600000000000000000000
368.00000000	4899.40894513654300000000000000000000
370.00000000	4890.04753083585500000000000000000000
372.00000000	4881.56506258994000000000000000000000
374.00000000	4874.67585884379400000000000000000000
376.00000000	4870.24393178147200000000000000000000
378.00000000	4869.22037547537800000000000000000000
380.00000000	4872.54714360625500000000000000000000
382.00000000	4881.12224238993600000000000000000000
384.00000000	4895.56228099102700000000000000000000
386.00000000	4916.15954217250200000000000000000000
388.00000000	4942.78892549309800000000000000000000
390.00000000	4974.90215372358800000000000000000000
392.00000000	5011.59917603336700000000000000000000
394.00000000	5051.76155904789450000000000000000000
396.00000000	5094.21519456403300000000000000000000
398.00000000	5137.87022099271800000000000000000000
400.00000000	5181.90445466635900000000000000000000
402.00000000	5225.74361019242300000000000000000000
404.00000000	5269.15167335178000000000000000000000
406.00000000	5312.20508035286000000000000000000000
408.00000000	5355.25475635800650000000000000000000
410.00000000	5398.86922595140100000000000000000000
412.00000000	5443.76588138571700000000000000000000
414.00000000	5490.73671555128000000000000000000000
416.00000000	5540.56112851144100000000000000000000
418.00000000	5593.99787278659900000000000000000000
420.00000000	5651.65190852872600000000000000000000
422.00000000	5714.00256009053650000000000000000000
424.00000000	5781.38297630687100000000000000000000
426.00000000	5853.99163628308300000000000000000000
428.00000000	5931.91517199509300000000000000000000
430.00000000	6015.15498795795250000000000000000000
432.00000000	6103.65163023759000000000000000000000
434.00000000	6197.31864918478300000000000000000000
436.00000000	6295.99505912917300000000000000000000
438.00000000	6399.54264203195600000000000000000000
440.00000000	6507.79030215471100000000000000000000
442.00000000	6620.55137848247500000000000000000000
444.00000000	6737.62548677071500000000000000000000
446.00000000	6858.81949839501900000000000000000000
448.00000000	6983.87331771939900000000000000000000
450.00000000	7112.57574058146300000000000000000000
452.00000000	7244.69094258473200000000000000000000
454.00000000	7379.97907687760650000000000000000000
456.00000000	7518.19777779021500000000000000000000
458.00000000	7659.12815479173300000000000000000000
460.00000000	7802.47674870275750000000000000000000
462.00000000	7948.02374079862100000000000000000000
464.00000000	8095.52523475846000000000000000000000
466.00000000	8244.73775087396100000000000000000000
468.00000000	8395.41819068497000000000000000000000
470.00000000	8547.35553838071200000000000000000000
472.00000000	8700.24377739039300000000000000000000
474.00000000	8853.87148681557700000000000000000000
476.00000000	9007.99558077086000000000000000000000
478.00000000	9162.37260129724200000000000000000000
480.00000000	9316.75864702673000000000000000000000
482.00000000	9470.90936522044800000000000000000000
484.00000000	9624.58001415388000000000000000000000
486.00000000	9777.56562855924700000000000000000000
488.00000000	9929.54120390489300000000000000000000
490.00000000	10080.30184099677500000000000000000000
492.00000000	10229.60336259967900000000000000000000
494.00000000	10377.20263348462000000000000000000000
496.00000000	10522.85805724463000000000000000000000
498.00000000	10666.33013872765200000000000000000000
500.00000000	10807.38209103283600000000000000000000
502.00000000	10945.78050055523600000000000000000000
504.00000000	11081.29602740700000000000000000000000
506.00000000	11213.74971359412500000000000000000000
508.00000000	11342.83081215501300000000000000000000
510.00000000	11468.37282868952600000000000000000000
512.00000000	11590.17026130103100000000000000000000
514.00000000	11708.02550991846100000000000000000000
516.00000000	11821.74964449276000000000000000000000
518.00000000	11931.16315311063600000000000000000000
520.00000000	12036.09666123191500000000000000000000
522.00000000	12136.39161356217300000000000000000000
524.00000000	12231.90091049564800000000000000000000
526.00000000	12322.48949160279300000000000000000000
528.00000000	12408.03485928597200000000000000000000
530.00000000	12488.42753647672000000000000000000000
532.00000000	12563.57145308602000000000000000000000
534.00000000	12633.38425683499000000000000000000000
536.00000000	12697.83214777681100000000000000000000
538.00000000	12756.78970519292300000000000000000000
540.00000000	12810.25326466269100000000000000000000
542.00000000	12858.19684877548000000000000000000000
544.00000000	12900.60853472685000000000000000000000
546.00000000	12937.49027589752600000000000000000000
548.00000000	12968.85764545071500000000000000000000
550.00000000	12994.73950547198400000000000000000000
552.00000000	13015.17760596853400000000000000000000
554.00000000	13030.22611874512400000000000000000000
556.00000000	13039.95111177358400000000000000000000
558.00000000	13044.42997016295200000000000000000000
560.00000000	13043.75077021975000000000000000000000
562.00000000	13038.01161335469000000000000000000000
564.00000000	13027.31992674977700000000000000000000
566.00000000	13011.79173774999600000000000000000000
568.00000000	12991.55092889333700000000000000000000
570.00000000	12966.72848034558400000000000000000000
572.00000000	12937.46170627930800000000000000000000
574.00000000	12903.89349142762000000000000000000000
576.00000000	12866.16400069896600000000000000000000
578.00000000	12824.43781227041800000000000000000000
580.00000000	12778.86480499287600000000000000000000
582.00000000	12729.60271371376300000000000000000000
584.00000000	12676.81121850153200000000000000000000
586.00000000	12620.65128933833700000000000000000000
588.00000000	12561.28456205942300000000000000000000
590.00000000	12498.87274793160800000000000000000000
592.00000000	12433.57707875771300000000000000000000
594.00000000	12365.55778891240300000000000000000000
596.00000000	12294.97363525656700000000000000000000
598.00000000	12221.98145545333700000000000000000000
600.00000000	12146.73576481572100000000000000000000
602.00000000	12069.38839146037800000000000000000000
604.00000000	11990.08814922361000000000000000000000
606.00000000	11908.98054751453000000000000000000000
608.00000000	11826.20753703747000000000000000000000
610.00000000	11741.90729011005000000000000000000000
612.00000000	11656.21401413208000000000000000000000
614.00000000	11569.25779662394000000000000000000000
616.00000000	11481.16448014868500000000000000000000
618.00000000	11392.05556535610800000000000000000000
620.00000000	11302.04814033969700000000000000000000
622.00000000	11211.25483447301300000000000000000000
624.00000000	11119.78379489165700000000000000000000
626.00000000	11027.73868380514300000000000000000000
628.00000000	10935.21869485828200000000000000000000
630.00000000	10842.31858681397400000000000000000000
632.00000000	10749.12873289177300000000000000000000
634.00000000	10655.73518417383500000000000000000000
636.00000000	10562.21974557334400000000000000000000
638.00000000	10468.66006295578000000000000000000000
640.00000000	10375.12972010383200000000000000000000
642.00000000	10281.63875604851500000000000000000000
644.00000000	10188.37179289937600000000000000000000
646.00000000	10095.33168888819000000000000000000000
648.00000000	10002.57690431624200000000000000000000
650.00000000	9910.16243211143000000000000000000000
652.00000000	9818.13993298979000000000000000000000
654.00000000	9726.55787481439000000000000000000000
656.00000000	9635.46167600372600000000000000000000
658.00000000	9544.89385308499500000000000000000000
660.00000000	9454.89417278425600000000000000000000
662.00000000	9365.49980942052400000000000000000000
664.00000000	9276.74550885803000000000000000000000
666.00000000	9188.66376092264500000000000000000000
668.00000000	9101.28498308558700000000000000000000
670.00000000	9014.63771948401300000000000000000000
672.00000000	8928.74886118436600000000000000000000
674.00000000	8843.64389632392900000000000000000000
676.00000000	8759.34720293836800000000000000000000
678.00000000	8675.88240384043600000000000000000000
680.00000000	8593.27281355386400000000000000000000
682.00000000	8511.54202518077500000000000000000000
684.00000000	8430.71471633911600000000000000000000
686.00000000	8350.81781057564000000000000000000000
688.00000000	8271.88224153472400000000000000000000
690.00000000	8193.94579662031900000000000000000000
692.00000000	8117.05803267996100000000000000000000
694.00000000	8041.28954501122800000000000000000000
696.00000000	7966.75158036039400000000000000000000
698.00000000	7893.64505321922600000000000000000000
700.00000000	7822.42177809799000000000000000000000
702.00000000	7754.77432815715600000000000000000000
704.00000000	7666.35642984449100000000000000000000
706.00000000	7576.68581494061250000000000000000000
708.00000000	7492.32718686667900000000000000000000
710.00000000	7410.79902851023900000000000000000000
712.00000000	7331.33148351714400000000000000000000
714.00000000	7253.56230917528900000000000000000000
716.00000000	7177.28511019421200000000000000000000
718.00000000	7102.36775103272700000000000000000000
720.00000000	7028.71850216835700000000000000000000
722.00000000	6956.26968418587150000000000000000000
724.00000000	6884.96889406574500000000000000000000
726.00000000	6814.77392337016400000000000000000000
728.00000000	6745.64963674884500000000000000000000
730.00000000	6677.56596362987150000000000000000000
732.00000000	6610.49655688942400000000000000000000
734.00000000	6544.41786907215000000000000000000000
736.00000000	6479.30849973171700000000000000000000
738.00000000	6415.14872431864900000000000000000000
740.00000000	6351.92014787344000000000000000000000
742.00000000	6289.60544647940800000000000000000000
744.00000000	6228.18817164771550000000000000000000
746.00000000	6167.65260060826800000000000000000000
748.00000000	6107.98362059040600000000000000000000
750.00000000	6049.16663860346600000000000000000000
752.00000000	5991.18751056892200000000000000000000
754.00000000	5934.03248528876400000000000000000000
756.00000000	5877.68815988958100000000000000000000
758.00000000	5822.14144421382400000000000000000000
760.00000000	5767.37953223389300000000000000000000
762.00000000	5713.33495803653100000000000000000000
764.00000000	5660.10579537692200000000000000000000
766.00000000	5607.62450948003150000000000000000000
768.00000000	5555.87924009399100000000000000000000
770.00000000	5504.85833194131100000000000000000000
772.00000000	5454.55032648398900000000000000000000
774.00000000	5404.94395515913500000000000000000000
776.00000000	5356.02813380593900000000000000000000
778.00000000	5307.79195805979900000000000000000000
780.00000000	5260.22469953446300000000000000000000
782.00000000	5213.31580264800000000000000000000000
784.00000000	5167.05488197755600000000000000000000
786.00000000	5121.43172005151500000000000000000000
788.00000000	5076.43626550647400000000000000000000
790.00000000	5032.05863155330900000000000000000000
792.00000000	4988.28909470938650000000000000000000
794.00000000	4945.11809376617000000000000000000000
796.00000000	4902.53622897135400000000000000000000
798.00000000	4860.53426141394400000000000000000000
800.00000000	4819.10311260906300000000000000000000
802.00000000	4778.23386428734400000000000000000000
804.00000000	4737.91775840243600000000000000000000
806.00000000	4698.14619737800600000000000000000000
808.00000000	4658.91074462556750000000000000000000
810.00000000	4620.20312537482400000000000000000000
812.00000000	4582.01522787057550000000000000000000
814.00000000	4544.33910500541700000000000000000000
816.00000000	4507.16697647539300000000000000000000
818.00000000	4470.49123156912500000000000000000000
820.00000000	4434.30443273013600000000000000000000
822.00000000	4398.59932006983600000000000000000000
824.00000000	4363.36881705820900000000000000000000
826.00000000	4328.60603768504000000000000000000000
828.00000000	4294.30429547233900000000000000000000
830.00000000	4260.45711483885200000000000000000000
832.00000000	4227.05824548235500000000000000000000
834.00000000	4194.10168067703600000000000000000000
836.00000000	4161.58168071130400000000000000000000
838.00000000	4129.49280316682300000000000000000000
840.00000000	4097.82994243946800000000000000000000
842.00000000	4066.58838195729100000000000000000000
844.00000000	4035.76386417484500000000000000000000
846.00000000	4005.35268599519260000000000000000000
848.00000000	3975.35183146566620000000000000000000
850.00000000	3945.75916067762270000000000000000000
852.00000000	3916.57368625075330000000000000000000
854.00000000	3887.79599171621840000000000000000000
856.00000000	3859.42889078494140000000000000000000
858.00000000	3831.47851961173000000000000000000000
860.00000000	3803.95626538866240000000000000000000
862.00000000	3776.88246854866570000000000000000000
864.00000000	3750.29439731390700000000000000000000
866.00000000	3724.26662653690760000000000000000000
868.00000000	3698.98060547209000000000000000000000
870.00000000	3675.20398632951200000000000000000000
872.00000000	3616.55459400589370000000000000000000
874.00000000	3570.01578485853040000000000000000000
876.00000000	3529.51188403196970000000000000000000
878.00000000	3491.96651143139020000000000000000000
880.00000000	3456.35852852421160000000000000000000
882.00000000	3422.19409522915800000000000000000000
884.00000000	3389.18777508357400000000000000000000
886.00000000	3357.15575300568660000000000000000000
888.00000000	3325.97060972748750000000000000000000
890.00000000	3295.53913383302900000000000000000000
892.00000000	3265.79026420777650000000000000000000
894.00000000	3236.66802173641000000000000000000000
896.00000000	3208.12711544679300000000000000000000
898.00000000	3180.13008011778400000000000000000000
900.00000000	3152.64533862882760000000000000000000
902.00000000	3125.64584760391970000000000000000000
904.00000000	3099.10812468295530000000000000000000
906.00000000	3073.01153337143400000000000000000000
908.00000000	3047.33774646886500000000000000000000
910.00000000	3022.07033623335200000000000000000000
912.00000000	2997.19445635815800000000000000000000
914.00000000	2972.69659168312140000000000000000000
916.00000000	2948.56435869790900000000000000000000
918.00000000	2924.78634469339700000000000000000000
920.00000000	2901.35197671197100000000000000000000
922.00000000	2878.25141375184600000000000000000000
924.00000000	2855.47545731751900000000000000000000
926.00000000	2833.01547659102200000000000000000000
928.00000000	2810.86334536299230000000000000000000
930.00000000	2789.01138850393500000000000000000000
932.00000000	2767.45233623623060000000000000000000
934.00000000	2746.17928483201970000000000000000000
936.00000000	2725.18566264071840000000000000000000
938.00000000	2704.46520056547430000000000000000000
940.00000000	2684.01190627583700000000000000000000
942.00000000	2663.82004157592060000000000000000000
944.00000000	2643.88410245176830000000000000000000
946.00000000	2624.19880140513400000000000000000000
948.00000000	2604.75905174762870000000000000000000
950.00000000	2585.55995358346300000000000000000000
952.00000000	2566.59678125275560000000000000000000
954.00000000	2547.86497204351460000000000000000000
956.00000000	2529.36011600970640000000000000000000
958.00000000	2511.07794675750800000000000000000000
960.00000000	2493.01433308175230000000000000000000
962.00000000	2475.16527135175370000000000000000000
964.00000000	2457.52687855955500000000000000000000
966.00000000	2440.09538595590040000000000000000000
968.00000000	2422.86713320882800000000000000000000
970.00000000	2405.83856302867340000000000000000000
972.00000000	2389.00621621029680000000000000000000
974.00000000	2372.36672704957700000000000000000000
976.00000000	2355.91681909657560000000000000000000
978.00000000	2339.65330121216100000000000000000000
980.00000000	2323.57306389902850000000000000000000
982.00000000	2307.67307588118770000000000000000000
984.00000000	2291.95038090919100000000000000000000
986.00000000	2276.40209477064450000000000000000000
988.00000000	2261.02540248807830000000000000000000
990.00000000	2245.81755568788280000000000000000000
992.00000000	2230.77587012599770000000000000000000
994.00000000	2215.89772335738140000000000000000000
996.00000000	2201.18055253757700000000000000000000
998.00000000	2186.62185234603500000000000000000000
1000.00000000	2172.21917302165870000000000000000000
1002.00000000	2157.97011850211040000000000000000000
1004.00000000	2143.87234465913300000000000000000000
1006.00000000	2129.92355762295400000000000000000000
1008.00000000	2116.12151218930200000000000000000000
1010.00000000	2102.46401030340300000000000000000000
1012.00000000	2088.94889961555370000000000000000000
1014.00000000	2075.57407210356270000000000000000000
1016.00000000	2062.33746275758100000000000000000000
1018.00000000	2049.23704832336300000000000000000000
1020.00000000	2036.27084610018730000000000000000000
1022.00000000	2023.43691279013600000000000000000000
1024.00000000	2010.73334339550020000000000000000000
1026.00000000	1998.15827016152530000000000000000000
1028.00000000	1985.70986156180300000000000000000000
1030.00000000	1973.38632132384030000000000000000000
1032.00000000	1961.18588749258720000000000000000000
1034.00000000	1949.08602359447560000000000000000000
1036.00000000	1937.12680400797630000000000000000000
1038.00000000	1925.28560033681720000000000000000000
1040.00000000	1913.56077924260880000000000000000000
1042.00000000	1901.95073752199190000000000000000000
1044.00000000	1890.45390135850500000000000000000000
1046.00000000	1879.06872560042140000000000000000000
1048.00000000	1867.79369306333800000000000000000000
1050.00000000	1856.62731385629170000000000000000000
1052.00000000	1845.56812473025980000000000000000000
1054.00000000	1834.61468844811570000000000000000000
1056.00000000	1823.76559317490900000000000000000000
1058.00000000	1813.01945188767380000000000000000000
1060.00000000	1802.37490180381600000000000000000000
1062.00000000	1791.83060382734170000000000000000000
1064.00000000	1781.38524201210000000000000000000000
1066.00000000	1771.03752304133040000000000000000000
1068.00000000	1760.78617572288320000000000000000000
1070.00000000	1750.62995049939240000000000000000000
1072.00000000	1740.56761897286790000000000000000000
1074.00000000	1730.59797344305250000000000000000000
1076.00000000	1720.71982645911000000000000000000000
1078.00000000	1710.93201038399980000000000000000000
1080.00000000	1701.23337697114520000000000000000000
1082.00000000	1691.62279695290520000000000000000000
1084.00000000	1682.09915964038260000000000000000000
1086.00000000	1672.66137253418600000000000000000000
1088.00000000	1663.30836094572780000000000000000000
1090.00000000	1654.03906762868540000000000000000000
1092.00000000	1644.85245242025550000000000000000000
1094.00000000	1635.74749189189380000000000000000000
1096.00000000	1626.72317900912780000000000000000000
1098.00000000	1617.77852280025800000000000000000000
1100.00000000	1608.91254803351600000000000000000000
1102.00000000	1600.12429490248500000000000000000000
1104.00000000	1591.41281871947540000000000000000000
1106.00000000	1582.77718961659680000000000000000000
1108.00000000	1574.21649225427630000000000000000000
1110.00000000	1565.72982553698260000000000000000000
1112.00000000	1557.31630233594140000000000000000000
1114.00000000	1548.97504921861240000000000000000000
1116.00000000	1540.70520618469370000000000000000000
1118.00000000	1532.50592640849900000000000000000000
1120.00000000	1524.37637598747050000000000000000000
1122.00000000	1516.31573369666940000000000000000000
1124.00000000	1508.32319074906290000000000000000000
1126.00000000	1500.39795056138880000000000000000000
1128.00000000	1492.53922852551550000000000000000000
1130.00000000	1484.74625178506840000000000000000000
1132.00000000	1477.01825901718830000000000000000000
1134.00000000	1469.35450021930820000000000000000000
1136.00000000	1461.75423650073160000000000000000000
1138.00000000	1454.21673987896300000000000000000000
1140.00000000	1446.74129300204870000000000000000000
1142.00000000	1439.32718926935650000000000000000000
1144.00000000	1431.97373216616800000000000000000000
1146.00000000	1424.68023539555200000000000000000000
1148.00000000	1417.44602261652970000000000000000000
1150.00000000	1410.27042726599550000000000000000000
1152.00000000	1403.15279238456220000000000000000000
1154.00000000	1396.09247044615340000000000000000000
1156.00000000	1389.08882319126930000000000000000000
1158.00000000	1382.14122146383400000000000000000000
1160.00000000	1375.24904505153400000000000000000000
1162.00000000	1368.41168252950960000000000000000000
1164.00000000	1361.62853110740750000000000000000000
1166.00000000	1354.89899647959420000000000000000000
1168.00000000	1348.22249267855400000000000000000000
1170.00000000	1341.59844193131580000000000000000000
1172.00000000	1335.02627451886860000000000000000000
1174.00000000	1328.50542863847930000000000000000000
1176.00000000	1322.03535026885020000000000000000000
1178.00000000	1315.61549303803330000000000000000000
1180.00000000	1309.24531809404540000000000000000000
1182.00000000	1302.92429397810600000000000000000000
1184.00000000	1296.65189650043680000000000000000000
1186.00000000	1290.42760861858480000000000000000000
1188.00000000	1284.25092031814800000000000000000000
1190.00000000	1278.12132849594420000000000000000000
1192.00000000	1272.03833684542400000000000000000000
1194.00000000	1266.00145574445380000000000000000000
1196.00000000	1260.01020214523210000000000000000000
1198.00000000	1254.06409946640700000000000000000000
1200.00000000	1248.16267748732930000000000000000000
1202.00000000	1242.30547224432530000000000000000000
1204.00000000	1236.49202592902570000000000000000000
1206.00000000	1230.72188678863600000000000000000000
1208.00000000	1224.99460902816940000000000000000000
1210.00000000	1219.30975271452530000000000000000000
1212.00000000	1213.66688368241880000000000000000000
1214.00000000	1208.06557344213750000000000000000000
1216.00000000	1202.50539908899530000000000000000000
1218.00000000	1196.98594321456080000000000000000000
1220.00000000	1191.50679381952200000000000000000000
1222.00000000	1186.06754422824880000000000000000000
1224.00000000	1180.66779300487090000000000000000000
1226.00000000	1175.30714387102350000000000000000000
1228.00000000	1169.98520562506220000000000000000000
1230.00000000	1164.70159206280910000000000000000000
1232.00000000	1159.45592189975130000000000000000000
1234.00000000	1154.24781869469420000000000000000000
1236.00000000	1149.07691077479170000000000000000000
1238.00000000	1143.94283116200560000000000000000000
1240.00000000	1138.84521750083510000000000000000000
1242.00000000	1133.78371198743250000000000000000000
1244.00000000	1128.75796129997820000000000000000000
1246.00000000	1123.76761653028780000000000000000000
1248.00000000	1118.81233311673100000000000000000000
1250.00000000	1113.89177077828530000000000000000000
1252.00000000	1109.00559344980140000000000000000000
1254.00000000	1104.15346921842340000000000000000000
1256.00000000	1099.33507026117540000000000000000000
1258.00000000	1094.55007278358700000000000000000000
1260.00000000	1089.79815695948220000000000000000000
1262.00000000	1085.07900687179090000000000000000000
1264.00000000	1080.39231045440560000000000000000000
1266.00000000	1075.73775943507960000000000000000000
1268.00000000	1071.11504927930670000000000000000000
1270.00000000	1066.52387913518800000000000000000000
1272.00000000	1061.96395177928160000000000000000000
1274.00000000	1057.43497356334250000000000000000000
1276.00000000	1052.93665436203220000000000000000000
1278.00000000	1048.46870752150900000000000000000000
1280.00000000	1044.03084980891690000000000000000000
1282.00000000	1039.62280136272300000000000000000000
1284.00000000	1035.24428564392450000000000000000000
1286.00000000	1030.89502938808910000000000000000000
1288.00000000	1026.57476255819320000000000000000000
1290.00000000	1022.28321829826070000000000000000000
1292.00000000	1018.02013288784710000000000000000000
1294.00000000	1013.78524569718980000000000000000000
1296.00000000	1009.57829914320420000000000000000000
1298.00000000	1005.39903864617080000000000000000000
1300.00000000	1001.24721258716640000000000000000000
1302.00000000	997.12257226620490000000000000000000
1304.00000000	993.02487186106510000000000000000000
1306.00000000	988.95386838680770000000000000000000
1308.00000000	984.90932165598270000000000000000000
1310.00000000	980.89099423947000000000000000000000
1312.00000000	976.89865142796600000000000000000000
1314.00000000	972.93206119411760000000000000000000
1316.00000000	968.99099415528130000000000000000000
1318.00000000	965.07522353687200000000000000000000
1320.00000000	961.18452513631950000000000000000000
1322.00000000	957.31867728761740000000000000000000
1324.00000000	953.47746082643770000000000000000000
1326.00000000	949.66065905582100000000000000000000
1328.00000000	945.86805771240870000000000000000000
1330.00000000	942.09944493323440000000000000000000
1332.00000000	938.35461122302680000000000000000000
1334.00000000	934.63334942207270000000000000000000
1336.00000000	930.93545467453860000000000000000000
1338.00000000	927.26072439736780000000000000000000
1340.00000000	923.60895824959810000000000000000000
1342.00000000	919.97995810224110000000000000000000
1344.00000000	916.37352800857460000000000000000000
1346.00000000	912.78947417493600000000000000000000
1348.00000000	909.22760493198050000000000000000000
1350.00000000	905.68773070635190000000000000000000
1352.00000000	902.16966399288690000000000000000000
1354.00000000	898.67321932711540000000000000000000
1356.00000000	895.19821325832190000000000000000000
1358.00000000	891.74446432297170000000000000000000
1360.00000000	888.31179301852190000000000000000000
1362.00000000	884.90002177768190000000000000000000
1364.00000000	881.50897494306310000000000000000000
1366.00000000	878.13847874220930000000000000000000
1368.00000000	874.78836126299310000000000000000000
1370.00000000	871.45845242945800000000000000000000
1372.00000000	868.14858397793410000000000000000000
1374.00000000	864.85858943359000000000000000000000
1376.00000000	861.58830408733990000000000000000000
1378.00000000	858.33756497304080000000000000000000
1380.00000000	855.10621084509270000000000000000000
1382.00000000	851.89408215639810000000000000000000
1384.00000000	848.70102103655200000000000000000000
1386.00000000	845.52687127047150000000000000000000
1388.00000000	842.37147827728720000000000000000000
1390.00000000	839.23468908956850000000000000000000
1392.00000000	836.11635233284960000000000000000000
1394.00000000	833.01631820548290000000000000000000
1396.00000000	829.93443845873490000000000000000000
1398.00000000	826.87056637728140000000000000000000
1400.00000000	823.82455675987410000000000000000000
1402.00000000	820.79626590038790000000000000000000
1404.00000000	817.78555156907650000000000000000000
1406.00000000	814.79227299416430000000000000000000
1408.00000000	811.81629084366150000000000000000000
1410.00000000	808.85746720746930000000000000000000
1412.00000000	805.91566557974590000000000000000000
1414.00000000	802.99075084152720000000000000000000
1416.00000000	800.08258924358440000000000000000000
1418.00000000	797.19104838957080000000000000000000
1420.00000000	794.31599721935860000000000000000000
1422.00000000	791.45730599265960000000000000000000
1424.00000000	788.61484627287630000000000000000000
1426.00000000	785.78849091116600000000000000000000
1428.00000000	782.97811403073600000000000000000000
1430.00000000	780.18359101140150000000000000000000
1432.00000000	777.40479847430100000000000000000000
1434.00000000	774.64161426689920000000000000000000
1436.00000000	771.89391744812810000000000000000000
1438.00000000	769.16158827382150000000000000000000
1440.00000000	766.44450818230220000000000000000000
1442.00000000	763.74255978015060000000000000000000
1444.00000000	761.05562682826260000000000000000000
1446.00000000	758.38359422801550000000000000000000
1448.00000000	755.72634800767900000000000000000000
1450.00000000	753.08377530898600000000000000000000
1452.00000000	750.45576437392630000000000000000000
1454.00000000	747.84220453167950000000000000000000
1456.00000000	745.24298618578680000000000000000000
1458.00000000	742.65800080144000000000000000000000
1460.00000000	740.08714089300250000000000000000000
1462.00000000	737.53030001165590000000000000000000
1464.00000000	734.98737273324760000000000000000000
1466.00000000	732.45825464630200000000000000000000
1468.00000000	729.94284234018550000000000000000000
1470.00000000	727.44103339345440000000000000000000
1472.00000000	724.95272636232370000000000000000000
1474.00000000	722.47782076932300000000000000000000
1476.00000000	720.01621709214570000000000000000000
1478.00000000	717.56781675254740000000000000000000
1480.00000000	715.13252210548980000000000000000000
1482.00000000	712.71023642839620000000000000000000
1484.00000000	710.30086391054010000000000000000000
1486.00000000	707.90430964259680000000000000000000
1488.00000000	705.52047960634350000000000000000000
1490.00000000	703.14928066444990000000000000000000
1492.00000000	700.79062055048500000000000000000000
1494.00000000	698.44440785897870000000000000000000
1496.00000000	696.11055203565710000000000000000000
1498.00000000	693.78896336781710000000000000000000
1500.00000000	691.47955297480600000000000000000000
1502.00000000	689.18223279862120000000000000000000
1504.00000000	686.89691559467370000000000000000000
1506.00000000	684.62351492263110000000000000000000
1508.00000000	682.36194513740140000000000000000000
1510.00000000	680.11212138024730000000000000000000
1512.00000000	677.87395956999110000000000000000000
1514.00000000	675.64737639435150000000000000000000
1516.00000000	673.43228930138960000000000000000000
1518.00000000	671.22861649107380000000000000000000
1520.00000000	669.03627690694550000000000000000000
1522.00000000	666.85519022789130000000000000000000
1524.00000000	664.68527686004320000000000000000000
1526.00000000	662.52645792874400000000000000000000
1528.00000000	660.37865527067000000000000000000000
1530.00000000	658.24179142599970000000000000000000
1532.00000000	656.11578963074020000000000000000000
1534.00000000	654.00057380909030000000000000000000
1536.00000000	651.89606856596190000000000000000000
1538.00000000	649.80219917955360000000000000000000
1540.00000000	647.71889159404490000000000000000000
1542.00000000	645.64607241237070000000000000000000
1544.00000000	643.58366888910010000000000000000000
1546.00000000	641.53160892336380000000000000000000
1548.00000000	639.48982105196890000000000000000000
1550.00000000	637.45823444246600000000000000000000
1552.00000000	635.43677888643990000000000000000000
1554.00000000	633.42538479276460000000000000000000
1556.00000000	631.42398318104550000000000000000000
1558.00000000	629.43250567506230000000000000000000
1560.00000000	627.45088449636050000000000000000000
1562.00000000	625.47905245786960000000000000000000
1564.00000000	623.51694295762910000000000000000000
1566.00000000	621.56448997260770000000000000000000
1568.00000000	619.62162805254370000000000000000000
1570.00000000	617.68829231393850000000000000000000
1572.00000000	615.76441843405300000000000000000000
1574.00000000	613.84994264502280000000000000000000
1576.00000000	611.94480172804420000000000000000000
1578.00000000	610.04893300759930000000000000000000
1580.00000000	608.16227434578840000000000000000000
1582.00000000	606.28476413671330000000000000000000
1584.00000000	604.41634130094370000000000000000000
1586.00000000	602.55694528002570000000000000000000
1588.00000000	600.70651603108670000000000000000000
1590.00000000	598.86499402148830000000000000000000
1592.00000000	597.03232022354940000000000000000000
1594.00000000	595.20843610933540000000000000000000
1596.00000000	593.39328364550990000000000000000000
1598.00000000	591.58680528825350000000000000000000
1600.00000000	589.78894397821280000000000000000000
1602.00000000	587.99964313556790000000000000000000
1604.00000000	586.21884665511240000000000000000000
1606.00000000	584.44649890141260000000000000000000
1608.00000000	582.68254470401370000000000000000000
1610.00000000	580.92692935270740000000000000000000
1612.00000000	579.17959859288520000000000000000000
1614.00000000	577.44049862086740000000000000000000
1616.00000000	575.70957607940420000000000000000000
1618.00000000	573.98677805312540000000000000000000
1620.00000000	572.27205206410050000000000000000000
1622.00000000	570.56534606742470000000000000000000
1624.00000000	568.86660844688910000000000000000000
1626.00000000	567.17578801066960000000000000000000
1628.00000000	565.49283398708350000000000000000000
1630.00000000	563.81769602039290000000000000000000
1632.00000000	562.15032416664400000000000000000000
1634.00000000	560.49066888959710000000000000000000
1636.00000000	558.83868105664350000000000000000000
1638.00000000	557.19431193482400000000000000000000
1640.00000000	555.55751318685580000000000000000000
1642.00000000	553.92823686723630000000000000000000
1644.00000000	552.30643541835400000000000000000000
1646.00000000	550.69206166671550000000000000000000
1648.00000000	549.08506881910780000000000000000000
1650.00000000	547.48541045891700000000000000000000
1652.00000000	545.89304054240120000000000000000000
1654.00000000	544.30791339508100000000000000000000
1656.00000000	542.72998370808590000000000000000000
1658.00000000	541.15920653465180000000000000000000
1660.00000000	539.59553728654230000000000000000000
1662.00000000	538.03893173059850000000000000000000
1664.00000000	536.48934598529010000000000000000000
1666.00000000	534.94673651731070000000000000000000
1668.00000000	533.41106013820590000000000000000000
1670.00000000	531.88227400106180000000000000000000
1672.00000000	530.36033559721020000000000000000000
1674.00000000	528.84520275298050000000000000000000
1676.00000000	527.33683362646560000000000000000000
1678.00000000	525.83518670438080000000000000000000
1680.00000000	524.34022079889100000000000000000000
1682.00000000	522.85189504451380000000000000000000
1684.00000000	521.37016889506080000000000000000000
1686.00000000	519.89500212057320000000000000000000
1688.00000000	518.42635480433750000000000000000000
1690.00000000	516.96418733992440000000000000000000
1692.00000000	515.50846042822460000000000000000000
1694.00000000	514.05913507456400000000000000000000
1696.00000000	512.61617258583860000000000000000000
1698.00000000	511.17953456765570000000000000000000
1700.00000000	509.74918292152745000000000000000000
1702.00000000	508.32507984212910000000000000000000
1704.00000000	506.90718781449385000000000000000000
1706.00000000	505.49546961134797000000000000000000
1708.00000000	504.08988829039873000000000000000000
1710.00000000	502.69040719168700000000000000000000
1712.00000000	501.29698993494700000000000000000000
1714.00000000	499.90960041703850000000000000000000
1716.00000000	498.52820280932760000000000000000000
1718.00000000	497.15276155520394000000000000000000
1720.00000000	495.78324136751490000000000000000000
1722.00000000	494.41960722610514000000000000000000
1724.00000000	493.06182437535153000000000000000000
1726.00000000	491.70985832172710000000000000000000
1728.00000000	490.36367483139315000000000000000000
1730.00000000	489.02323992784204000000000000000000
1732.00000000	487.68851988948830000000000000000000
1734.00000000	486.35948124740355000000000000000000
1736.00000000	485.03609078295534000000000000000000
1738.00000000	483.71831552557200000000000000000000
1740.00000000	482.40612275045840000000000000000000
1742.00000000	481.09947997637410000000000000000000
1744.00000000	479.79835496342884000000000000000000
1746.00000000	478.50271571089230000000000000000000
1748.00000000	477.21253045504410000000000000000000
1750.00000000	475.92776766701877000000000000000000
1752.00000000	474.64839605070540000000000000000000
1754.00000000	473.37438454065480000000000000000000
1756.00000000	472.10570230000150000000000000000000
1758.00000000	470.84231871842710000000000000000000
1760.00000000	469.58420341010820000000000000000000
1762.00000000	468.33132621175065000000000000000000
1764.00000000	467.08365718056046000000000000000000
1766.00000000	465.84116659232205000000000000000000
1768.00000000	464.60382493943405000000000000000000
1770.00000000	463.37160292897670000000000000000000
1772.00000000	462.14447148083815000000000000000000
1774.00000000	460.92240172579420000000000000000000
1776.00000000	459.70536500369430000000000000000000
1778.00000000	458.49333286157696000000000000000000
1780.00000000	457.28627705185073000000000000000000
1782.00000000	456.08416953051340000000000000000000
1784.00000000	454.88698245533320000000000000000000
1786.00000000	453.69468818411247000000000000000000
1788.00000000	452.50725927291290000000000000000000
1790.00000000	451.32466847432830000000000000000000
1792.00000000	450.14688873578336000000000000000000
1794.00000000	448.97389319782724000000000000000000
1796.00000000	447.80565519244220000000000000000000
1798.00000000	446.64214824141870000000000000000000
1800.00000000	445.48334605466636000000000000000000
1802.00000000	444.32922252860953000000000000000000
1804.00000000	443.17975174458195000000000000000000
1806.00000000	442.03490796721410000000000000000000
1808.00000000	440.89466564286020000000000000000000
1810.00000000	439.75899939804900000000000000000000
1812.00000000	438.62788403791200000000000000000000
1814.00000000	437.50129454467600000000000000000000
1816.00000000	436.37920607612920000000000000000000
1818.00000000	435.26159396412690000000000000000000
1820.00000000	434.14843371312105000000000000000000
1822.00000000	433.03970099865546000000000000000000
1824.00000000	431.93537166594655000000000000000000
1826.00000000	430.83542172841210000000000000000000
1828.00000000	429.73982736627190000000000000000000
1830.00000000	428.64856492511404000000000000000000
1832.00000000	427.56161091450260000000000000000000
1834.00000000	426.47894200659874000000000000000000
1836.00000000	425.40053503478710000000000000000000
1838.00000000	424.32636699231426000000000000000000
1840.00000000	423.25641503093910000000000000000000
1842.00000000	422.19065645963750000000000000000000
1844.00000000	421.12906874323160000000000000000000
1846.00000000	420.07162950113090000000000000000000
1848.00000000	419.01831650601827000000000000000000
1850.00000000	417.96910768257380000000000000000000
1852.00000000	416.92398110622105000000000000000000
1854.00000000	415.88291500184800000000000000000000
1856.00000000	414.84588774259754000000000000000000
1858.00000000	413.81287784862070000000000000000000
1860.00000000	412.78386398584660000000000000000000
1862.00000000	411.75882496481480000000000000000000
1864.00000000	410.73773973943980000000000000000000
1866.00000000	409.72058740586084000000000000000000
1868.00000000	408.70734720125535000000000000000000
1870.00000000	407.69799850268146000000000000000000
1872.00000000	406.69252082592750000000000000000000
1874.00000000	405.69089382439670000000000000000000
1876.00000000	404.69309728795390000000000000000000
1878.00000000	403.69911114181490000000000000000000
1880.00000000	402.70891544546150000000000000000000
1882.00000000	401.72249039153440000000000000000000
1884.00000000	400.73981630474645000000000000000000
1886.00000000	399.76087364081260000000000000000000
1888.00000000	398.78564298539703000000000000000000
1890.00000000	397.81410505304810000000000000000000
1892.00000000	396.84624068615740000000000000000000
1894.00000000	395.88203085395530000000000000000000
1896.00000000	394.92145665143220000000000000000000
1898.00000000	393.96449929837735000000000000000000
1900.00000000	393.01114013836053000000000000000000
1902.00000000	392.06136063772150000000000000000000
1904.00000000	391.11514238460970000000000000000000
1906.00000000	390.17246708799590000000000000000000
1908.00000000	389.23331657670144000000000000000000
1910.00000000	388.29767279846600000000000000000000
1912.00000000	387.36551781897265000000000000000000
1914.00000000	386.43683382092140000000000000000000
1916.00000000	385.51160310309930000000000000000000
1918.00000000	384.58980807945704000000000000000000
1920.00000000	383.67143127819696000000000000000000
1922.00000000	382.75645534088050000000000000000000
1924.00000000	381.84486302149850000000000000000000
1926.00000000	380.93663718562910000000000000000000
1928.00000000	380.03176080951965000000000000000000
1930.00000000	379.13021697925416000000000000000000
1932.00000000	378.23198888984470000000000000000000
1934.00000000	377.33705984441760000000000000000000
1936.00000000	376.44541325334130000000000000000000
1938.00000000	375.55703263340740000000000000000000
1940.00000000	374.67190160697527000000000000000000
1942.00000000	373.79000390116080000000000000000000
1944.00000000	372.91132334703950000000000000000000
1946.00000000	372.03584387879806000000000000000000
1948.00000000	371.16354953296127000000000000000000
1950.00000000	370.29442444759730000000000000000000
1952.00000000	369.42845286151436000000000000000000
1954.00000000	368.56561911350065000000000000000000
1956.00000000	367.70590764154310000000000000000000
1958.00000000	366.84930298205120000000000000000000
1960.00000000	365.99578976912350000000000000000000
1962.00000000	365.14535273377890000000000000000000
1964.00000000	364.29797670320914000000000000000000
1966.00000000	363.45364660005510000000000000000000
1968.00000000	362.61234744167086000000000000000000
1970.00000000	361.77406433938046000000000000000000
1972.00000000	360.93878249779570000000000000000000
1974.00000000	360.10648721407154000000000000000000
1976.00000000	359.27716387721840000000000000000000
1978.00000000	358.45079796740160000000000000000000
1980.00000000	357.62737505524177000000000000000000
1982.00000000	356.80688080113174000000000000000000
1984.00000000	355.98930095456490000000000000000000
1986.00000000	355.17462135344687000000000000000000
1988.00000000	354.36282792343843000000000000000000
1990.00000000	353.55390667728363000000000000000000
1992.00000000	352.74784371417090000000000000000000
1994.00000000	351.94462521905490000000000000000000
1996.00000000	351.14423746203715000000000000000000
1998.00000000	350.34666679772135000000000000000000
2000.00000000	349.55189966456430000000000000000000
