100.00000000	-762.58635799959810000000000000000000
102.00000000	-675.32567125215590000000000000000000
104.00000000	-612.27533348561460000000000000000000
106.00000000	-579.55993782526510000000000000000000
108.00000000	-546.56139805184330000000000000000000
110.00000000	-513.71089079554000000000000000000000
112.00000000	-481.33598316146320000000000000000000
114.00000000	-455.56123479769820000000000000000000
116.00000000	-434.16666537689280000000000000000000
118.00000000	-413.98857425163550000000000000000000
120.00000000	-394.87742696137406000000000000000000
122.00000000	-376.81709553147320000000000000000000
124.00000000	-359.60472748061580000000000000000000
126.00000000	-330.15355726946280000000000000000000
128.00000000	-303.12809398473930000000000000000000
130.00000000	-278.28110586967860000000000000000000
132.00000000	-255.39452254790854000000000000000000
134.00000000	-234.27612941454518000000000000000000
136.00000000	-214.75653802251614000000000000000000
138.00000000	-197.44028771999157000000000000000000
140.00000000	-186.54230741036247000000000000000000
142.00000000	-176.32815860513520000000000000000000
144.00000000	-166.74782528834100000000000000000000
146.00000000	-157.75692499691823000000000000000000
148.00000000	-149.31603261021303000000000000000000
150.00000000	-141.39008495609963000000000000000000
152.00000000	-133.94785598429954000000000000000000
154.00000000	-126.96149322625138000000000000000000
156.00000000	-121.44689591270138000000000000000000
158.00000000	-117.23976800011272000000000000000000
160.00000000	-113.26289918139640000000000000000000
162.00000000	-109.52987745952030000000000000000000
164.00000000	-106.03407680792905000000000000000000
166.00000000	-102.76934312048242000000000000000000
168.00000000	-99.72988525747567000000000000000000
170.00000000	-96.91016823879302000000000000000000
172.00000000	-94.30480717626290000000000000000000
174.00000000	-91.90846057513728000000000000000000
176.00000000	-89.71572164254113000000000000000000
178.00000000	-92.89855279925496000000000000000000
180.00000000	-102.37233468887375000000000000000000
182.00000000	-111.48074791629620000000000000000000
184.00000000	-112.53792197304563000000000000000000
186.00000000	-112.28064049722592000000000000000000
188.00000000	-113.68945435513659000000000000000000
190.00000000	-132.56463937854411000000000000000000
192.00000000	-150.57796683019185000000000000000000
194.00000000	-167.11303778409830000000000000000000
196.00000000	-178.99223122568630000000000000000000
198.00000000	-190.35905290681956000000000000000000
200.00000000	-201.03041593249873000000000000000000
202.00000000	-199.10039299227086000000000000000000
204.00000000	-197.31748859880136000000000000000000
206.00000000	-195.64483049855096000000000000000000
208.00000000	-203.87099817302143000000000000000000
210.00000000	-216.06084555826908000000000000000000
212.00000000	-227.52300315700208000000000000000000
214.00000000	-239.35158002608736000000000000000000
216.00000000	-258.31215280856253000000000000000000
218.00000000	-276.04733164317920000000000000000000
220.00000000	-292.52220381669525000000000000000000
222.00000000	-305.11335363907200000000000000000000
224.00000000	-310.65961128952520000000000000000000
226.00000000	-315.11780637868060000000000000000000
228.00000000	-318.38244678963540000000000000000000
230.00000000	-319.30248458634020000000000000000000
232.00000000	-314.84352272864834000000000000000000
234.00000000	-308.89727552572543000000000000000000
236.00000000	-301.22704956002590000000000000000000
238.00000000	-291.49490391356557000000000000000000
240.00000000	-278.91491582106550000000000000000000
242.00000000	-262.72108330692050000000000000000000
244.00000000	-241.56200286982707000000000000000000
246.00000000	-213.12451990747954000000000000000000
248.00000000	-173.34404197231382000000000000000000
250.00000000	-101.08053328857493000000000000000000
252.00000000	-4.95900855987876100000000000000000
254.00000000	117.14431394672610000000000000000000
256.00000000	253.94637368806485000000000000000000
258.00000000	382.70240733587230000000000000000000
260.00000000	489.40783802917844000000000000000000
262.00000000	572.30880381289340000000000000000000
264.00000000	640.35255342953690000000000000000000
266.00000000	703.77717687503350000000000000000000
268.00000000	770.00464115455790000000000000000000
270.00000000	848.58145001578100000000000000000000
272.00000000	952.84199996085770000000000000000000
274.00000000	1064.59566089890090000000000000000000
276.00000000	1180.75465412925430000000000000000000
278.00000000	1297.46804471967500000000000000000000
280.00000000	1411.21284306971850000000000000000000
282.00000000	1519.15856173197600000000000000000000
284.00000000	1617.53560887815680000000000000000000
286.00000000	1708.07386895760870000000000000000000
288.00000000	1791.04934804946290000000000000000000
290.00000000	1867.05491973363400000000000000000000
292.00000000	1936.80371097105240000000000000000000
294.00000000	2001.01831113026900000000000000000000
296.00000000	2065.37341978417950000000000000000000
298.00000000	2132.77032819172840000000000000000000
300.00000000	2196.22893624151000000000000000000000
302.00000000	2256.07604514073700000000000000000000
304.00000000	2312.61238734264400000000000000000000
306.00000000	2366.10973607030970000000000000000000
308.00000000	2416.82900727673800000000000000000000
310.00000000	2465.15373354459500000000000000000000
312.00000000	2516.97982029091240000000000000000000
314.00000000	2566.16463743507500000000000000000000
316.00000000	2612.88466249407430000000000000000000
318.00000000	2657.30821967943760000000000000000000
320.00000000	2699.59402339537060000000000000000000
322.00000000	2739.89008443186300000000000000000000
324.00000000	2778.32580927103100000000000000000000
326.00000000	2815.03946151252100000000000000000000
328.00000000	2845.87774653007140000000000000000000
330.00000000	2874.59958313649400000000000000000000
332.00000000	2901.94763759685100000000000000000000
334.00000000	2928.00322474907760000000000000000000
336.00000000	2952.83484098439400000000000000000000
338.00000000	2976.48930674570000000000000000000000
340.00000000	2999.02895293358640000000000000000000
342.00000000	3020.47808664733600000000000000000000
344.00000000	3040.85930237061200000000000000000000
346.00000000	3059.97818724474660000000000000000000
348.00000000	3077.97416385204450000000000000000000
350.00000000	3094.88576475144830000000000000000000
352.00000000	3110.73163634020900000000000000000000
354.00000000	3125.49757397584970000000000000000000
356.00000000	3139.18246408262300000000000000000000
358.00000000	3151.79367496676300000000000000000000
360.00000000	3163.34275604093900000000000000000000
362.00000000	3173.90185180546600000000000000000000
364.00000000	3183.54669621750960000000000000000000
366.00000000	3199.05397718644870000000000000000000
368.00000000	3216.97030797745950000000000000000000
370.00000000	3234.37354889881100000000000000000000
372.00000000	3251.69565622896650000000000000000000
374.00000000	3269.44241094537440000000000000000000
376.00000000	3288.23535691673670000000000000000000
378.00000000	3308.77206131967100000000000000000000
380.00000000	3331.76019717011470000000000000000000
382.00000000	3357.88819625738000000000000000000000
384.00000000	3387.65731385906070000000000000000000
386.00000000	3421.34052335254300000000000000000000
388.00000000	3459.01017415032770000000000000000000
390.00000000	3500.64440974481250000000000000000000
392.00000000	3545.48732626828950000000000000000000
394.00000000	3592.77763392829050000000000000000000
396.00000000	3641.69746513081460000000000000000000
398.00000000	3691.47930714256340000000000000000000
400.00000000	3741.54140633448650000000000000000000
402.00000000	3791.47957780908300000000000000000000
404.00000000	3841.13185275167400000000000000000000
406.00000000	3890.56005994994170000000000000000000
408.00000000	3940.02068287451770000000000000000000
410.00000000	3989.92062338199500000000000000000000
412.00000000	4040.76305691018520000000000000000000
414.00000000	4094.90620558696900000000000000000000
416.00000000	4154.35044295900800000000000000000000
418.00000000	4216.52972474962100000000000000000000
420.00000000	4281.81031407901500000000000000000000
422.00000000	4350.44140366691500000000000000000000
424.00000000	4422.54624091177200000000000000000000
426.00000000	4498.14033585992200000000000000000000
428.00000000	4577.16005490500100000000000000000000
430.00000000	4659.49353788367200000000000000000000
432.00000000	4745.00730501158800000000000000000000
434.00000000	4833.57514239600550000000000000000000
436.00000000	4925.04735968945500000000000000000000
438.00000000	5019.31522500822500000000000000000000
440.00000000	5116.26907196090600000000000000000000
442.00000000	5215.80528825447500000000000000000000
444.00000000	5303.87198920947600000000000000000000
446.00000000	5385.05852776376000000000000000000000
448.00000000	5468.08747129064700000000000000000000
450.00000000	5552.73699217844800000000000000000000
452.00000000	5638.77690253595850000000000000000000
454.00000000	5725.98245481285800000000000000000000
456.00000000	5814.13550416372400000000000000000000
458.00000000	5903.04086707764700000000000000000000
460.00000000	5992.46543719371000000000000000000000
462.00000000	6082.23080134742300000000000000000000
464.00000000	6172.15215495267800000000000000000000
466.00000000	6262.05365768855000000000000000000000
468.00000000	6351.76835687364750000000000000000000
470.00000000	6441.15672138695500000000000000000000
472.00000000	6530.03161798576200000000000000000000
474.00000000	6618.27009370667400000000000000000000
476.00000000	6705.73843729206300000000000000000000
478.00000000	6798.35073359983200000000000000000000
480.00000000	6894.20914382092600000000000000000000
482.00000000	6988.68971745794500000000000000000000
484.00000000	7081.64567741607600000000000000000000
486.00000000	7172.96101253184500000000000000000000
488.00000000	7262.46206427164000000000000000000000
490.00000000	7350.04982021778200000000000000000000
492.00000000	7435.61132852007450000000000000000000
494.00000000	7519.04165840181800000000000000000000
496.00000000	7600.24374876730000000000000000000000
498.00000000	7679.12826374494500000000000000000000
500.00000000	7755.61345259876300000000000000000000
502.00000000	7829.62501158533450000000000000000000
504.00000000	7901.09594554251600000000000000000000
506.00000000	7969.98972240139000000000000000000000
508.00000000	8036.20648851167800000000000000000000
510.00000000	8099.72404253528750000000000000000000
512.00000000	8160.50317230190900000000000000000000
514.00000000	8218.51121901528900000000000000000000
516.00000000	8273.72190558306300000000000000000000
518.00000000	8324.08061915958600000000000000000000
520.00000000	8370.88985316612200000000000000000000
522.00000000	8415.00304103404600000000000000000000
524.00000000	8456.42085803602800000000000000000000
526.00000000	8495.14878946119300000000000000000000
528.00000000	8531.19692301278900000000000000000000
530.00000000	8564.57973728885200000000000000000000
532.00000000	8595.31588693678900000000000000000000
534.00000000	8623.42798513655200000000000000000000
536.00000000	8648.95985054825400000000000000000000
538.00000000	8671.90560013911800000000000000000000
540.00000000	8692.31668319595200000000000000000000
542.00000000	8710.22934504588700000000000000000000
544.00000000	8725.68268730746600000000000000000000
546.00000000	8738.71844978960900000000000000000000
548.00000000	8749.38079489151800000000000000000000
550.00000000	8757.71609519240700000000000000000000
552.00000000	8763.77272488253800000000000000000000
554.00000000	8767.60085564508500000000000000000000
556.00000000	8769.25225755196500000000000000000000
558.00000000	8768.78010548653400000000000000000000
560.00000000	8766.23879155499300000000000000000000
562.00000000	8761.68374389453500000000000000000000
564.00000000	8745.59797272076300000000000000000000
566.00000000	8695.66746143520300000000000000000000
568.00000000	8644.89118783540800000000000000000000
570.00000000	8593.34092731651000000000000000000000
572.00000000	8541.08573012803000000000000000000000
574.00000000	8488.19193914817900000000000000000000
576.00000000	8434.72504637340900000000000000000000
578.00000000	8380.74160604820600000000000000000000
580.00000000	8326.30268871242700000000000000000000
582.00000000	8271.46414624796300000000000000000000
584.00000000	8216.27932447063500000000000000000000
586.00000000	8160.79911951987000000000000000000000
588.00000000	8105.07203782114400000000000000000000
590.00000000	8049.14425897878800000000000000000000
592.00000000	7993.05970101520600000000000000000000
594.00000000	7936.86008742835100000000000000000000
596.00000000	7880.58501559075100000000000000000000
598.00000000	7824.27202606345500000000000000000000
600.00000000	7767.95667244300600000000000000000000
602.00000000	7711.67259140300200000000000000000000
604.00000000	7655.45157263121600000000000000000000
606.00000000	7599.32362840018900000000000000000000
608.00000000	7543.31706254339800000000000000000000
610.00000000	7487.45853864095300000000000000000000
612.00000000	7431.77314724775500000000000000000000
614.00000000	7376.28447202420600000000000000000000
616.00000000	7321.01465465467900000000000000000000
618.00000000	7265.98445846193400000000000000000000
620.00000000	7211.29590137361800000000000000000000
622.00000000	7158.50366187592300000000000000000000
624.00000000	7106.09570327665500000000000000000000
626.00000000	7054.07999149025400000000000000000000
628.00000000	7002.46383373324100000000000000000000
630.00000000	6951.25391730869700000000000000000000
632.00000000	6900.45634722754300000000000000000000
634.00000000	6850.07668276983600000000000000000000
636.00000000	6800.11997309967100000000000000000000
638.00000000	6750.59079206207200000000000000000000
640.00000000	6701.49327230625500000000000000000000
642.00000000	6652.81623917512500000000000000000000
644.00000000	6604.59269507571300000000000000000000
646.00000000	6556.81090715291800000000000000000000
648.00000000	6509.47357702782000000000000000000000
650.00000000	6462.58313246276400000000000000000000
652.00000000	6416.14176207008200000000000000000000
654.00000000	6370.15145135003150000000000000000000
656.00000000	6324.61402063947750000000000000000000
658.00000000	6279.53116570431400000000000000000000
660.00000000	6234.90450191177600000000000000000000
662.00000000	6190.73561319458600000000000000000000
664.00000000	6147.02610739867850000000000000000000
666.00000000	6103.77768013488000000000000000000000
668.00000000	6060.99219000445700000000000000000000
670.00000000	6018.67174914740600000000000000000000
672.00000000	5976.81883464523800000000000000000000
674.00000000	5935.43642868130900000000000000000000
676.00000000	5894.52819899758900000000000000000000
678.00000000	5854.09873690821900000000000000000000
680.00000000	5814.15387940809100000000000000000000
682.00000000	5774.70115747698800000000000000000000
684.00000000	5735.75043983614900000000000000000000
686.00000000	5697.31489103776600000000000000000000
688.00000000	5659.41245856803100000000000000000000
690.00000000	5623.26979272360200000000000000000000
692.00000000	5588.44899639602700000000000000000000
694.00000000	5554.23367825291500000000000000000000
696.00000000	5520.71767806530400000000000000000000
698.00000000	5488.07334176549700000000000000000000
700.00000000	5456.68931183022400000000000000000000
702.00000000	5428.01050299146100000000000000000000
704.00000000	5393.68283897411950000000000000000000
706.00000000	5353.63519322415500000000000000000000
708.00000000	5315.28403279664300000000000000000000
710.00000000	5277.85196217774800000000000000000000
712.00000000	5241.09868652568400000000000000000000
714.00000000	5204.91143231697000000000000000000000
716.00000000	5169.22609376558650000000000000000000
718.00000000	5134.00173914036700000000000000000000
720.00000000	5099.21005310013000000000000000000000
722.00000000	5064.83024356490200000000000000000000
724.00000000	5030.84631224424100000000000000000000
726.00000000	4997.24547418070500000000000000000000
728.00000000	4964.01718651250700000000000000000000
730.00000000	4931.15252277086500000000000000000000
732.00000000	4898.64375402476800000000000000000000
734.00000000	4866.48405945343500000000000000000000
736.00000000	4834.66732095596000000000000000000000
738.00000000	4803.18797406404200000000000000000000
740.00000000	4772.04089760836200000000000000000000
742.00000000	4741.22133069071700000000000000000000
744.00000000	4710.72480929513400000000000000000000
746.00000000	4680.54711728289100000000000000000000
748.00000000	4650.68424809414000000000000000000000
750.00000000	4621.13237453656500000000000000000000
752.00000000	4591.88782476282200000000000000000000
754.00000000	4562.94706304241300000000000000000000
756.00000000	4534.30667428893300000000000000000000
758.00000000	4505.96335156050600000000000000000000
760.00000000	4477.91388593701600000000000000000000
762.00000000	4450.13509609709600000000000000000000
764.00000000	4422.66413456021100000000000000000000
766.00000000	4395.47791809617600000000000000000000
768.00000000	4368.57356209266100000000000000000000
770.00000000	4341.94825211028550000000000000000000
772.00000000	4315.59924127091200000000000000000000
774.00000000	4289.52384830754300000000000000000000
776.00000000	4264.69788773788150000000000000000000
778.00000000	4240.87550793268100000000000000000000
780.00000000	4217.28653316713550000000000000000000
782.00000000	4193.92918150868200000000000000000000
784.00000000	4170.80172296736150000000000000000000
786.00000000	4147.90248061702200000000000000000000
788.00000000	4125.22983211615300000000000000000000
790.00000000	4102.78221163657600000000000000000000
792.00000000	4080.55811221614930000000000000000000
794.00000000	4058.55608856210260000000000000000000
796.00000000	4036.77476034146800000000000000000000
798.00000000	4015.21281600674100000000000000000000
800.00000000	3993.86901721721230000000000000000000
802.00000000	3972.74220393189300000000000000000000
804.00000000	3951.83130026756700000000000000000000
806.00000000	3931.13532123597630000000000000000000
808.00000000	3910.65338050061150000000000000000000
810.00000000	3890.38469932451500000000000000000000
812.00000000	3870.32861691964260000000000000000000
814.00000000	3850.48460245731670000000000000000000
816.00000000	3830.85226906098600000000000000000000
818.00000000	3811.43139018083870000000000000000000
820.00000000	3792.22191885169740000000000000000000
822.00000000	3773.22401046655570000000000000000000
824.00000000	3754.43804987058200000000000000000000
826.00000000	3735.86468380967430000000000000000000
828.00000000	3717.50486007327850000000000000000000
830.00000000	3699.35987508822400000000000000000000
832.00000000	3681.43143229181940000000000000000000
834.00000000	3663.72171441139400000000000000000000
836.00000000	3646.23347390781370000000000000000000
838.00000000	3628.97014747213640000000000000000000
840.00000000	3611.93600285907200000000000000000000
842.00000000	3595.13632993689450000000000000000000
844.00000000	3578.57769335492500000000000000000000
846.00000000	3562.26827294294200000000000000000000
848.00000000	3546.21833212250070000000000000000000
850.00000000	3530.44087845161800000000000000000000
852.00000000	3514.95262218740530000000000000000000
854.00000000	3499.77541541996470000000000000000000
856.00000000	3484.93850316868700000000000000000000
858.00000000	3470.48222704877030000000000000000000
860.00000000	3456.46452107971900000000000000000000
862.00000000	3442.97330002871740000000000000000000
864.00000000	3430.15297211339000000000000000000000
866.00000000	3418.27175581058050000000000000000000
868.00000000	3407.94998713934270000000000000000000
870.00000000	3401.72331954657900000000000000000000
872.00000000	3377.35052225459400000000000000000000
874.00000000	3349.85538488052100000000000000000000
876.00000000	3325.35761035036060000000000000000000
878.00000000	3302.30124387952040000000000000000000
880.00000000	3280.17363305678460000000000000000000
882.00000000	3258.72886227360550000000000000000000
884.00000000	3237.82607399927300000000000000000000
886.00000000	3216.97920511790330000000000000000000
888.00000000	3195.09623172416560000000000000000000
890.00000000	3173.60114980057300000000000000000000
892.00000000	3152.45875689989230000000000000000000
894.00000000	3131.64149408825640000000000000000000
896.00000000	3111.12720312946600000000000000000000
898.00000000	3090.89766762055250000000000000000000
900.00000000	3070.93762698341740000000000000000000
902.00000000	3051.23408839104150000000000000000000
904.00000000	3031.77583340478400000000000000000000
906.00000000	3012.55305588565700000000000000000000
908.00000000	2993.55709081478400000000000000000000
910.00000000	2974.78020755796930000000000000000000
912.00000000	2956.21544976213950000000000000000000
914.00000000	2937.85650961396140000000000000000000
916.00000000	2919.69762783483300000000000000000000
918.00000000	2901.73351323549150000000000000000000
920.00000000	2883.95927733206740000000000000000000
922.00000000	2866.37038070184600000000000000000000
924.00000000	2848.96258858759530000000000000000000
926.00000000	2831.73193386379850000000000000000000
928.00000000	2814.67468591508940000000000000000000
930.00000000	2797.78732430478100000000000000000000
932.00000000	2781.06651635387830000000000000000000
934.00000000	2764.50909793690300000000000000000000
936.00000000	2748.11205694099400000000000000000000
938.00000000	2731.87251894506470000000000000000000
940.00000000	2715.78773475977400000000000000000000
942.00000000	2699.85506953636500000000000000000000
944.00000000	2684.07199320521400000000000000000000
946.00000000	2668.43607204690850000000000000000000
948.00000000	2652.94496123215300000000000000000000
950.00000000	2637.59639819487440000000000000000000
952.00000000	2622.38819672391700000000000000000000
954.00000000	2607.31824167796050000000000000000000
956.00000000	2592.38448424176800000000000000000000
958.00000000	2577.58493765620500000000000000000000
960.00000000	2562.91767336202470000000000000000000
962.00000000	2548.38081750825400000000000000000000
964.00000000	2533.97254778105660000000000000000000
966.00000000	2519.69109051729540000000000000000000
968.00000000	2505.53471806930000000000000000000000
970.00000000	2491.50174639366500000000000000000000
972.00000000	2477.59053283999000000000000000000000
974.00000000	2463.79947411767670000000000000000000
976.00000000	2450.12700442313500000000000000000000
978.00000000	2436.57159371031700000000000000000000
980.00000000	2423.13174609083300000000000000000000
982.00000000	2409.80599835081330000000000000000000
984.00000000	2396.59291857328840000000000000000000
986.00000000	2383.49110485616400000000000000000000
988.00000000	2370.49918411736830000000000000000000
990.00000000	2357.61581097868980000000000000000000
992.00000000	2344.83966672194630000000000000000000
994.00000000	2332.16945831072600000000000000000000
996.00000000	2319.60391747246060000000000000000000
998.00000000	2307.14179983580560000000000000000000
1000.00000000	2294.78188411810900000000000000000000
1002.00000000	2282.52297136028500000000000000000000
1004.00000000	2270.36388420366900000000000000000000
1006.00000000	2258.30346620731500000000000000000000
1008.00000000	2246.34058120094050000000000000000000
1010.00000000	2234.47411267256080000000000000000000
1012.00000000	2222.70296318665400000000000000000000
1014.00000000	2211.02605383209000000000000000000000
1016.00000000	2199.44232369648030000000000000000000
1018.00000000	2187.95072936616600000000000000000000
1020.00000000	2176.55024444906030000000000000000000
1022.00000000	2165.23985912005600000000000000000000
1024.00000000	2154.01857968597460000000000000000000
1026.00000000	2142.88542817022400000000000000000000
1028.00000000	2131.83944191528460000000000000000000
1030.00000000	2120.87967320141340000000000000000000
1032.00000000	2110.00518888168650000000000000000000
1034.00000000	2099.15093575976470000000000000000000
1036.00000000	2088.32358996231370000000000000000000
1038.00000000	2077.57797591931060000000000000000000
1040.00000000	2066.91325113014730000000000000000000
1042.00000000	2056.32858543775050000000000000000000
1044.00000000	2045.82316074167080000000000000000000
1046.00000000	2035.39617072136700000000000000000000
1048.00000000	2025.04682057055400000000000000000000
1050.00000000	2014.77432674077320000000000000000000
1052.00000000	2004.57791669455080000000000000000000
1054.00000000	1994.45682866737930000000000000000000
1056.00000000	1984.41031143763210000000000000000000
1058.00000000	1974.43762410483600000000000000000000
1060.00000000	1964.53803587529400000000000000000000
1062.00000000	1954.71082585460450000000000000000000
1064.00000000	1944.95528284725560000000000000000000
1066.00000000	1935.27070516254160000000000000000000
1068.00000000	1925.65640042671000000000000000000000
1070.00000000	1916.11168540080330000000000000000000
1072.00000000	1906.63588580416850000000000000000000
1074.00000000	1897.22833614358460000000000000000000
1076.00000000	1887.88837954683660000000000000000000
1078.00000000	1878.61536760181730000000000000000000
1080.00000000	1869.40866020010780000000000000000000
1082.00000000	1860.26762538453270000000000000000000
1084.00000000	1851.19163920182590000000000000000000
1086.00000000	1842.18008555881990000000000000000000
1088.00000000	1833.23235608245270000000000000000000
1090.00000000	1824.34784998428930000000000000000000
1092.00000000	1815.52597392766570000000000000000000
1094.00000000	1806.76614189911450000000000000000000
1096.00000000	1798.06777508264170000000000000000000
1098.00000000	1789.43030173752620000000000000000000
1100.00000000	1780.85315707909420000000000000000000
1102.00000000	1772.33578316220970000000000000000000
1104.00000000	1763.87762876822720000000000000000000
1106.00000000	1755.47814929405290000000000000000000
1108.00000000	1747.13680664434790000000000000000000
1110.00000000	1738.85306912606460000000000000000000
1112.00000000	1730.62641134553770000000000000000000
1114.00000000	1722.45631410783000000000000000000000
1116.00000000	1714.34226431876750000000000000000000
1118.00000000	1706.28375488870140000000000000000000
1120.00000000	1698.28028463881580000000000000000000
1122.00000000	1690.33135820936500000000000000000000
1124.00000000	1682.43648596989780000000000000000000
1126.00000000	1674.59518393163760000000000000000000
1128.00000000	1666.80697366151120000000000000000000
1130.00000000	1659.07138219808900000000000000000000
1132.00000000	1651.38794196946950000000000000000000
1134.00000000	1643.75619071261620000000000000000000
1136.00000000	1636.17567139467680000000000000000000
1138.00000000	1628.64593213554620000000000000000000
1140.00000000	1621.16652613238380000000000000000000
1142.00000000	1613.73701158550700000000000000000000
1144.00000000	1606.35695162551680000000000000000000
1146.00000000	1599.02591424248200000000000000000000
1148.00000000	1591.74347221576890000000000000000000
1150.00000000	1584.50920304594460000000000000000000
1152.00000000	1577.32268888741300000000000000000000
1154.00000000	1570.18351648274670000000000000000000
1156.00000000	1563.09127709813600000000000000000000
1158.00000000	1556.04556645997260000000000000000000
1160.00000000	1549.04598469273240000000000000000000
1162.00000000	1542.09213625803820000000000000000000
1164.00000000	1535.18362989477000000000000000000000
1166.00000000	1528.32007856028030000000000000000000
1168.00000000	1521.50109937269920000000000000000000
1170.00000000	1514.72631355430240000000000000000000
1172.00000000	1507.99534637588520000000000000000000
1174.00000000	1501.30782710210590000000000000000000
1176.00000000	1494.66338893785040000000000000000000
1178.00000000	1488.06166897546270000000000000000000
1180.00000000	1481.50230814295760000000000000000000
1182.00000000	1474.98495115309400000000000000000000
1184.00000000	1468.50924645341300000000000000000000
1186.00000000	1462.07484617699720000000000000000000
1188.00000000	1455.68140609423700000000000000000000
1190.00000000	1449.32858556511470000000000000000000
1192.00000000	1443.01604749277680000000000000000000
1194.00000000	1436.74345827743300000000000000000000
1196.00000000	1430.51048777113150000000000000000000
1198.00000000	1424.31680923356660000000000000000000
1200.00000000	1418.16209928809780000000000000000000
1202.00000000	1412.04603787907290000000000000000000
1204.00000000	1405.96830822935070000000000000000000
1206.00000000	1399.92859679885400000000000000000000
1208.00000000	1393.92659324343460000000000000000000
1210.00000000	1387.96199037494630000000000000000000
1212.00000000	1382.03448412127020000000000000000000
1214.00000000	1376.14377348756900000000000000000000
1216.00000000	1370.28956051780350000000000000000000
1218.00000000	1364.47155025698250000000000000000000
1220.00000000	1358.68945071394640000000000000000000
1222.00000000	1352.94297282480260000000000000000000
1224.00000000	1347.23183041684520000000000000000000
1226.00000000	1341.55574017316050000000000000000000
1228.00000000	1335.91442159749450000000000000000000
1230.00000000	1330.30759697999840000000000000000000
1232.00000000	1324.73499136335390000000000000000000
1234.00000000	1319.19633250927100000000000000000000
1236.00000000	1313.69135086576470000000000000000000
1238.00000000	1308.21977953455400000000000000000000
1240.00000000	1302.79654991358000000000000000000000
1242.00000000	1297.54092795351970000000000000000000
1244.00000000	1292.31426665343860000000000000000000
1246.00000000	1287.11636656059230000000000000000000
1248.00000000	1281.94702990839600000000000000000000
1250.00000000	1276.80606059829140000000000000000000
1252.00000000	1271.69326418182820000000000000000000
1254.00000000	1266.60844784295750000000000000000000
1256.00000000	1261.55142038035750000000000000000000
1258.00000000	1256.52199219054900000000000000000000
1260.00000000	1251.51997525069760000000000000000000
1262.00000000	1246.54518310199800000000000000000000
1264.00000000	1241.59743083329840000000000000000000
1266.00000000	1236.67653506474560000000000000000000
1268.00000000	1231.78231393187100000000000000000000
1270.00000000	1226.91458706983490000000000000000000
1272.00000000	1222.07317559772580000000000000000000
1274.00000000	1217.25790210345420000000000000000000
1276.00000000	1212.46859062849100000000000000000000
1278.00000000	1207.70506665305670000000000000000000
1280.00000000	1202.96715708131750000000000000000000
1282.00000000	1198.25469022696640000000000000000000
1284.00000000	1193.56749579889880000000000000000000
1286.00000000	1188.90540488709920000000000000000000
1288.00000000	1184.26824994863140000000000000000000
1290.00000000	1179.65586479423430000000000000000000
1292.00000000	1175.06808457425250000000000000000000
1294.00000000	1170.50474576575330000000000000000000
1296.00000000	1165.96568615902790000000000000000000
1298.00000000	1161.45074484476160000000000000000000
1300.00000000	1156.95976220100170000000000000000000
1302.00000000	1152.49257988057140000000000000000000
1304.00000000	1148.04904079864470000000000000000000
1306.00000000	1143.62898912021680000000000000000000
1308.00000000	1139.23227024797500000000000000000000
1310.00000000	1134.85873081022030000000000000000000
1312.00000000	1130.50821864907500000000000000000000
1314.00000000	1126.18058280863760000000000000000000
1316.00000000	1121.87567352343800000000000000000000
1318.00000000	1117.59334220689360000000000000000000
1320.00000000	1113.33344144016090000000000000000000
1322.00000000	1109.09582496082130000000000000000000
1324.00000000	1104.88034765193360000000000000000000
1326.00000000	1100.68686553110140000000000000000000
1328.00000000	1096.51523573970900000000000000000000
1330.00000000	1092.36531653229710000000000000000000
1332.00000000	1088.23696726609020000000000000000000
1334.00000000	1084.13004839053200000000000000000000
1336.00000000	1080.04442143715960000000000000000000
1338.00000000	1075.97994900928730000000000000000000
1340.00000000	1071.93649477228300000000000000000000
1342.00000000	1067.91392344333530000000000000000000
1344.00000000	1063.91210078190400000000000000000000
1346.00000000	1059.93089358003640000000000000000000
1348.00000000	1055.97016965273950000000000000000000
1350.00000000	1052.02979782867500000000000000000000
1352.00000000	1048.10964794055700000000000000000000
1354.00000000	1044.20959081634080000000000000000000
1356.00000000	1040.32949826983330000000000000000000
1358.00000000	1036.46924309162070000000000000000000
1360.00000000	1032.62869904038710000000000000000000
1362.00000000	1028.80774083408370000000000000000000
1364.00000000	1025.00624414099870000000000000000000
1366.00000000	1021.22408557138740000000000000000000
1368.00000000	1017.46114266892930000000000000000000
1370.00000000	1013.71729390213160000000000000000000
1372.00000000	1009.99241865627700000000000000000000
1374.00000000	1006.28639722503260000000000000000000
1376.00000000	1002.59911080225520000000000000000000
1378.00000000	998.98275159085460000000000000000000
1380.00000000	995.56534218938600000000000000000000
1382.00000000	992.16203663706530000000000000000000
1384.00000000	988.77276880243350000000000000000000
1386.00000000	985.39747292932730000000000000000000
1388.00000000	982.03608363380700000000000000000000
1390.00000000	978.68853590086770000000000000000000
1392.00000000	975.35476508125760000000000000000000
1394.00000000	972.03470688828900000000000000000000
1396.00000000	968.72829739499340000000000000000000
1398.00000000	965.43547303070410000000000000000000
1400.00000000	962.15617057839450000000000000000000
1402.00000000	958.89032717145360000000000000000000
1404.00000000	955.63788029102160000000000000000000
1406.00000000	952.39876776289530000000000000000000
1408.00000000	949.17292775482010000000000000000000
1410.00000000	945.96029877366680000000000000000000
1412.00000000	942.76081966269400000000000000000000
1414.00000000	939.57442959875970000000000000000000
1416.00000000	936.40106808975160000000000000000000
1418.00000000	933.24067497179850000000000000000000
1420.00000000	930.09319040687270000000000000000000
1422.00000000	926.95855488003900000000000000000000
1424.00000000	923.83670919696170000000000000000000
1426.00000000	920.72759448138970000000000000000000
1428.00000000	917.63115217287940000000000000000000
1430.00000000	914.54732402396350000000000000000000
1432.00000000	911.47605209818950000000000000000000
1434.00000000	908.41727876736460000000000000000000
1436.00000000	905.37094670957210000000000000000000
1438.00000000	902.33699890655030000000000000000000
1440.00000000	899.31537864150780000000000000000000
1442.00000000	896.30602949707340000000000000000000
1444.00000000	893.30889535276830000000000000000000
1446.00000000	890.32392038299050000000000000000000
1448.00000000	887.35104905482400000000000000000000
1450.00000000	884.39022612587090000000000000000000
1452.00000000	881.44139664215190000000000000000000
1454.00000000	878.50450593608170000000000000000000
1456.00000000	875.57949962426530000000000000000000
1458.00000000	872.66632360562400000000000000000000
1460.00000000	869.76492405926890000000000000000000
1462.00000000	866.87524744255980000000000000000000
1464.00000000	863.99724048921940000000000000000000
1466.00000000	861.13085020729420000000000000000000
1468.00000000	858.27602387722290000000000000000000
1470.00000000	855.43270905000870000000000000000000
1472.00000000	852.60085354535850000000000000000000
1474.00000000	849.78040544993530000000000000000000
1476.00000000	846.97131311516450000000000000000000
1478.00000000	844.17352515590360000000000000000000
1480.00000000	841.38699044835150000000000000000000
1482.00000000	838.61165812835510000000000000000000
1484.00000000	835.84747758971150000000000000000000
1486.00000000	833.09439848246440000000000000000000
1488.00000000	830.35237071105260000000000000000000
1490.00000000	827.62134443289070000000000000000000
1492.00000000	824.90127005639950000000000000000000
1494.00000000	822.19209823958720000000000000000000
1496.00000000	819.49377988839110000000000000000000
1498.00000000	816.80626615492760000000000000000000
1500.00000000	814.12950843601420000000000000000000
1502.00000000	811.46345837164350000000000000000000
1504.00000000	808.80806784328300000000000000000000
1506.00000000	806.16328897245910000000000000000000
1508.00000000	803.52907411918180000000000000000000
1510.00000000	800.90537588040200000000000000000000
1512.00000000	798.29214708859740000000000000000000
1514.00000000	795.68934081022440000000000000000000
1516.00000000	793.09691034434600000000000000000000
1518.00000000	790.51480922104960000000000000000000
1520.00000000	787.94299120012270000000000000000000
1522.00000000	785.38141026965060000000000000000000
1524.00000000	782.83002064448830000000000000000000
1526.00000000	780.28877676504490000000000000000000
1528.00000000	777.75763329572410000000000000000000
1530.00000000	775.23654512376330000000000000000000
1532.00000000	772.72546735770120000000000000000000
1534.00000000	770.22435532614090000000000000000000
1536.00000000	767.73316457644960000000000000000000
1538.00000000	765.25185087338530000000000000000000
1540.00000000	762.78037019783110000000000000000000
1542.00000000	760.31867874551280000000000000000000
1544.00000000	757.86673292568470000000000000000000
1546.00000000	755.42448936007790000000000000000000
1548.00000000	752.99190488124550000000000000000000
1550.00000000	750.55061531820730000000000000000000
1552.00000000	747.98866328322750000000000000000000
1554.00000000	745.43274404213590000000000000000000
1556.00000000	742.88286446708120000000000000000000
1558.00000000	740.33903131154360000000000000000000
1560.00000000	737.80125120884970000000000000000000
1562.00000000	735.26953067133900000000000000000000
1564.00000000	732.74387608909470000000000000000000
1566.00000000	730.22429372879890000000000000000000
1568.00000000	727.71078973299800000000000000000000
1570.00000000	725.20337011870690000000000000000000
1572.00000000	722.70204077677190000000000000000000
1574.00000000	720.20680747079110000000000000000000
1576.00000000	717.71767583618010000000000000000000
1578.00000000	715.23465137942390000000000000000000
1580.00000000	712.75773947719430000000000000000000
1582.00000000	710.28694537551230000000000000000000
1584.00000000	707.82227418902050000000000000000000
1586.00000000	705.36373090024470000000000000000000
1588.00000000	702.91132035890860000000000000000000
1590.00000000	700.46504728122470000000000000000000
1592.00000000	698.02491624930700000000000000000000
1594.00000000	695.59093171050720000000000000000000
1596.00000000	693.16309797683600000000000000000000
1598.00000000	690.74141922441830000000000000000000
1600.00000000	688.32589949306120000000000000000000
1602.00000000	685.91654268565650000000000000000000
1604.00000000	683.51335256773620000000000000000000
1606.00000000	681.11633276704840000000000000000000
1608.00000000	678.72548677317370000000000000000000
1610.00000000	676.34081793715510000000000000000000
1612.00000000	673.96232947106450000000000000000000
1614.00000000	671.59002444788930000000000000000000
1616.00000000	669.22390580089000000000000000000000
1618.00000000	666.86397632365080000000000000000000
1620.00000000	664.51023866970120000000000000000000
1622.00000000	662.16269535232120000000000000000000
1624.00000000	659.82134874435000000000000000000000
1626.00000000	657.48620107799260000000000000000000
1628.00000000	655.15725444469110000000000000000000
1630.00000000	652.83451079504860000000000000000000
1632.00000000	650.51797193873740000000000000000000
1634.00000000	648.20763954430750000000000000000000
1636.00000000	645.90351513931190000000000000000000
1638.00000000	643.60560011016040000000000000000000
1640.00000000	641.31389570220230000000000000000000
1642.00000000	639.02840301969250000000000000000000
1644.00000000	636.74912302597260000000000000000000
1646.00000000	634.47605654321090000000000000000000
1648.00000000	632.20920425289670000000000000000000
1650.00000000	629.94856669565370000000000000000000
1652.00000000	627.69414427157620000000000000000000
1654.00000000	625.44593724015670000000000000000000
1656.00000000	623.20394572079760000000000000000000
1658.00000000	620.96816969257550000000000000000000
1660.00000000	618.73860899481110000000000000000000
1662.00000000	616.51526332713090000000000000000000
1664.00000000	614.29813224973090000000000000000000
1666.00000000	612.08721518369450000000000000000000
1668.00000000	609.88251141124200000000000000000000
1670.00000000	607.68402007609520000000000000000000
1672.00000000	605.49174018370910000000000000000000
1674.00000000	603.30567060159000000000000000000000
1676.00000000	601.12581005992520000000000000000000
1678.00000000	598.95215715158190000000000000000000
1680.00000000	596.78471033274170000000000000000000
1682.00000000	594.62346792328610000000000000000000
1684.00000000	592.46842810704030000000000000000000
1686.00000000	590.31958893254160000000000000000000
1688.00000000	588.17694831320920000000000000000000
1690.00000000	586.04050402784890000000000000000000
1692.00000000	583.91025372133190000000000000000000
1694.00000000	581.78619490492160000000000000000000
1696.00000000	579.66832495675910000000000000000000
1698.00000000	577.55664112254620000000000000000000
1700.00000000	575.45114051606210000000000000000000
1702.00000000	573.35182011946530000000000000000000
1704.00000000	571.25867678426580000000000000000000
1706.00000000	569.17170723158480000000000000000000
1708.00000000	567.09090805292340000000000000000000
1710.00000000	565.01627571064140000000000000000000
1712.00000000	562.94780653878770000000000000000000
1714.00000000	560.88549674334150000000000000000000
1716.00000000	558.82934240342840000000000000000000
1718.00000000	556.77933947130370000000000000000000
1720.00000000	554.73548377358380000000000000000000
1722.00000000	552.69777101161760000000000000000000
1724.00000000	550.66619676222510000000000000000000
1726.00000000	548.64075647850250000000000000000000
1728.00000000	546.62144549036930000000000000000000
1730.00000000	544.60825900524550000000000000000000
1732.00000000	542.60119210913010000000000000000000
1734.00000000	540.60023976686220000000000000000000
1736.00000000	538.60539682321340000000000000000000
1738.00000000	536.61665800345370000000000000000000
1740.00000000	534.63401791415410000000000000000000
1742.00000000	532.65747104399210000000000000000000
1744.00000000	530.68701176448250000000000000000000
1746.00000000	528.72263433081540000000000000000000
1748.00000000	526.76433288252260000000000000000000
1750.00000000	524.81210144446660000000000000000000
1752.00000000	522.86593392746430000000000000000000
1754.00000000	520.92582412919560000000000000000000
1756.00000000	518.99176573496050000000000000000000
1758.00000000	517.06375231855330000000000000000000
1760.00000000	515.14177734316310000000000000000000
1762.00000000	513.22583416194370000000000000000000
1764.00000000	511.31591601924760000000000000000000
1766.00000000	509.41201605109495000000000000000000
1768.00000000	507.51412728619067000000000000000000
1770.00000000	505.62224264691577000000000000000000
1772.00000000	503.92751645654033000000000000000000
1774.00000000	502.49136635214860000000000000000000
1776.00000000	501.05798704010000000000000000000000
1778.00000000	499.62737658943190000000000000000000
1780.00000000	498.19953308307646000000000000000000
1782.00000000	496.77445461725500000000000000000000
1784.00000000	495.35213930131370000000000000000000
1786.00000000	493.93258525712764000000000000000000
1788.00000000	492.51579061883570000000000000000000
1790.00000000	491.10175353243500000000000000000000
1792.00000000	489.69047215527240000000000000000000
1794.00000000	488.28194465577405000000000000000000
1796.00000000	486.87616921309376000000000000000000
1798.00000000	485.47314401649860000000000000000000
1800.00000000	484.07286726530833000000000000000000
1802.00000000	482.67533716841297000000000000000000
1804.00000000	481.28055194370930000000000000000000
1806.00000000	479.88850981803920000000000000000000
1808.00000000	478.49920902668570000000000000000000
1810.00000000	477.11264781292806000000000000000000
1812.00000000	475.72882442794510000000000000000000
1814.00000000	474.34773713015710000000000000000000
1816.00000000	472.96938418514220000000000000000000
1818.00000000	471.59376386522996000000000000000000
1820.00000000	470.22087444899830000000000000000000
1822.00000000	468.85071422121257000000000000000000
1824.00000000	467.48328147225790000000000000000000
1826.00000000	466.11857449806380000000000000000000
1828.00000000	464.75659159948253000000000000000000
1830.00000000	463.39733108222630000000000000000000
1832.00000000	462.04079125646200000000000000000000
1834.00000000	460.68697043646780000000000000000000
1836.00000000	459.33586694036927000000000000000000
1838.00000000	457.98747908982500000000000000000000
1840.00000000	456.64180520985127000000000000000000
1842.00000000	455.29884362820576000000000000000000
1844.00000000	453.95859267546814000000000000000000
1846.00000000	452.62105068455150000000000000000000
1848.00000000	451.28621599041710000000000000000000
1850.00000000	449.95408692989830000000000000000000
1852.00000000	448.62466184125617000000000000000000
1854.00000000	447.29793906418416000000000000000000
1856.00000000	445.97391693921570000000000000000000
1858.00000000	444.65259380762853000000000000000000
1860.00000000	443.33396801128015000000000000000000
1862.00000000	442.01803789205040000000000000000000
1864.00000000	440.70480179197540000000000000000000
1866.00000000	439.39425805257576000000000000000000
1868.00000000	438.08640501495984000000000000000000
1870.00000000	436.78124101939950000000000000000000
1872.00000000	435.47876440518587000000000000000000
1874.00000000	434.17897351017210000000000000000000
1876.00000000	432.88186667084710000000000000000000
1878.00000000	431.58744222192786000000000000000000
1880.00000000	430.29569849610556000000000000000000
1882.00000000	429.00663382385560000000000000000000
1884.00000000	427.72024653329240000000000000000000
1886.00000000	426.43653494988060000000000000000000
1888.00000000	425.15549739616260000000000000000000
1890.00000000	423.87713219166795000000000000000000
1892.00000000	422.60143765266866000000000000000000
1894.00000000	421.32841209175206000000000000000000
1896.00000000	420.05805381808480000000000000000000
1898.00000000	418.79036113674954000000000000000000
1900.00000000	417.52533234873370000000000000000000
1902.00000000	416.26296575085220000000000000000000
1904.00000000	415.00325963533675000000000000000000
1906.00000000	413.74621228974354000000000000000000
1908.00000000	412.49182199689955000000000000000000
1910.00000000	411.24008703441100000000000000000000
1912.00000000	409.99100567474410000000000000000000
1914.00000000	408.74457618498946000000000000000000
1916.00000000	407.50079682662500000000000000000000
1918.00000000	406.25966585541780000000000000000000
1920.00000000	405.02118152119306000000000000000000
1922.00000000	403.78534206761010000000000000000000
1924.00000000	402.55214573231126000000000000000000
1926.00000000	401.32159074629874000000000000000000
1928.00000000	400.09367533417310000000000000000000
1930.00000000	398.86839771365210000000000000000000
1932.00000000	397.64575609575274000000000000000000
1934.00000000	396.42574868437674000000000000000000
1936.00000000	395.20837367631020000000000000000000
1938.00000000	393.99362926091380000000000000000000
1940.00000000	392.78151362024823000000000000000000
1942.00000000	391.57202492872920000000000000000000
1944.00000000	390.36516135294670000000000000000000
1946.00000000	389.16092105175200000000000000000000
1948.00000000	387.95930217593970000000000000000000
1950.00000000	386.76030286819460000000000000000000
1952.00000000	385.56392126295300000000000000000000
1954.00000000	384.37015548628113000000000000000000
1956.00000000	383.17900365571510000000000000000000
1958.00000000	381.99046388024277000000000000000000
1960.00000000	380.80453426008273000000000000000000
1962.00000000	379.62121288658267000000000000000000
1964.00000000	378.44049784221390000000000000000000
1966.00000000	377.26238720029187000000000000000000
1968.00000000	376.08687902497826000000000000000000
1970.00000000	374.91397137124330000000000000000000
1972.00000000	373.74366228457890000000000000000000
1974.00000000	372.57594980104744000000000000000000
1976.00000000	371.41083194712866000000000000000000
1978.00000000	370.24830673959224000000000000000000
1980.00000000	369.08837218550790000000000000000000
1982.00000000	367.93102628209650000000000000000000
1984.00000000	366.77626701655110000000000000000000
1986.00000000	365.62409236611260000000000000000000
1988.00000000	364.47450029787240000000000000000000
1990.00000000	363.32748876876275000000000000000000
1992.00000000	362.18305572537070000000000000000000
1994.00000000	361.04119910403847000000000000000000
1996.00000000	359.90191683059550000000000000000000
1998.00000000	358.76520682036690000000000000000000
2000.00000000	357.63106697817045000000000000000000
