100.00000000	-754.78102418320620000000000000000000
102.00000000	-668.44558942439640000000000000000000
104.00000000	-605.90286619909900000000000000000000
106.00000000	-573.09000044463360000000000000000000
108.00000000	-540.07715929973050000000000000000000
110.00000000	-507.27950154237810000000000000000000
112.00000000	-475.01056712595280000000000000000000
114.00000000	-449.42698697533143000000000000000000
116.00000000	-428.24683126904530000000000000000000
118.00000000	-408.27311075389133000000000000000000
120.00000000	-389.35681938635025000000000000000000
122.00000000	-371.48127052360220000000000000000000
124.00000000	-354.44612311395420000000000000000000
126.00000000	-325.38595440752374000000000000000000
128.00000000	-298.71334976388800000000000000000000
130.00000000	-274.18527123566514000000000000000000
132.00000000	-251.58738315049180000000000000000000
134.00000000	-230.73077673609475000000000000000000
136.00000000	-211.44897724921066000000000000000000
138.00000000	-194.33864933479566000000000000000000
140.00000000	-183.55720568465920000000000000000000
142.00000000	-173.45009324968876000000000000000000
144.00000000	-163.96807590755750000000000000000000
146.00000000	-155.06745372518992000000000000000000
148.00000000	-146.70939790606520000000000000000000
150.00000000	-138.85936519206194000000000000000000
152.00000000	-131.48658160585762000000000000000000
154.00000000	-124.56358638576039000000000000000000
156.00000000	-119.09162525290807000000000000000000
158.00000000	-114.90863408667451000000000000000000
160.00000000	-110.95263810996710000000000000000000
162.00000000	-107.23705159936532000000000000000000
164.00000000	-103.75527101184318000000000000000000
166.00000000	-100.50114772847617000000000000000000
168.00000000	-97.46887981737697000000000000000000
170.00000000	-94.65290574327612000000000000000000
172.00000000	-92.04779861505183000000000000000000
174.00000000	-89.64815959457358000000000000000000
176.00000000	-87.44850909172277000000000000000000
178.00000000	-90.56469884217371000000000000000000
180.00000000	-99.90070838229740000000000000000000
182.00000000	-108.87142904469640000000000000000000
184.00000000	-109.90812354205674000000000000000000
186.00000000	-109.64638504217427000000000000000000
188.00000000	-111.02646219555730000000000000000000
190.00000000	-129.66311967168713000000000000000000
192.00000000	-147.44207915695668000000000000000000
194.00000000	-163.75381120997264000000000000000000
196.00000000	-175.46120468528093000000000000000000
198.00000000	-186.65309184232507000000000000000000
200.00000000	-197.14740303192900000000000000000000
202.00000000	-195.17721966510930000000000000000000
204.00000000	-193.34319801860266000000000000000000
206.00000000	-191.60790303129932000000000000000000
208.00000000	-199.60909146317817000000000000000000
210.00000000	-211.49249624503372000000000000000000
212.00000000	-222.63429816552943000000000000000000
214.00000000	-234.10690678170250000000000000000000
216.00000000	-252.55192975178815000000000000000000
218.00000000	-269.74376801236514000000000000000000
220.00000000	-285.64149383425615000000000000000000
222.00000000	-297.64956004162946000000000000000000
224.00000000	-302.64628428972250000000000000000000
226.00000000	-306.49832760390690000000000000000000
228.00000000	-309.08664147667270000000000000000000
230.00000000	-309.23485886695150000000000000000000
232.00000000	-303.86342716059710000000000000000000
234.00000000	-296.85918824410770000000000000000000
236.00000000	-287.93656368667075000000000000000000
238.00000000	-276.68635915347136000000000000000000
240.00000000	-262.29298256396590000000000000000000
242.00000000	-243.78966634190408000000000000000000
244.00000000	-219.55959980237694000000000000000000
246.00000000	-186.89948013100783000000000000000000
248.00000000	-141.17583208979596000000000000000000
250.00000000	-61.49525632450929000000000000000000
252.00000000	44.24361458187278400000000000000000
254.00000000	176.16005295244736000000000000000000
256.00000000	318.49794488829880000000000000000000
258.00000000	445.75793896037936000000000000000000
260.00000000	545.94009936480880000000000000000000
262.00000000	621.61103104186950000000000000000000
264.00000000	683.84081676813990000000000000000000
266.00000000	743.03695231575060000000000000000000
268.00000000	805.98861791123690000000000000000000
270.00000000	880.69425872592570000000000000000000
272.00000000	977.95707386047510000000000000000000
274.00000000	1080.74020354804070000000000000000000
276.00000000	1185.49396801924950000000000000000000
278.00000000	1288.48333680897330000000000000000000
280.00000000	1386.83294684458160000000000000000000
282.00000000	1478.70123987525000000000000000000000
284.00000000	1561.67819379871600000000000000000000
286.00000000	1637.66658249078480000000000000000000
288.00000000	1707.33453337963990000000000000000000
290.00000000	1771.44255754016850000000000000000000
292.00000000	1830.71332719549170000000000000000000
294.00000000	1885.78397470860300000000000000000000
296.00000000	1941.54982580060160000000000000000000
298.00000000	2000.57874313482100000000000000000000
300.00000000	2056.74888537006300000000000000000000
302.00000000	2110.24967382241540000000000000000000
304.00000000	2161.25399204249330000000000000000000
306.00000000	2209.91890422582630000000000000000000
308.00000000	2256.40169574306000000000000000000000
310.00000000	2300.98494424661980000000000000000000
312.00000000	2349.09040175315750000000000000000000
314.00000000	2395.03872934007200000000000000000000
316.00000000	2438.93816736522830000000000000000000
318.00000000	2480.89731378686500000000000000000000
320.00000000	2521.02283761763100000000000000000000
322.00000000	2559.41757596799470000000000000000000
324.00000000	2596.17326572737900000000000000000000
326.00000000	2631.39179897696660000000000000000000
328.00000000	2661.31970602122100000000000000000000
330.00000000	2689.31457464305640000000000000000000
332.00000000	2716.03240682032670000000000000000000
334.00000000	2741.53684714625600000000000000000000
336.00000000	2765.88149856893460000000000000000000
338.00000000	2789.10230834396730000000000000000000
340.00000000	2811.24773232892680000000000000000000
342.00000000	2832.33462875145200000000000000000000
344.00000000	2852.37772069236460000000000000000000
346.00000000	2871.24819465711000000000000000000000
348.00000000	2889.02586219665730000000000000000000
350.00000000	2905.72630415521870000000000000000000
352.00000000	2921.35659269961840000000000000000000
354.00000000	2935.89492054939230000000000000000000
356.00000000	2949.32886114579830000000000000000000
358.00000000	2961.65158245299700000000000000000000
360.00000000	2972.85827927524100000000000000000000
362.00000000	2982.99435052847800000000000000000000
364.00000000	2992.10758870909830000000000000000000
366.00000000	3006.43907291846500000000000000000000
368.00000000	3022.76240652472200000000000000000000
370.00000000	3038.33722077594200000000000000000000
372.00000000	3053.52036302392300000000000000000000
374.00000000	3068.73880893720930000000000000000000
376.00000000	3084.52855279968100000000000000000000
378.00000000	3101.50298891541300000000000000000000
380.00000000	3120.29777476245500000000000000000000
382.00000000	3141.54633677129550000000000000000000
384.00000000	3165.73253600442300000000000000000000
386.00000000	3193.15140231619760000000000000000000
388.00000000	3224.01293452567370000000000000000000
390.00000000	3258.49410718448100000000000000000000
392.00000000	3295.76683218410650000000000000000000
394.00000000	3335.19525104802370000000000000000000
396.00000000	3376.07077125293000000000000000000000
398.00000000	3417.70467890520330000000000000000000
400.00000000	3459.54937034657270000000000000000000
402.00000000	3501.19651554289900000000000000000000
404.00000000	3542.44086764398400000000000000000000
406.00000000	3583.27189663352900000000000000000000
408.00000000	3623.85590858172000000000000000000000
410.00000000	3664.50428449002950000000000000000000
412.00000000	3705.63197404531270000000000000000000
414.00000000	3749.38455036410100000000000000000000
416.00000000	3797.58077517301940000000000000000000
418.00000000	3847.87094595688180000000000000000000
420.00000000	3900.64656119323500000000000000000000
422.00000000	3956.21541530690230000000000000000000
424.00000000	4014.78659185640900000000000000000000
426.00000000	4076.47821497215860000000000000000000
428.00000000	4141.33460470830400000000000000000000
430.00000000	4209.34696653228900000000000000000000
432.00000000	4280.47255173654200000000000000000000
434.00000000	4354.65845796266600000000000000000000
436.00000000	4431.81419476551800000000000000000000
438.00000000	4511.87124558025600000000000000000000
440.00000000	4594.74819140372200000000000000000000
442.00000000	4680.35990003443800000000000000000000
444.00000000	4757.30976753874100000000000000000000
446.00000000	4829.38018927706400000000000000000000
448.00000000	4903.63144696312300000000000000000000
450.00000000	4979.85770930088300000000000000000000
452.00000000	5057.84517526606200000000000000000000
454.00000000	5137.38495919812900000000000000000000
456.00000000	5218.27431141644050000000000000000000
458.00000000	5300.33181755634400000000000000000000
460.00000000	5383.34092663175200000000000000000000
462.00000000	5467.13564232380600000000000000000000
464.00000000	5551.54390108286300000000000000000000
466.00000000	5636.40167227585200000000000000000000
468.00000000	5721.55279270407700000000000000000000
470.00000000	5806.86642370348700000000000000000000
472.00000000	5892.16604542821500000000000000000000
474.00000000	5977.33499319563200000000000000000000
476.00000000	6062.24567901956400000000000000000000
478.00000000	6152.57606299452500000000000000000000
480.00000000	6246.58961843991300000000000000000000
482.00000000	6339.87104401520000000000000000000000
484.00000000	6432.27900480951800000000000000000000
486.00000000	6523.70024919026000000000000000000000
488.00000000	6613.96316146822800000000000000000000
490.00000000	6702.96703113121200000000000000000000
492.00000000	6790.59566690651500000000000000000000
494.00000000	6876.73884802828600000000000000000000
496.00000000	6961.29223450550100000000000000000000
498.00000000	7044.15729505968300000000000000000000
500.00000000	7125.24123898623800000000000000000000
502.00000000	7204.45696406204400000000000000000000
504.00000000	7281.72300672001400000000000000000000
506.00000000	7356.98769147051700000000000000000000
508.00000000	7430.13199612272200000000000000000000
510.00000000	7501.11558395638700000000000000000000
512.00000000	7569.87909739587600000000000000000000
514.00000000	7636.36858624181700000000000000000000
516.00000000	7700.53545184716950000000000000000000
518.00000000	7760.26537743694300000000000000000000
520.00000000	7816.82929543565900000000000000000000
522.00000000	7871.06714823834400000000000000000000
524.00000000	7922.95574964890600000000000000000000
526.00000000	7972.47641261970500000000000000000000
528.00000000	8019.61484306624200000000000000000000
530.00000000	8064.36102709431600000000000000000000
532.00000000	8106.70911171715800000000000000000000
534.00000000	8146.65727924660950000000000000000000
536.00000000	8184.22841864135300000000000000000000
538.00000000	8219.38606084185300000000000000000000
540.00000000	8252.16118789024400000000000000000000
542.00000000	8282.56675338906800000000000000000000
544.00000000	8310.61903565495200000000000000000000
546.00000000	8336.33748246276600000000000000000000
548.00000000	8359.74455274283500000000000000000000
550.00000000	8380.86555585548200000000000000000000
552.00000000	8399.72848907783400000000000000000000
554.00000000	8416.36387394035400000000000000000000
556.00000000	8430.80459204639700000000000000000000
558.00000000	8443.08572099616700000000000000000000
560.00000000	8453.24437102025500000000000000000000
562.00000000	8461.31952290528200000000000000000000
564.00000000	8458.24592657828000000000000000000000
566.00000000	8422.64546371512700000000000000000000
568.00000000	8385.81620681554200000000000000000000
570.00000000	8347.82988636496500000000000000000000
572.00000000	8308.75645242350000000000000000000000
574.00000000	8268.66401291515800000000000000000000
576.00000000	8227.62538976443500000000000000000000
578.00000000	8185.69078351233300000000000000000000
580.00000000	8142.93002500890450000000000000000000
582.00000000	8099.40346268824000000000000000000000
584.00000000	8055.16945646075800000000000000000000
586.00000000	8010.28437507857100000000000000000000
588.00000000	7964.80260059558300000000000000000000
590.00000000	7918.77653923184700000000000000000000
592.00000000	7872.25663798986800000000000000000000
594.00000000	7825.29140640893000000000000000000000
596.00000000	7777.92744288094600000000000000000000
598.00000000	7730.20946499008400000000000000000000
600.00000000	7682.18034337440900000000000000000000
602.00000000	7633.88113864478600000000000000000000
604.00000000	7585.35114093109500000000000000000000
606.00000000	7536.62791166007450000000000000000000
608.00000000	7487.74732720188900000000000000000000
610.00000000	7438.74362405452600000000000000000000
612.00000000	7389.64944526518200000000000000000000
614.00000000	7340.49588781703800000000000000000000
616.00000000	7291.31255073784000000000000000000000
618.00000000	7242.12758371312100000000000000000000
620.00000000	7192.99743630385400000000000000000000
622.00000000	7144.55706451391000000000000000000000
624.00000000	7096.32763602056800000000000000000000
626.00000000	7048.32288576894500000000000000000000
628.00000000	7000.55574620191700000000000000000000
630.00000000	6953.03838576337500000000000000000000
632.00000000	6905.78224669205800000000000000000000
634.00000000	6858.79808216307300000000000000000000
636.00000000	6812.09599284869400000000000000000000
638.00000000	6765.68546298806600000000000000000000
640.00000000	6719.57539607509350000000000000000000
642.00000000	6673.76189585591400000000000000000000
644.00000000	6628.27709544804750000000000000000000
646.00000000	6583.11634931898700000000000000000000
648.00000000	6538.28659214714800000000000000000000
650.00000000	6493.79435639518200000000000000000000
652.00000000	6449.64580977465000000000000000000000
654.00000000	6405.84679417478800000000000000000000
656.00000000	6362.40286662783200000000000000000000
658.00000000	6319.31934303893400000000000000000000
660.00000000	6276.60134561683600000000000000000000
662.00000000	6234.25385522304600000000000000000000
664.00000000	6192.28177024448100000000000000000000
666.00000000	6150.68997413296350000000000000000000
668.00000000	6109.48341451729400000000000000000000
670.00000000	6068.66719789078300000000000000000000
672.00000000	6028.24670548587200000000000000000000
674.00000000	5988.22773835638300000000000000000000
676.00000000	5948.61670338131350000000000000000000
678.00000000	5909.42085771453900000000000000000000
680.00000000	5870.64863862586300000000000000000000
682.00000000	5832.31012147956600000000000000000000
684.00000000	5794.41767616630750000000000000000000
686.00000000	5756.98694267815600000000000000000000
688.00000000	5720.03834375653700000000000000000000
690.00000000	5684.83617046075800000000000000000000
692.00000000	5650.93205335055900000000000000000000
694.00000000	5617.58998610683500000000000000000000
696.00000000	5584.90711602264300000000000000000000
698.00000000	5553.06022715709200000000000000000000
700.00000000	5522.44556823777900000000000000000000
702.00000000	5494.53105225471300000000000000000000
704.00000000	5461.33834995118500000000000000000000
706.00000000	5422.11203314158500000000000000000000
708.00000000	5384.46104809961600000000000000000000
710.00000000	5347.65409756862300000000000000000000
712.00000000	5311.46658669998850000000000000000000
714.00000000	5275.79400890870000000000000000000000
716.00000000	5240.57759380305900000000000000000000
718.00000000	5205.78029341548900000000000000000000
720.00000000	5171.37684795244000000000000000000000
722.00000000	5137.34899889508400000000000000000000
724.00000000	5103.68292690336100000000000000000000
726.00000000	5070.36777041703100000000000000000000
728.00000000	5037.39471680617600000000000000000000
730.00000000	5004.75641799470200000000000000000000
732.00000000	4972.44660015728000000000000000000000
734.00000000	4940.45979474095500000000000000000000
736.00000000	4908.79114818579200000000000000000000
738.00000000	4877.43628431645600000000000000000000
740.00000000	4846.39120294550200000000000000000000
742.00000000	4815.65220395874900000000000000000000
744.00000000	4785.21582970222700000000000000000000
746.00000000	4755.07882075237100000000000000000000
748.00000000	4725.23808163051000000000000000000000
750.00000000	4695.69065401396800000000000000000000
752.00000000	4666.43369567157400000000000000000000
754.00000000	4637.46446382322000000000000000000000
756.00000000	4608.78030195540400000000000000000000
758.00000000	4580.37862936496550000000000000000000
760.00000000	4552.25693287688200000000000000000000
762.00000000	4524.39308423909600000000000000000000
764.00000000	4496.82408442061100000000000000000000
766.00000000	4469.52786952800850000000000000000000
768.00000000	4442.50214408084800000000000000000000
770.00000000	4415.74465939190900000000000000000000
772.00000000	4389.25321208523300000000000000000000
774.00000000	4363.02564320605100000000000000000000
776.00000000	4338.04926660468600000000000000000000
778.00000000	4314.07639403855600000000000000000000
780.00000000	4290.32876870599500000000000000000000
782.00000000	4266.80502590699200000000000000000000
784.00000000	4243.50383817675600000000000000000000
786.00000000	4220.42391708303500000000000000000000
788.00000000	4197.56401539872500000000000000000000
790.00000000	4174.92292966128100000000000000000000
792.00000000	4152.49950313835050000000000000000000
794.00000000	4130.29262922919000000000000000000000
796.00000000	4108.30125534159200000000000000000000
798.00000000	4086.52438729543700000000000000000000
800.00000000	4064.96109431683500000000000000000000
802.00000000	4043.61051470212100000000000000000000
804.00000000	4022.47186224932300000000000000000000
806.00000000	4001.54443357531800000000000000000000
808.00000000	3980.82761646419500000000000000000000
810.00000000	3960.32089942388440000000000000000000
812.00000000	3940.02388266837530000000000000000000
814.00000000	3919.93629079305040000000000000000000
816.00000000	3900.05798747395200000000000000000000
818.00000000	3880.38899260242000000000000000000000
820.00000000	3860.92950237096000000000000000000000
822.00000000	3841.67991296090500000000000000000000
824.00000000	3822.64084865960880000000000000000000
826.00000000	3803.81319547042300000000000000000000
828.00000000	3785.19814159296500000000000000000000
830.00000000	3766.79722657958700000000000000000000
832.00000000	3748.61240156148500000000000000000000
834.00000000	3730.64610375893470000000000000000000
836.00000000	3712.90134965193560000000000000000000
838.00000000	3695.38185286448300000000000000000000
840.00000000	3678.09217527694100000000000000000000
842.00000000	3661.03792357678050000000000000000000
844.00000000	3644.22600913330800000000000000000000
846.00000000	3627.66499803746270000000000000000000
848.00000000	3611.36559270787600000000000000000000
850.00000000	3595.34131096928650000000000000000000
852.00000000	3579.60947143523660000000000000000000
854.00000000	3564.19267283014400000000000000000000
856.00000000	3549.12110786765150000000000000000000
858.00000000	3534.43637012906770000000000000000000
860.00000000	3520.19813081399340000000000000000000
862.00000000	3506.49687209515100000000000000000000
864.00000000	3493.48113816491240000000000000000000
866.00000000	3481.42672686486730000000000000000000
868.00000000	3470.97135653640450000000000000000000
870.00000000	3464.72142820658660000000000000000000
872.00000000	3440.18344229244800000000000000000000
874.00000000	3412.26791876980360000000000000000000
876.00000000	3387.36790851120260000000000000000000
878.00000000	3363.91717991291530000000000000000000
880.00000000	3341.39990583040030000000000000000000
882.00000000	3319.56876083182900000000000000000000
884.00000000	3298.28215237927700000000000000000000
886.00000000	3277.03005907446800000000000000000000
888.00000000	3254.65955038814200000000000000000000
890.00000000	3232.68206589687630000000000000000000
892.00000000	3211.06219716435300000000000000000000
894.00000000	3189.77222632300750000000000000000000
896.00000000	3168.78986842195600000000000000000000
898.00000000	3148.09680307665580000000000000000000
900.00000000	3127.67768216591370000000000000000000
902.00000000	3107.51943745086240000000000000000000
904.00000000	3087.61078418818200000000000000000000
906.00000000	3067.94185687157960000000000000000000
908.00000000	3048.50393646623070000000000000000000
910.00000000	3029.28924249545400000000000000000000
912.00000000	3010.29077205032400000000000000000000
914.00000000	2991.50217337264530000000000000000000
916.00000000	2972.91764532990700000000000000000000
918.00000000	2954.53185656616050000000000000000000
920.00000000	2936.33987980219440000000000000000000
922.00000000	2918.33713794267900000000000000000000
924.00000000	2900.51935948370150000000000000000000
926.00000000	2882.88254132261700000000000000000000
928.00000000	2865.42291751178350000000000000000000
930.00000000	2848.13693282743500000000000000000000
932.00000000	2831.02122026893680000000000000000000
934.00000000	2814.07258179074870000000000000000000
936.00000000	2797.28797171046150000000000000000000
938.00000000	2780.66448234717430000000000000000000
940.00000000	2764.19933152901880000000000000000000
942.00000000	2747.88985167631560000000000000000000
944.00000000	2731.73348021994520000000000000000000
946.00000000	2715.72775115671770000000000000000000
948.00000000	2699.87028757721800000000000000000000
950.00000000	2684.15879502982940000000000000000000
952.00000000	2668.59105560579000000000000000000000
954.00000000	2653.16492264941050000000000000000000
956.00000000	2637.87831601124600000000000000000000
958.00000000	2622.72921777632750000000000000000000
960.00000000	2607.71566840720740000000000000000000
962.00000000	2592.83576325242670000000000000000000
964.00000000	2578.08764937611900000000000000000000
966.00000000	2563.46952267284220000000000000000000
968.00000000	2548.97962523398750000000000000000000
970.00000000	2534.61624293853100000000000000000000
972.00000000	2520.37770324393400000000000000000000
974.00000000	2506.26237315524400000000000000000000
976.00000000	2492.26865735470440000000000000000000
978.00000000	2478.39499647470350000000000000000000
980.00000000	2464.63986550036100000000000000000000
982.00000000	2451.00177228876650000000000000000000
984.00000000	2437.47925619375340000000000000000000
986.00000000	2424.07088678613260000000000000000000
988.00000000	2410.77526266106200000000000000000000
990.00000000	2397.59101032394940000000000000000000
992.00000000	2384.51678314862970000000000000000000
994.00000000	2371.55126040095730000000000000000000
996.00000000	2358.69314632260500000000000000000000
998.00000000	2345.94116927007550000000000000000000
1000.00000000	2333.29408090361770000000000000000000
1002.00000000	2320.75065542347470000000000000000000
1004.00000000	2308.30968884792800000000000000000000
1006.00000000	2295.96999833169000000000000000000000
1008.00000000	2283.73042151978900000000000000000000
1010.00000000	2271.58981593604040000000000000000000
1012.00000000	2259.54705840189400000000000000000000
1014.00000000	2247.60104448496700000000000000000000
1016.00000000	2235.75068797381940000000000000000000
1018.00000000	2223.99492037831300000000000000000000
1020.00000000	2212.33269045267200000000000000000000
1022.00000000	2200.76296374101730000000000000000000
1024.00000000	2189.28472214233700000000000000000000
1026.00000000	2177.89696349506270000000000000000000
1028.00000000	2166.59870117938300000000000000000000
1030.00000000	2155.38896373567800000000000000000000
1032.00000000	2144.26679449920700000000000000000000
1034.00000000	2133.15773448442860000000000000000000
1036.00000000	2122.06560111383600000000000000000000
1038.00000000	2111.05794728614860000000000000000000
1040.00000000	2100.13389539897500000000000000000000
1042.00000000	2089.29258072397700000000000000000000
1044.00000000	2078.53315111057960000000000000000000
1046.00000000	2067.85476670000400000000000000000000
1048.00000000	2057.25659965062000000000000000000000
1050.00000000	2046.73783387269490000000000000000000
1052.00000000	2036.29766477292700000000000000000000
1054.00000000	2025.93529900799200000000000000000000
1056.00000000	2015.64995424617560000000000000000000
1058.00000000	2005.44085893758690000000000000000000
1060.00000000	1995.30725209183080000000000000000000
1062.00000000	1985.24838306278430000000000000000000
1064.00000000	1975.26351134058700000000000000000000
1066.00000000	1965.35190635011600000000000000000000
1068.00000000	1955.51284725583790000000000000000000
1070.00000000	1945.74562277249470000000000000000000
1072.00000000	1936.04953098161600000000000000000000
1074.00000000	1926.42387915377410000000000000000000
1076.00000000	1916.86798357542630000000000000000000
1078.00000000	1907.38116938141320000000000000000000
1080.00000000	1897.96277039207440000000000000000000
1082.00000000	1888.61212895444460000000000000000000
1084.00000000	1879.32859578869900000000000000000000
1086.00000000	1870.11152983824300000000000000000000
1088.00000000	1860.96029812371560000000000000000000
1090.00000000	1851.87427560165160000000000000000000
1092.00000000	1842.85284502583860000000000000000000
1094.00000000	1833.89539681311450000000000000000000
1096.00000000	1825.00132891206230000000000000000000
1098.00000000	1816.17004667538840000000000000000000
1100.00000000	1807.40096273533910000000000000000000
1102.00000000	1798.69349688194550000000000000000000
1104.00000000	1790.04707594482780000000000000000000
1106.00000000	1781.46113367720390000000000000000000
1108.00000000	1772.93511064312540000000000000000000
1110.00000000	1764.46845410714740000000000000000000
1112.00000000	1756.06061792663470000000000000000000
1114.00000000	1747.71106244641350000000000000000000
1116.00000000	1739.41925439619330000000000000000000
1118.00000000	1731.18466678980550000000000000000000
1120.00000000	1723.00677882705990000000000000000000
1122.00000000	1714.88507579762380000000000000000000
1124.00000000	1706.81904898694920000000000000000000
1126.00000000	1698.80819558445360000000000000000000
1128.00000000	1690.85201859340670000000000000000000
1130.00000000	1682.95002674280020000000000000000000
1132.00000000	1675.10173440126000000000000000000000
1134.00000000	1667.30666149245350000000000000000000
1136.00000000	1659.56433341255140000000000000000000
1138.00000000	1651.87428094902100000000000000000000
1140.00000000	1644.23604009056020000000000000000000
1142.00000000	1636.64915239457010000000000000000000
1144.00000000	1629.11316424014470000000000000000000
1146.00000000	1621.62762720258870000000000000000000
1148.00000000	1614.19209786710420000000000000000000
1150.00000000	1606.80613775729580000000000000000000
1152.00000000	1599.46931326446220000000000000000000
1154.00000000	1592.18119557863860000000000000000000
1156.00000000	1584.94136062082070000000000000000000
1158.00000000	1577.74938897637070000000000000000000
1160.00000000	1570.60486582978930000000000000000000
1162.00000000	1563.50738090069760000000000000000000
1164.00000000	1556.45652838095500000000000000000000
1166.00000000	1549.45190687289190000000000000000000
1168.00000000	1542.49311932872230000000000000000000
1170.00000000	1535.57977299104100000000000000000000
1172.00000000	1528.71147933438420000000000000000000
1174.00000000	1521.88785400780850000000000000000000
1176.00000000	1515.10851677854840000000000000000000
1178.00000000	1508.37309147655600000000000000000000
1180.00000000	1501.68120594010070000000000000000000
1182.00000000	1495.03249196225560000000000000000000
1184.00000000	1488.42658523839350000000000000000000
1186.00000000	1481.86312531445130000000000000000000
1188.00000000	1475.34175553624980000000000000000000
1190.00000000	1468.86212299934400000000000000000000
1192.00000000	1462.42387850024300000000000000000000
1194.00000000	1456.02667648796230000000000000000000
1196.00000000	1449.67017501650320000000000000000000
1198.00000000	1443.35403569841540000000000000000000
1200.00000000	1437.07792365858100000000000000000000
1202.00000000	1430.84150748936280000000000000000000
1204.00000000	1424.64445920598130000000000000000000
1206.00000000	1418.48645420295040000000000000000000
1208.00000000	1412.36717121086830000000000000000000
1210.00000000	1406.28629225444980000000000000000000
1212.00000000	1400.24350261053720000000000000000000
1214.00000000	1394.23849076738270000000000000000000
1216.00000000	1388.27094838421820000000000000000000
1218.00000000	1382.34057025159360000000000000000000
1220.00000000	1376.44705425227860000000000000000000
1222.00000000	1370.59010132284650000000000000000000
1224.00000000	1364.76941541577530000000000000000000
1226.00000000	1358.98470346226210000000000000000000
1228.00000000	1353.23567533532080000000000000000000
1230.00000000	1347.52204381380620000000000000000000
1232.00000000	1341.84352454682360000000000000000000
1234.00000000	1336.19983601855280000000000000000000
1236.00000000	1330.59069951386660000000000000000000
1238.00000000	1325.01583908411540000000000000000000
1240.00000000	1319.48959778028920000000000000000000
1242.00000000	1314.12664615939910000000000000000000
1244.00000000	1308.79358207572400000000000000000000
1246.00000000	1303.49019614029040000000000000000000
1248.00000000	1298.21628077689770000000000000000000
1250.00000000	1292.97163020212630000000000000000000
1252.00000000	1287.75604040558200000000000000000000
1254.00000000	1282.56930913039240000000000000000000
1256.00000000	1277.41123585375570000000000000000000
1258.00000000	1272.28162176831500000000000000000000
1260.00000000	1267.18026976325200000000000000000000
1262.00000000	1262.10698440597400000000000000000000
1264.00000000	1257.06157192409660000000000000000000
1266.00000000	1252.04384018744000000000000000000000
1268.00000000	1247.05359869053040000000000000000000
1270.00000000	1242.09065853525300000000000000000000
1272.00000000	1237.15483241360040000000000000000000
1274.00000000	1232.24593459105060000000000000000000
1276.00000000	1227.36378088979470000000000000000000
1278.00000000	1222.50818867245180000000000000000000
1280.00000000	1217.67897682580720000000000000000000
1282.00000000	1212.87596574497730000000000000000000
1284.00000000	1208.09897731766160000000000000000000
1286.00000000	1203.34783490866080000000000000000000
1288.00000000	1198.62236334449130000000000000000000
1290.00000000	1193.92238889865480000000000000000000
1292.00000000	1189.24773927624050000000000000000000
1294.00000000	1184.59824359974960000000000000000000
1296.00000000	1179.97373239432020000000000000000000
1298.00000000	1175.37403757364270000000000000000000
1300.00000000	1170.79899242568290000000000000000000
1302.00000000	1166.24843159888880000000000000000000
1304.00000000	1161.72219108857080000000000000000000
1306.00000000	1157.22010822317840000000000000000000
1308.00000000	1152.74202165102950000000000000000000
1310.00000000	1148.28777132707960000000000000000000
1312.00000000	1143.85719850000580000000000000000000
1314.00000000	1139.45014569926300000000000000000000
1316.00000000	1135.06645672244550000000000000000000
1318.00000000	1130.70597662266850000000000000000000
1320.00000000	1126.36855169637240000000000000000000
1322.00000000	1122.05402947096790000000000000000000
1324.00000000	1117.76225869286050000000000000000000
1326.00000000	1113.49308931552040000000000000000000
1328.00000000	1109.24637248771820000000000000000000
1330.00000000	1105.02196054193600000000000000000000
1332.00000000	1100.81970698292400000000000000000000
1334.00000000	1096.63946647629860000000000000000000
1336.00000000	1092.48109483747800000000000000000000
1338.00000000	1088.34444902045580000000000000000000
1340.00000000	1084.22938710717270000000000000000000
1342.00000000	1080.13576829639100000000000000000000
1344.00000000	1076.06345289327500000000000000000000
1346.00000000	1072.01230229884250000000000000000000
1348.00000000	1067.98217899948990000000000000000000
1350.00000000	1063.97294655684940000000000000000000
1352.00000000	1059.98446959736130000000000000000000
1354.00000000	1056.01661380266050000000000000000000
1356.00000000	1052.06924589937720000000000000000000
1358.00000000	1048.14223364928700000000000000000000
1360.00000000	1044.23544583984840000000000000000000
1362.00000000	1040.34875227461380000000000000000000
1364.00000000	1036.48202376354450000000000000000000
1366.00000000	1032.63513211390340000000000000000000
1368.00000000	1028.80795012097930000000000000000000
1370.00000000	1025.00035155877400000000000000000000
1372.00000000	1021.21221117124310000000000000000000
1374.00000000	1017.44340466320660000000000000000000
1376.00000000	1013.69380869146830000000000000000000
1378.00000000	1010.01481606377070000000000000000000
1380.00000000	1006.53247681073160000000000000000000
1382.00000000	1003.06473485786420000000000000000000
1384.00000000	999.61151953569640000000000000000000
1386.00000000	996.17276059867730000000000000000000
1388.00000000	992.74838822151950000000000000000000
1390.00000000	989.33833299532070000000000000000000
1392.00000000	985.94252592380380000000000000000000
1394.00000000	982.56089841956170000000000000000000
1396.00000000	979.19338230064730000000000000000000
1398.00000000	975.83990978660470000000000000000000
1400.00000000	972.50041349526050000000000000000000
1402.00000000	969.17482643895450000000000000000000
1404.00000000	965.86308202135550000000000000000000
1406.00000000	962.56511403383010000000000000000000
1408.00000000	959.28085665222770000000000000000000
1410.00000000	956.01024443353640000000000000000000
1412.00000000	952.75321231265220000000000000000000
1414.00000000	949.50969559908410000000000000000000
1416.00000000	946.27962997390490000000000000000000
1418.00000000	943.06295148646860000000000000000000
1420.00000000	939.85959655154320000000000000000000
1422.00000000	936.66950194608580000000000000000000
1424.00000000	933.49260480628980000000000000000000
1426.00000000	930.32884262460350000000000000000000
1428.00000000	927.17815324700690000000000000000000
1430.00000000	924.04047486973810000000000000000000
1432.00000000	920.91574603688220000000000000000000
1434.00000000	917.80390563718920000000000000000000
1436.00000000	914.70489290166000000000000000000000
1438.00000000	911.61864740050120000000000000000000
1440.00000000	908.54510904052720000000000000000000
1442.00000000	905.48421806269100000000000000000000
1444.00000000	902.43591503915960000000000000000000
1446.00000000	899.40014087088840000000000000000000
1448.00000000	896.37683678504120000000000000000000
1450.00000000	893.36594433242940000000000000000000
1452.00000000	890.36740538502510000000000000000000
1454.00000000	887.38116213356090000000000000000000
1456.00000000	884.40715708494500000000000000000000
1458.00000000	881.44533306002320000000000000000000
1460.00000000	878.49563319107900000000000000000000
1462.00000000	875.55800091953730000000000000000000
1464.00000000	872.63237999372270000000000000000000
1466.00000000	869.71871446646390000000000000000000
1468.00000000	866.81694869281740000000000000000000
1470.00000000	863.92702732790080000000000000000000
1472.00000000	861.04889532468460000000000000000000
1474.00000000	858.18249793192300000000000000000000
1476.00000000	855.32778069161710000000000000000000
1478.00000000	852.48468943737120000000000000000000
1480.00000000	849.65317029197440000000000000000000
1482.00000000	846.83316966538800000000000000000000
1484.00000000	844.02463425274110000000000000000000
1486.00000000	841.22751103231620000000000000000000
1488.00000000	838.44174726338540000000000000000000
1490.00000000	835.66729048450000000000000000000000
1492.00000000	832.90408851121740000000000000000000
1494.00000000	830.15208943438880000000000000000000
1496.00000000	827.41124161821340000000000000000000
1498.00000000	824.68149369819910000000000000000000
1500.00000000	821.96279457940670000000000000000000
1502.00000000	819.25509343463690000000000000000000
1504.00000000	816.55833970246160000000000000000000
1506.00000000	813.87248308553300000000000000000000
1508.00000000	811.19747354873850000000000000000000
1510.00000000	808.53326131739380000000000000000000
1512.00000000	805.87979687556650000000000000000000
1514.00000000	803.23703096426990000000000000000000
1516.00000000	800.60491457983430000000000000000000
1518.00000000	797.98339897207120000000000000000000
1520.00000000	795.37243564270270000000000000000000
1522.00000000	792.77197634371210000000000000000000
1524.00000000	790.18197307556840000000000000000000
1526.00000000	787.60237808577950000000000000000000
1528.00000000	785.03314386708470000000000000000000
1530.00000000	782.47422315607060000000000000000000
1532.00000000	779.92556893139640000000000000000000
1534.00000000	777.38713441233900000000000000000000
1536.00000000	774.85887305725880000000000000000000
1538.00000000	772.34073856200670000000000000000000
1540.00000000	769.83268485844080000000000000000000
1542.00000000	767.33466611292160000000000000000000
1544.00000000	764.84663672478520000000000000000000
1546.00000000	762.36855132508170000000000000000000
1548.00000000	759.90036477470630000000000000000000
1550.00000000	757.42297670704780000000000000000000
1552.00000000	754.82004937342040000000000000000000
1554.00000000	752.22343667207290000000000000000000
1556.00000000	749.63314333043160000000000000000000
1558.00000000	747.04917397464500000000000000000000
1560.00000000	744.47153312794230000000000000000000
1562.00000000	741.90022520965770000000000000000000
1564.00000000	739.33525453380570000000000000000000
1566.00000000	736.77662530779330000000000000000000
1568.00000000	734.22434163153670000000000000000000
1570.00000000	731.67840749592280000000000000000000
1572.00000000	729.13882678203140000000000000000000
1574.00000000	726.60560325990970000000000000000000
1576.00000000	724.07874058750470000000000000000000
1578.00000000	721.55824230976990000000000000000000
1580.00000000	719.04411185765260000000000000000000
1582.00000000	716.53635254711780000000000000000000
1584.00000000	714.03496757828080000000000000000000
1586.00000000	711.53996003455030000000000000000000
1588.00000000	709.05133288179590000000000000000000
1590.00000000	706.56908896752110000000000000000000
1592.00000000	704.09323102014030000000000000000000
1594.00000000	701.62376164818800000000000000000000
1596.00000000	699.16068333961940000000000000000000
1598.00000000	696.70399846113200000000000000000000
1600.00000000	694.25370925761920000000000000000000
1602.00000000	691.80981785144210000000000000000000
1604.00000000	689.37232624186820000000000000000000
1606.00000000	686.94123630452550000000000000000000
1608.00000000	684.51654979090060000000000000000000
1610.00000000	682.09826832785230000000000000000000
1612.00000000	679.68639341705730000000000000000000
1614.00000000	677.28092643478340000000000000000000
1616.00000000	674.88186863113420000000000000000000
1618.00000000	672.48922112998300000000000000000000
1620.00000000	670.10298492848500000000000000000000
1622.00000000	667.72316089676860000000000000000000
1624.00000000	665.34974977763690000000000000000000
1626.00000000	662.98275218626160000000000000000000
1628.00000000	660.62216860994830000000000000000000
1630.00000000	658.26799940795240000000000000000000
1632.00000000	655.92024481128340000000000000000000
1634.00000000	653.57890492240160000000000000000000
1636.00000000	651.24397971524830000000000000000000
1638.00000000	648.91546903498910000000000000000000
1640.00000000	646.59337259799660000000000000000000
1642.00000000	644.27768999171600000000000000000000
1644.00000000	641.96842067474590000000000000000000
1646.00000000	639.66556397647590000000000000000000
1648.00000000	637.36911909748440000000000000000000
1650.00000000	635.07908510925290000000000000000000
1652.00000000	632.79546095440870000000000000000000
1654.00000000	630.51824544655110000000000000000000
1656.00000000	628.24743727067330000000000000000000
1658.00000000	625.98303498282480000000000000000000
1660.00000000	623.72503701059870000000000000000000
1662.00000000	621.47344165309110000000000000000000
1664.00000000	619.22824708107600000000000000000000
1666.00000000	616.98945133723540000000000000000000
1668.00000000	614.75705233631080000000000000000000
1670.00000000	612.53104786538850000000000000000000
1672.00000000	610.31143558403380000000000000000000
1674.00000000	608.09821302452490000000000000000000
1676.00000000	605.89137759239690000000000000000000
1678.00000000	603.69092656635050000000000000000000
1680.00000000	601.49685709880430000000000000000000
1682.00000000	599.30916621619300000000000000000000
1684.00000000	597.12785081912700000000000000000000
1686.00000000	594.95290768308040000000000000000000
1688.00000000	592.78433345847360000000000000000000
1690.00000000	590.62212467110010000000000000000000
1692.00000000	588.46627772272060000000000000000000
1694.00000000	586.31678889131090000000000000000000
1696.00000000	584.17365433146670000000000000000000
1698.00000000	582.03687007500840000000000000000000
1700.00000000	579.90643203141760000000000000000000
1702.00000000	577.78233598806250000000000000000000
1704.00000000	575.66457761109140000000000000000000
1706.00000000	573.55315244561720000000000000000000
1708.00000000	571.44805591640830000000000000000000
1710.00000000	569.34928332829380000000000000000000
1712.00000000	567.25682986691730000000000000000000
1714.00000000	565.17069059890760000000000000000000
1716.00000000	563.09086047301590000000000000000000
1718.00000000	561.01733432003040000000000000000000
1720.00000000	558.95010685393310000000000000000000
1722.00000000	556.88917267220120000000000000000000
1724.00000000	554.83452625647370000000000000000000
1726.00000000	552.78616197328600000000000000000000
1728.00000000	550.74407407454730000000000000000000
1730.00000000	548.70825669814790000000000000000000
1732.00000000	546.67870386897070000000000000000000
1734.00000000	544.65540949908060000000000000000000
1736.00000000	542.63836738875240000000000000000000
1738.00000000	540.62757122696930000000000000000000
1740.00000000	538.62301459215770000000000000000000
1742.00000000	536.62469095292600000000000000000000
1744.00000000	534.63259366873300000000000000000000
1746.00000000	532.64671599065750000000000000000000
1748.00000000	530.66705106200410000000000000000000
1750.00000000	528.69359191922340000000000000000000
1752.00000000	526.72633149247740000000000000000000
1754.00000000	524.76526260648260000000000000000000
1756.00000000	522.81037798120270000000000000000000
1758.00000000	520.86167023266690000000000000000000
1760.00000000	518.91913187380370000000000000000000
1762.00000000	516.98275531495220000000000000000000
1764.00000000	515.05253286503510000000000000000000
1766.00000000	513.12845673196970000000000000000000
1768.00000000	511.21051902362130000000000000000000
1770.00000000	509.29871174874140000000000000000000
1772.00000000	507.58459524944357000000000000000000
1774.00000000	506.12970889328940000000000000000000
1776.00000000	504.67769889339820000000000000000000
1778.00000000	503.22856264832290000000000000000000
1780.00000000	501.78229757533467000000000000000000
1782.00000000	500.33890110977000000000000000000000
1784.00000000	498.89837070482986000000000000000000
1786.00000000	497.46070383094724000000000000000000
1788.00000000	496.02589797547920000000000000000000
1790.00000000	494.59395064226567000000000000000000
1792.00000000	493.16485935108120000000000000000000
1794.00000000	491.73862163732787000000000000000000
1796.00000000	490.31523505164710000000000000000000
1798.00000000	488.89469715926543000000000000000000
1800.00000000	487.47700553990035000000000000000000
1802.00000000	486.06215778724140000000000000000000
1804.00000000	484.65015150834750000000000000000000
1806.00000000	483.24098432355487000000000000000000
1808.00000000	481.83465386593450000000000000000000
1810.00000000	480.43115778081230000000000000000000
1812.00000000	479.03049372563856000000000000000000
1814.00000000	477.63265936929670000000000000000000
1816.00000000	476.23765239198383000000000000000000
1818.00000000	474.84547048477450000000000000000000
1820.00000000	473.45611134907840000000000000000000
1822.00000000	472.06957269655146000000000000000000
1824.00000000	470.68585224849437000000000000000000
1826.00000000	469.30494773574420000000000000000000
1828.00000000	467.92685689802005000000000000000000
1830.00000000	466.55157748383130000000000000000000
1832.00000000	465.17910725003790000000000000000000
1834.00000000	463.80944396147800000000000000000000
1836.00000000	462.44258539067243000000000000000000
1838.00000000	461.07852931747910000000000000000000
1840.00000000	459.71727352888950000000000000000000
1842.00000000	458.35881581837975000000000000000000
1844.00000000	457.00315398596430000000000000000000
1846.00000000	455.65028583767446000000000000000000
1848.00000000	454.30020918524840000000000000000000
1850.00000000	452.95292184592420000000000000000000
1852.00000000	451.60842164196333000000000000000000
1854.00000000	450.26670640063410000000000000000000
1856.00000000	448.92777395358410000000000000000000
1858.00000000	447.59162213672270000000000000000000
1860.00000000	446.25824879002477000000000000000000
1862.00000000	444.92765175694770000000000000000000
1864.00000000	443.59982888453754000000000000000000
1866.00000000	442.27477802273160000000000000000000
1868.00000000	440.95249702443530000000000000000000
1870.00000000	439.63298374506707000000000000000000
1872.00000000	438.31623604239684000000000000000000
1874.00000000	437.00225177605240000000000000000000
1876.00000000	435.69102880757790000000000000000000
1878.00000000	434.38256499999216000000000000000000
1880.00000000	433.07685821751494000000000000000000
1882.00000000	431.77390632534974000000000000000000
1884.00000000	430.47370718951464000000000000000000
1886.00000000	429.17625867652910000000000000000000
1888.00000000	427.88155865311677000000000000000000
1890.00000000	426.58960498609200000000000000000000
1892.00000000	425.30039554208920000000000000000000
1894.00000000	424.01392818711355000000000000000000
1896.00000000	422.73020078678167000000000000000000
1898.00000000	421.44921120563527000000000000000000
1900.00000000	420.17095730710470000000000000000000
1902.00000000	418.89543695341290000000000000000000
1904.00000000	417.62264800513844000000000000000000
1906.00000000	416.35258832110230000000000000000000
1908.00000000	415.08525575829253000000000000000000
1910.00000000	413.82064817134860000000000000000000
1912.00000000	412.55876341262330000000000000000000
1914.00000000	411.29959933192500000000000000000000
1916.00000000	410.04315377625510000000000000000000
1918.00000000	408.78942458969470000000000000000000
1920.00000000	407.53840961314710000000000000000000
1922.00000000	406.29010668409700000000000000000000
1924.00000000	405.04451363673707000000000000000000
1926.00000000	403.80162830132423000000000000000000
1928.00000000	402.56144850439773000000000000000000
1930.00000000	401.32397206827665000000000000000000
1932.00000000	400.08919681122620000000000000000000
1934.00000000	398.85712054701776000000000000000000
1936.00000000	397.62774108491396000000000000000000
1938.00000000	396.40105622933567000000000000000000
1940.00000000	395.17706377996940000000000000000000
1942.00000000	393.95576153140576000000000000000000
1944.00000000	392.73714727293360000000000000000000
1946.00000000	391.52121878861516000000000000000000
1948.00000000	390.30797385694416000000000000000000
1950.00000000	389.09741025077870000000000000000000
1952.00000000	387.88952573717880000000000000000000
1954.00000000	386.68431807727290000000000000000000
1956.00000000	385.48178502607345000000000000000000
1958.00000000	384.28192433244624000000000000000000
1960.00000000	383.08473373886990000000000000000000
1962.00000000	381.89021098131410000000000000000000
1964.00000000	380.69835378921965000000000000000000
1966.00000000	379.50915988520217000000000000000000
1968.00000000	378.32262698503473000000000000000000
1970.00000000	377.13875279759430000000000000000000
1972.00000000	375.95753502455835000000000000000000
1974.00000000	374.77897136043600000000000000000000
1976.00000000	373.60305949240006000000000000000000
1978.00000000	372.42979710014090000000000000000000
1980.00000000	371.25918185586244000000000000000000
1982.00000000	370.09121142411550000000000000000000
1984.00000000	368.92588346160380000000000000000000
1986.00000000	367.76319561724330000000000000000000
1988.00000000	366.60314553194866000000000000000000
1990.00000000	365.44573083860956000000000000000000
1992.00000000	364.29094916188666000000000000000000
1994.00000000	363.13879811829980000000000000000000
1996.00000000	361.98927531594234000000000000000000
1998.00000000	360.84237835447400000000000000000000
2000.00000000	359.69810482510564000000000000000000
