100.00000000	455.44016337823130000000000000000000
102.00000000	561.85414566827490000000000000000000
104.00000000	655.60893885814370000000000000000000
106.00000000	738.38838408467000000000000000000000
108.00000000	811.65510381766550000000000000000000
110.00000000	876.67430295123150000000000000000000
112.00000000	934.47579801888700000000000000000000
114.00000000	986.12285617909610000000000000000000
116.00000000	1032.36748090590480000000000000000000
118.00000000	1073.90976887017360000000000000000000
120.00000000	1111.35433791182400000000000000000000
122.00000000	1145.22403688516350000000000000000000
124.00000000	1175.97162316952860000000000000000000
126.00000000	1203.98965224195850000000000000000000
128.00000000	1229.61882299666130000000000000000000
130.00000000	1253.15500671110070000000000000000000
132.00000000	1274.85516458445930000000000000000000
134.00000000	1294.94233333070840000000000000000000
136.00000000	1313.60983311495760000000000000000000
138.00000000	1331.02482865082270000000000000000000
140.00000000	1347.33135323413790000000000000000000
142.00000000	1362.65288711944200000000000000000000
144.00000000	1377.09456592457100000000000000000000
146.00000000	1390.74508150033380000000000000000000
148.00000000	1403.62396304446400000000000000000000
150.00000000	1415.90026298482440000000000000000000
152.00000000	1427.56824371640660000000000000000000
154.00000000	1438.66529893158140000000000000000000
156.00000000	1449.21878486988770000000000000000000
158.00000000	1459.24689057716180000000000000000000
160.00000000	1468.75941939670470000000000000000000
162.00000000	1477.75849627671800000000000000000000
164.00000000	1486.23921355580100000000000000000000
166.00000000	1494.19022641391620000000000000000000
168.00000000	1501.59430808486740000000000000000000
170.00000000	1508.42887417192470000000000000000000
172.00000000	1514.66648495896560000000000000000000
174.00000000	1520.27533444643520000000000000000000
176.00000000	1525.21973495514520000000000000000000
178.00000000	1529.46060653096560000000000000000000
180.00000000	1532.95598105684700000000000000000000
182.00000000	1535.62191323069560000000000000000000
184.00000000	1537.49164153478860000000000000000000
186.00000000	1538.47816673378130000000000000000000
188.00000000	1538.53371595115320000000000000000000
190.00000000	1537.61080305816900000000000000000000
192.00000000	1535.66310799510100000000000000000000
194.00000000	1532.64648821934800000000000000000000
196.00000000	1528.52015167348940000000000000000000
198.00000000	1523.24802598495580000000000000000000
200.00000000	1516.80036509238020000000000000000000
202.00000000	1509.15564247370160000000000000000000
204.00000000	1500.30279009851980000000000000000000
206.00000000	1490.24385482087400000000000000000000
208.00000000	1478.99716016272150000000000000000000
210.00000000	1466.60108278528860000000000000000000
212.00000000	1453.09349508213680000000000000000000
214.00000000	1438.61813630489020000000000000000000
216.00000000	1423.27905484498770000000000000000000
218.00000000	1407.25066724704360000000000000000000
220.00000000	1390.76213316548800000000000000000000
222.00000000	1374.10982502928940000000000000000000
224.00000000	1357.67310480092300000000000000000000
226.00000000	1341.93458180936390000000000000000000
228.00000000	1327.50652594730240000000000000000000
230.00000000	1315.16580630268550000000000000000000
232.00000000	1305.90062815935770000000000000000000
234.00000000	1300.97333356498700000000000000000000
236.00000000	1302.00410540669170000000000000000000
238.00000000	1311.07903889973200000000000000000000
240.00000000	1330.87875131917200000000000000000000
242.00000000	1364.79009368211970000000000000000000
244.00000000	1416.99049781307900000000000000000000
246.00000000	1492.15113839033420000000000000000000
248.00000000	1594.69170136809700000000000000000000
250.00000000	1727.18699055063960000000000000000000
252.00000000	1888.48613105488810000000000000000000
254.00000000	2073.33722067339300000000000000000000
256.00000000	2275.18974602481560000000000000000000
258.00000000	2490.26896885849740000000000000000000
260.00000000	2718.31874441969200000000000000000000
262.00000000	2959.22040373433860000000000000000000
264.00000000	3209.76902611427750000000000000000000
266.00000000	3463.87607060878140000000000000000000
268.00000000	3715.13084310520570000000000000000000
270.00000000	3958.99485763660900000000000000000000
272.00000000	4193.24983651634500000000000000000000
274.00000000	4417.43642621553200000000000000000000
276.00000000	4632.02702521952050000000000000000000
278.00000000	4837.81913294947700000000000000000000
280.00000000	5035.59291625902400000000000000000000
282.00000000	5225.96204821279700000000000000000000
284.00000000	5409.34193227423700000000000000000000
286.00000000	5585.97945328266100000000000000000000
288.00000000	5756.00714593077000000000000000000000
290.00000000	5919.49939496832500000000000000000000
292.00000000	6076.51922267707800000000000000000000
294.00000000	6227.15157641999100000000000000000000
296.00000000	6371.51276617761000000000000000000000
298.00000000	6509.80064442931600000000000000000000
300.00000000	6642.23501783329300000000000000000000
302.00000000	6769.09246982302800000000000000000000
304.00000000	6890.68901281173600000000000000000000
306.00000000	7007.37098421215200000000000000000000
308.00000000	7119.50572068968100000000000000000000
310.00000000	7227.47276690682200000000000000000000
312.00000000	7331.65604802820800000000000000000000
314.00000000	7432.43720261116400000000000000000000
316.00000000	7530.19011718486800000000000000000000
318.00000000	7625.27660756655700000000000000000000
320.00000000	7718.04313835909800000000000000000000
322.00000000	7808.81844768564800000000000000000000
324.00000000	7897.91193872558300000000000000000000
326.00000000	7985.61270548930500000000000000000000
328.00000000	8072.18907103175400000000000000000000
330.00000000	8157.88853956355900000000000000000000
332.00000000	8242.93805299170200000000000000000000
334.00000000	8327.54450026964200000000000000000000
336.00000000	8411.86443762299500000000000000000000
338.00000000	8496.12766044373700000000000000000000
340.00000000	8580.45557024936700000000000000000000
342.00000000	8664.98268467705000000000000000000000
344.00000000	8749.82772495002000000000000000000000
346.00000000	8835.09456514153000000000000000000000
348.00000000	8920.87316142688700000000000000000000
350.00000000	9007.24044849126400000000000000000000
352.00000000	9094.26119383821400000000000000000000
354.00000000	9181.98880379212500000000000000000000
356.00000000	9270.46607757183500000000000000000000
358.00000000	9359.72590797656800000000000000000000
360.00000000	9449.79192900584700000000000000000000
362.00000000	9540.67911216083100000000000000000000
364.00000000	9632.39431427528500000000000000000000
366.00000000	9724.93678052878400000000000000000000
368.00000000	9818.29860683537700000000000000000000
370.00000000	9912.46516611068400000000000000000000
372.00000000	10007.41550303417000000000000000000000
374.00000000	10103.12270187712000000000000000000000
376.00000000	10199.55423179308300000000000000000000
378.00000000	10296.67227369952700000000000000000000
380.00000000	10394.43403254498500000000000000000000
382.00000000	10492.79203838046000000000000000000000
384.00000000	10591.69443925823000000000000000000000
386.00000000	10691.08528858307500000000000000000000
388.00000000	10790.90482915262000000000000000000000
390.00000000	10891.08977575520000000000000000000000
392.00000000	10991.62602663211500000000000000000000
394.00000000	11092.33966973551700000000000000000000
396.00000000	11193.21050171287400000000000000000000
398.00000000	11294.16396865993600000000000000000000
400.00000000	11395.12342328955900000000000000000000
402.00000000	11496.01042125789200000000000000000000
404.00000000	11596.74502138310000000000000000000000
406.00000000	11697.24608980169600000000000000000000
408.00000000	11797.43160801960000000000000000000000
410.00000000	11897.21898475545500000000000000000000
412.00000000	11996.52537144321100000000000000000000
414.00000000	12095.26798125845400000000000000000000
416.00000000	12193.36441156317200000000000000000000
418.00000000	12290.73296972686000000000000000000000
420.00000000	12387.29300238503900000000000000000000
422.00000000	12482.96522834472500000000000000000000
424.00000000	12577.67207555004600000000000000000000
426.00000000	12671.33802279139100000000000000000000
428.00000000	12763.88994719691300000000000000000000
430.00000000	12855.25747900592800000000000000000000
432.00000000	12945.37336572428100000000000000000000
434.00000000	13034.17384854106200000000000000000000
436.00000000	13121.59905490682100000000000000000000
438.00000000	13207.59341251807700000000000000000000
440.00000000	13292.10609173937500000000000000000000
442.00000000	13375.09148589720300000000000000000000
444.00000000	13456.50974214979200000000000000000000
446.00000000	13536.32736015128600000000000000000000
448.00000000	13614.51788205843100000000000000000000
450.00000000	13691.06270645860600000000000000000000
452.00000000	13765.95207192906700000000000000000000
454.00000000	13839.18627543593400000000000000000000
456.00000000	13910.77722042406100000000000000000000
458.00000000	13980.75043570145300000000000000000000
460.00000000	14049.14778056089600000000000000000000
462.00000000	14116.03117513691700000000000000000000
464.00000000	14181.54477995971500000000000000000000
466.00000000	14245.69429957087200000000000000000000
468.00000000	14308.70330262596100000000000000000000
470.00000000	14370.80206479229100000000000000000000
472.00000000	14432.31864979905400000000000000000000
474.00000000	14493.74045525363000000000000000000000
476.00000000	14555.84105793937100000000000000000000
478.00000000	14619.98511783001800000000000000000000
480.00000000	14689.06948063977100000000000000000000
482.00000000	14772.44662770605800000000000000000000
484.00000000	14862.77386742403000000000000000000000
486.00000000	14871.61066122754000000000000000000000
488.00000000	14881.56200951127000000000000000000000
490.00000000	14889.97838972141800000000000000000000
492.00000000	14896.21507221612600000000000000000000
494.00000000	14900.03302780553300000000000000000000
496.00000000	14901.33975810679100000000000000000000
498.00000000	14900.11178077724600000000000000000000
500.00000000	14896.36423702256400000000000000000000
502.00000000	14890.13689317378500000000000000000000
504.00000000	14881.48698203953600000000000000000000
506.00000000	14870.48529581546600000000000000000000
508.00000000	14857.21399968179100000000000000000000
510.00000000	14841.76545444966700000000000000000000
512.00000000	14824.24170228794900000000000000000000
514.00000000	14804.75445097990300000000000000000000
516.00000000	14783.42549389898000000000000000000000
518.00000000	14760.38757054242000000000000000000000
520.00000000	14735.78572907650400000000000000000000
522.00000000	14709.77931284225300000000000000000000
524.00000000	14682.54477097845300000000000000000000
526.00000000	14654.27960730830300000000000000000000
528.00000000	14625.20796044816400000000000000000000
530.00000000	14595.58831929988800000000000000000000
532.00000000	14565.72004431566000000000000000000000
534.00000000	14535.93622602756300000000000000000000
536.00000000	14506.50558876163300000000000000000000
538.00000000	14477.22268618033400000000000000000000
540.00000000	14446.14755867311400000000000000000000
542.00000000	14406.40116561143600000000000000000000
544.00000000	14340.91032674311300000000000000000000
546.00000000	14230.62921722233700000000000000000000
548.00000000	14092.11068684827700000000000000000000
550.00000000	13965.75709338966400000000000000000000
552.00000000	13874.91608227078200000000000000000000
554.00000000	13821.43919962647100000000000000000000
556.00000000	13786.41956886971500000000000000000000
558.00000000	13732.29664699603200000000000000000000
560.00000000	13636.24229764264800000000000000000000
562.00000000	13509.30144005623500000000000000000000
564.00000000	13367.89269758143000000000000000000000
566.00000000	13221.36487684095500000000000000000000
568.00000000	13073.89001659068300000000000000000000
570.00000000	12927.03051341710900000000000000000000
572.00000000	12781.24394782818100000000000000000000
574.00000000	12636.60867050277000000000000000000000
576.00000000	12493.10662990544400000000000000000000
578.00000000	12350.71758890557000000000000000000000
580.00000000	12209.42860734099800000000000000000000
582.00000000	12069.23966918853000000000000000000000
584.00000000	11930.16004044644800000000000000000000
586.00000000	11792.20525189456600000000000000000000
588.00000000	11655.39491499304700000000000000000000
590.00000000	11519.75112206606500000000000000000000
592.00000000	11385.29726471279900000000000000000000
594.00000000	11252.05715694386000000000000000000000
596.00000000	11120.05438378570600000000000000000000
598.00000000	10989.31181893582700000000000000000000
600.00000000	10859.85127060895700000000000000000000
602.00000000	10731.69322551644300000000000000000000
604.00000000	10604.85666855089400000000000000000000
606.00000000	10479.35896122687000000000000000000000
608.00000000	10355.21576591734600000000000000000000
610.00000000	10232.44100587357600000000000000000000
612.00000000	10111.04685321918800000000000000000000
614.00000000	9991.04373877711300000000000000000000
616.00000000	9872.44037886464100000000000000000000
618.00000000	9755.24381517759500000000000000000000
620.00000000	9639.45946465487000000000000000000000
622.00000000	9525.09117682040200000000000000000000
624.00000000	9412.14129658128000000000000000000000
626.00000000	9300.61073084470300000000000000000000
628.00000000	9190.49901762731900000000000000000000
630.00000000	9081.80439658098700000000000000000000
632.00000000	8974.52388006400500000000000000000000
634.00000000	8868.65332405447800000000000000000000
636.00000000	8764.18749834025200000000000000000000
638.00000000	8661.12015553411200000000000000000000
640.00000000	8559.44409855648500000000000000000000
642.00000000	8459.15124630727800000000000000000000
644.00000000	8360.23269731240000000000000000000000
646.00000000	8262.67879118557500000000000000000000
648.00000000	8166.47916779073400000000000000000000
650.00000000	8071.62282402801400000000000000000000
652.00000000	7978.09816819730700000000000000000000
654.00000000	7885.89307191948900000000000000000000
656.00000000	7794.99491961664350000000000000000000
658.00000000	7705.39065557004300000000000000000000
660.00000000	7617.06682858918300000000000000000000
662.00000000	7530.00963433661600000000000000000000
664.00000000	7444.20495536275900000000000000000000
666.00000000	7359.63839891195700000000000000000000
668.00000000	7276.29533256698400000000000000000000
670.00000000	7194.16091780307850000000000000000000
672.00000000	7113.22014152621700000000000000000000
674.00000000	7033.45784567153200000000000000000000
676.00000000	6954.85875493971400000000000000000000
678.00000000	6877.40750274936300000000000000000000
680.00000000	6801.08865548288500000000000000000000
682.00000000	6725.88673510357500000000000000000000
684.00000000	6651.78624021943100000000000000000000
686.00000000	6578.77166566912800000000000000000000
688.00000000	6506.82752070266300000000000000000000
690.00000000	6435.93834582814300000000000000000000
692.00000000	6366.08872839390600000000000000000000
694.00000000	6297.26331697275700000000000000000000
696.00000000	6229.44683461323500000000000000000000
698.00000000	6162.62409102001600000000000000000000
700.00000000	6096.77999372369100000000000000000000
702.00000000	6031.89955829729900000000000000000000
704.00000000	5967.96791767494000000000000000000000
706.00000000	5904.97033062515400000000000000000000
708.00000000	5842.89218942971500000000000000000000
710.00000000	5781.71902681576800000000000000000000
712.00000000	5721.43652218741100000000000000000000
714.00000000	5662.03050720028000000000000000000000
716.00000000	5603.48697072075450000000000000000000
718.00000000	5545.79206320916200000000000000000000
720.00000000	5488.93210056455100000000000000000000
722.00000000	5432.89356746640500000000000000000000
724.00000000	5377.60408147543500000000000000000000
726.00000000	5323.16909907845000000000000000000000
728.00000000	5269.51603569191400000000000000000000
730.00000000	5216.63207549952000000000000000000000
732.00000000	5164.50458175483800000000000000000000
734.00000000	5113.12109775020050000000000000000000
736.00000000	5062.46934748271600000000000000000000
738.00000000	5012.53723603991800000000000000000000
740.00000000	4963.31284972619300000000000000000000
742.00000000	4914.78445595006500000000000000000000
744.00000000	4866.94050289089300000000000000000000
746.00000000	4819.76961896282700000000000000000000
748.00000000	4773.26061209239200000000000000000000
750.00000000	4727.40246882536600000000000000000000
752.00000000	4682.18435327742550000000000000000000
754.00000000	4637.59560594228150000000000000000000
756.00000000	4593.62574237010600000000000000000000
758.00000000	4550.26445172820150000000000000000000
760.00000000	4507.50159525505300000000000000000000
762.00000000	4465.32720461845900000000000000000000
764.00000000	4423.73148018724100000000000000000000
766.00000000	4382.70478922590000000000000000000000
768.00000000	4342.23766402065000000000000000000000
770.00000000	4302.32079994477950000000000000000000
772.00000000	4262.94505347075300000000000000000000
774.00000000	4224.10144013599100000000000000000000
776.00000000	4185.78113246864900000000000000000000
778.00000000	4147.97545787945500000000000000000000
780.00000000	4110.67589652503100000000000000000000
782.00000000	4073.87407914797040000000000000000000
784.00000000	4037.56178489824970000000000000000000
786.00000000	4001.73093914049200000000000000000000
788.00000000	3966.37361125116300000000000000000000
790.00000000	3931.48201240938530000000000000000000
792.00000000	3897.04849338485470000000000000000000
794.00000000	3863.06554232605800000000000000000000
796.00000000	3829.52578255177650000000000000000000
798.00000000	3796.42197034846600000000000000000000
800.00000000	3763.74699277606700000000000000000000
802.00000000	3731.49386548447200000000000000000000
804.00000000	3699.65573054271540000000000000000000
806.00000000	3668.22585428273620000000000000000000
808.00000000	3637.19762515951330000000000000000000
810.00000000	3606.56455162896830000000000000000000
812.00000000	3576.32026004518000000000000000000000
814.00000000	3546.45849257808870000000000000000000
816.00000000	3516.97310515281830000000000000000000
818.00000000	3487.85806541164170000000000000000000
820.00000000	3459.10745069948330000000000000000000
822.00000000	3430.71544607372300000000000000000000
824.00000000	3402.67634233903400000000000000000000
826.00000000	3374.98453410777500000000000000000000
828.00000000	3347.63451788657180000000000000000000
830.00000000	3320.62089018939700000000000000000000
832.00000000	3293.93834567757700000000000000000000
834.00000000	3267.58167532706560000000000000000000
836.00000000	3241.54576462311100000000000000000000
838.00000000	3215.82559178259200000000000000000000
840.00000000	3190.41622600408700000000000000000000
842.00000000	3165.31282574580600000000000000000000
844.00000000	3140.51063703134560000000000000000000
846.00000000	3116.00499178334900000000000000000000
848.00000000	3091.79130618492700000000000000000000
850.00000000	3067.86507906883340000000000000000000
852.00000000	3044.22189033423140000000000000000000
854.00000000	3020.85739939094900000000000000000000
856.00000000	2997.76734363101800000000000000000000
858.00000000	2974.94753692732460000000000000000000
860.00000000	2952.39386815912400000000000000000000
862.00000000	2930.10229976427400000000000000000000
864.00000000	2908.06886631778020000000000000000000
866.00000000	2886.28967313656180000000000000000000
868.00000000	2864.76089490998800000000000000000000
870.00000000	2843.47877435604820000000000000000000
872.00000000	2822.43962090269400000000000000000000
874.00000000	2801.63980939416570000000000000000000
876.00000000	2781.07577882189900000000000000000000
878.00000000	2760.74403107970370000000000000000000
880.00000000	2740.64112974290200000000000000000000
882.00000000	2720.76369887100100000000000000000000
884.00000000	2701.10842183368100000000000000000000
886.00000000	2681.67204015960200000000000000000000
888.00000000	2662.45135240778300000000000000000000
890.00000000	2643.44321306114100000000000000000000
892.00000000	2624.64453144186800000000000000000000
894.00000000	2606.05227064821340000000000000000000
896.00000000	2587.66344651244500000000000000000000
898.00000000	2569.47512657947800000000000000000000
900.00000000	2551.48442910591900000000000000000000
902.00000000	2533.68852207912900000000000000000000
904.00000000	2516.08462225596170000000000000000000
906.00000000	2498.66999422079150000000000000000000
908.00000000	2481.44194946255860000000000000000000
910.00000000	2464.39784547038060000000000000000000
912.00000000	2447.53508484744800000000000000000000
914.00000000	2430.85111444288620000000000000000000
916.00000000	2414.34342450115170000000000000000000
918.00000000	2398.00954782874100000000000000000000
920.00000000	2381.84705897779600000000000000000000
922.00000000	2365.85357344631200000000000000000000
924.00000000	2350.02674689461900000000000000000000
926.00000000	2334.36427437785700000000000000000000
928.00000000	2318.86388959403350000000000000000000
930.00000000	2303.52336414747240000000000000000000
932.00000000	2288.34050682725700000000000000000000
934.00000000	2273.31316290042100000000000000000000
936.00000000	2258.43921341957460000000000000000000
938.00000000	2243.71657454462600000000000000000000
940.00000000	2229.14319687843500000000000000000000
942.00000000	2214.71706481597300000000000000000000
944.00000000	2200.43619590678550000000000000000000
946.00000000	2186.29864023053200000000000000000000
948.00000000	2172.30247978520860000000000000000000
950.00000000	2158.44582788787740000000000000000000
952.00000000	2144.72682858769580000000000000000000
954.00000000	2131.14365609081230000000000000000000
956.00000000	2117.69451419708230000000000000000000
958.00000000	2104.37763574823100000000000000000000
960.00000000	2091.19128208725900000000000000000000
962.00000000	2078.13374252885700000000000000000000
964.00000000	2065.20333384062200000000000000000000
966.00000000	2052.39839973479600000000000000000000
968.00000000	2039.71731037034710000000000000000000
970.00000000	2027.15846186515000000000000000000000
972.00000000	2014.72027581810300000000000000000000
974.00000000	2002.40119884086810000000000000000000
976.00000000	1990.19970209916900000000000000000000
978.00000000	1978.11428086330300000000000000000000
980.00000000	1966.14345406779350000000000000000000
982.00000000	1954.28576387990620000000000000000000
984.00000000	1942.53977527687630000000000000000000
986.00000000	1930.90407563165900000000000000000000
988.00000000	1919.37727430701100000000000000000000
990.00000000	1907.95800225773900000000000000000000
992.00000000	1896.64491164094260000000000000000000
994.00000000	1885.43667543405450000000000000000000
996.00000000	1874.33198706054600000000000000000000
998.00000000	1863.32956002312500000000000000000000
1000.00000000	1852.42812754424680000000000000000000
1002.00000000	1841.62644221381130000000000000000000
1004.00000000	1830.92327564387600000000000000000000
1006.00000000	1820.31741813023630000000000000000000
1008.00000000	1809.80767832073480000000000000000000
1010.00000000	1799.39288289014120000000000000000000
1012.00000000	1789.07187622149650000000000000000000
1014.00000000	1778.84352009372950000000000000000000
1016.00000000	1768.70669337547160000000000000000000
1018.00000000	1758.66029172489930000000000000000000
1020.00000000	1748.70322729548100000000000000000000
1022.00000000	1738.83442844750900000000000000000000
1024.00000000	1729.05283946532270000000000000000000
1026.00000000	1719.35742028003820000000000000000000
1028.00000000	1709.74714619770930000000000000000000
1030.00000000	1700.22100763281650000000000000000000
1032.00000000	1690.77800984694160000000000000000000
1034.00000000	1681.41717269253330000000000000000000
1036.00000000	1672.13753036164420000000000000000000
1038.00000000	1662.93813113956180000000000000000000
1040.00000000	1653.81803716319680000000000000000000
1042.00000000	1644.77632418414200000000000000000000
1044.00000000	1635.81208133631410000000000000000000
1046.00000000	1626.92441090807940000000000000000000
1048.00000000	1618.11242811873790000000000000000000
1050.00000000	1609.37526089932900000000000000000000
1052.00000000	1600.71204967759920000000000000000000
1054.00000000	1592.12194716714400000000000000000000
1056.00000000	1583.60411816050850000000000000000000
1058.00000000	1575.15773932628100000000000000000000
1060.00000000	1566.78199901003450000000000000000000
1062.00000000	1558.47609703902410000000000000000000
1064.00000000	1550.23924453063460000000000000000000
1066.00000000	1542.07066370440400000000000000000000
1068.00000000	1533.96958769763640000000000000000000
1070.00000000	1525.93526038446020000000000000000000
1072.00000000	1517.96693619830760000000000000000000
1074.00000000	1510.06387995772910000000000000000000
1076.00000000	1502.22536669545780000000000000000000
1078.00000000	1494.45068149069560000000000000000000
1080.00000000	1486.73911930449940000000000000000000
1082.00000000	1479.08998481826370000000000000000000
1084.00000000	1471.50259227519600000000000000000000
1086.00000000	1463.97626532473500000000000000000000
1088.00000000	1456.51033686983330000000000000000000
1090.00000000	1449.10414891711400000000000000000000
1092.00000000	1441.75705242972530000000000000000000
1094.00000000	1434.46840718297040000000000000000000
1096.00000000	1427.23758162254150000000000000000000
1098.00000000	1420.06395272537400000000000000000000
1100.00000000	1412.94690586306430000000000000000000
1102.00000000	1405.88583466774500000000000000000000
1104.00000000	1398.88014090044900000000000000000000
1106.00000000	1391.92923432183170000000000000000000
1108.00000000	1385.03253256526840000000000000000000
1110.00000000	1378.18946101223290000000000000000000
1112.00000000	1371.39945266995230000000000000000000
1114.00000000	1364.66194805123770000000000000000000
1116.00000000	1357.97639505652820000000000000000000
1118.00000000	1351.34224885799000000000000000000000
1120.00000000	1344.75897178576340000000000000000000
1122.00000000	1338.22603321620950000000000000000000
1124.00000000	1331.74290946214550000000000000000000
1126.00000000	1325.30908366507150000000000000000000
1128.00000000	1318.92404568928830000000000000000000
1130.00000000	1312.58729201790450000000000000000000
1132.00000000	1306.29832565068450000000000000000000
1134.00000000	1300.05665600371250000000000000000000
1136.00000000	1293.86179881081850000000000000000000
1138.00000000	1287.71327602674110000000000000000000
1140.00000000	1281.61061573200000000000000000000000
1142.00000000	1275.55335203942800000000000000000000
1144.00000000	1269.54102500234380000000000000000000
1146.00000000	1263.57318052434310000000000000000000
1148.00000000	1257.64937027063000000000000000000000
1150.00000000	1251.76915158092360000000000000000000
1152.00000000	1245.93208738386080000000000000000000
1154.00000000	1240.13774611288820000000000000000000
1156.00000000	1234.38570162360450000000000000000000
1158.00000000	1228.67553311252550000000000000000000
1160.00000000	1223.00682503726780000000000000000000
1162.00000000	1217.37916703807330000000000000000000
1164.00000000	1211.79215386071200000000000000000000
1166.00000000	1206.24538528068110000000000000000000
1168.00000000	1200.73846602870190000000000000000000
1170.00000000	1195.27100571750730000000000000000000
1172.00000000	1189.84261876983870000000000000000000
1174.00000000	1184.45292434770660000000000000000000
1176.00000000	1179.10154628280590000000000000000000
1178.00000000	1173.78811300814370000000000000000000
1180.00000000	1168.51225749080400000000000000000000
1182.00000000	1163.27361716584730000000000000000000
1184.00000000	1158.07183387131520000000000000000000
1186.00000000	1152.90655378433080000000000000000000
1188.00000000	1147.77742735827130000000000000000000
1190.00000000	1142.68410926098000000000000000000000
1192.00000000	1137.62625831400900000000000000000000
1194.00000000	1132.60353743289400000000000000000000
1196.00000000	1127.61561356837100000000000000000000
1198.00000000	1122.66215764862770000000000000000000
1200.00000000	1117.74284452245340000000000000000000
1202.00000000	1112.85735290337270000000000000000000
1204.00000000	1108.00536531465850000000000000000000
1206.00000000	1103.18656803527640000000000000000000
1208.00000000	1098.40065104669970000000000000000000
1210.00000000	1093.64730798060900000000000000000000
1212.00000000	1088.92623606741900000000000000000000
1214.00000000	1084.23713608567600000000000000000000
1216.00000000	1079.57971231225090000000000000000000
1218.00000000	1074.95367247335570000000000000000000
1220.00000000	1070.35872769634600000000000000000000
1222.00000000	1065.79459246230770000000000000000000
1224.00000000	1061.26098455939680000000000000000000
1226.00000000	1056.74495407409740000000000000000000
1228.00000000	1052.27162963928500000000000000000000
1230.00000000	1047.82800482340000000000000000000000
1232.00000000	1043.41381019570370000000000000000000
1234.00000000	1039.02877941019900000000000000000000
1236.00000000	1034.67264916328140000000000000000000
1238.00000000	1030.34515915207070000000000000000000
1240.00000000	1026.04605203338200000000000000000000
1242.00000000	1021.77507338337940000000000000000000
1244.00000000	1017.53197165782820000000000000000000
1246.00000000	1013.31649815300490000000000000000000
1248.00000000	1009.12840696720480000000000000000000
1250.00000000	1004.96745496285670000000000000000000
1252.00000000	1000.83340172924020000000000000000000
1254.00000000	996.72600954575820000000000000000000
1256.00000000	992.64504334583430000000000000000000
1258.00000000	988.59027068130890000000000000000000
1260.00000000	984.56146168743650000000000000000000
1262.00000000	980.55838904840050000000000000000000
1264.00000000	976.58082796337820000000000000000000
1266.00000000	972.62855611310730000000000000000000
1268.00000000	968.70135362699310000000000000000000
1270.00000000	964.79900305070610000000000000000000
1272.00000000	960.92128931427680000000000000000000
1274.00000000	957.06799970068450000000000000000000
1276.00000000	953.23892381492850000000000000000000
1278.00000000	949.43385355355610000000000000000000
1280.00000000	945.65258307467340000000000000000000
1282.00000000	941.89490876840130000000000000000000
1284.00000000	938.16062922778180000000000000000000
1286.00000000	934.44954522012090000000000000000000
1288.00000000	930.76145965877110000000000000000000
1290.00000000	927.09617757532900000000000000000000
1292.00000000	923.45350609226430000000000000000000
1294.00000000	919.83325439595010000000000000000000
1296.00000000	916.23523371009680000000000000000000
1298.00000000	912.65925726958520000000000000000000
1300.00000000	909.10514029469860000000000000000000
1302.00000000	905.57269996571890000000000000000000
1304.00000000	902.06175539792010000000000000000000
1306.00000000	898.57212761692520000000000000000000
1308.00000000	895.10363953441450000000000000000000
1310.00000000	891.65611592422070000000000000000000
1312.00000000	888.22938339875220000000000000000000
1314.00000000	884.82327038577010000000000000000000
1316.00000000	881.43760710551420000000000000000000
1318.00000000	878.07222554815340000000000000000000
1320.00000000	874.72695945156870000000000000000000
1322.00000000	871.40164427946770000000000000000000
1324.00000000	868.09611719980250000000000000000000
1326.00000000	864.81021706352360000000000000000000
1328.00000000	861.54378438362020000000000000000000
1330.00000000	858.29666131447490000000000000000000
1332.00000000	855.06869163151620000000000000000000
1334.00000000	851.85972071116290000000000000000000
1336.00000000	848.66959551105650000000000000000000
1338.00000000	845.49816455058320000000000000000000
1340.00000000	842.34527789166280000000000000000000
1342.00000000	839.21078711982690000000000000000000
1344.00000000	836.09454532555870000000000000000000
1346.00000000	832.99640708590020000000000000000000
1348.00000000	829.91622844632400000000000000000000
1350.00000000	826.85386690285770000000000000000000
1352.00000000	823.80918138446320000000000000000000
1354.00000000	820.78203223567220000000000000000000
1356.00000000	817.77228119945300000000000000000000
1358.00000000	814.77979140033320000000000000000000
1360.00000000	811.80442732775110000000000000000000
1362.00000000	808.84605481964080000000000000000000
1364.00000000	805.90454104624700000000000000000000
1366.00000000	802.97975449417780000000000000000000
1368.00000000	800.07156495065690000000000000000000
1370.00000000	797.17984348802320000000000000000000
1372.00000000	794.30446244842150000000000000000000
1374.00000000	791.44529542871520000000000000000000
1376.00000000	788.60221726561450000000000000000000
1378.00000000	785.77510402099850000000000000000000
1380.00000000	782.96383296744820000000000000000000
1382.00000000	780.16828257396980000000000000000000
1384.00000000	777.38833249193430000000000000000000
1386.00000000	774.62386354117070000000000000000000
1388.00000000	771.87475769629900000000000000000000
1390.00000000	769.14089807321530000000000000000000
1392.00000000	766.42216891576490000000000000000000
1394.00000000	763.71845558261840000000000000000000
1396.00000000	761.02964453429500000000000000000000
1398.00000000	758.35562332038350000000000000000000
1400.00000000	755.69628056693510000000000000000000
1402.00000000	753.05150596402060000000000000000000
1404.00000000	750.42119025344460000000000000000000
1406.00000000	747.80522521665480000000000000000000
1408.00000000	745.20350366278350000000000000000000
1410.00000000	742.61591941686240000000000000000000
1412.00000000	740.04236730820330000000000000000000
1414.00000000	737.48274315891710000000000000000000
1416.00000000	734.93694377259490000000000000000000
1418.00000000	732.40486692313980000000000000000000
1420.00000000	729.88641134374930000000000000000000
1422.00000000	727.38147671603430000000000000000000
1424.00000000	724.88996365929230000000000000000000
1426.00000000	722.41177371991940000000000000000000
1428.00000000	719.94680936095640000000000000000000
1430.00000000	717.49497395178000000000000000000000
1432.00000000	715.05617175792610000000000000000000
1434.00000000	712.63030793104360000000000000000000
1436.00000000	710.21728849898910000000000000000000
1438.00000000	707.81702035603700000000000000000000
1440.00000000	705.42941125323110000000000000000000
1442.00000000	703.05436978885050000000000000000000
1444.00000000	700.69180539900980000000000000000000
1446.00000000	698.34162834837080000000000000000000
1448.00000000	696.00374972098140000000000000000000
1450.00000000	693.67808141123290000000000000000000
1452.00000000	691.36453611492720000000000000000000
1454.00000000	689.06302732046960000000000000000000
1456.00000000	686.77346930016520000000000000000000
1458.00000000	684.49577710162650000000000000000000
1460.00000000	682.22986653930730000000000000000000
1462.00000000	679.97565418611950000000000000000000
1464.00000000	677.73305736517600000000000000000000
1466.00000000	675.50199414163350000000000000000000
1468.00000000	673.28238331463550000000000000000000
1470.00000000	671.07414440936450000000000000000000
1472.00000000	668.87719766918190000000000000000000
1474.00000000	666.69146404788530000000000000000000
1476.00000000	664.51686520205000000000000000000000
1478.00000000	662.35332348346970000000000000000000
1480.00000000	660.20076193169390000000000000000000
1482.00000000	658.05910426666540000000000000000000
1484.00000000	655.92827488143090000000000000000000
1486.00000000	653.80819883496610000000000000000000
1488.00000000	651.69880184507490000000000000000000
1490.00000000	649.60001028138050000000000000000000
1492.00000000	647.51175115840990000000000000000000
1494.00000000	645.43395212875120000000000000000000
1496.00000000	643.36654147631180000000000000000000
1498.00000000	641.30944810964760000000000000000000
1500.00000000	639.26260155538080000000000000000000
1502.00000000	637.22593195168970000000000000000000
1504.00000000	635.19937004190270000000000000000000
1506.00000000	633.18284716813700000000000000000000
1508.00000000	631.17629526504000000000000000000000
1510.00000000	629.17964685360360000000000000000000
1512.00000000	627.19283503503680000000000000000000
1514.00000000	625.21579348474690000000000000000000
1516.00000000	623.24845644635550000000000000000000
1518.00000000	621.29075872581850000000000000000000
1520.00000000	619.34263568559100000000000000000000
1522.00000000	617.40402323889200000000000000000000
1524.00000000	615.47485784401300000000000000000000
1526.00000000	613.55507649870540000000000000000000
1528.00000000	611.64461673463780000000000000000000
1530.00000000	609.74341661191830000000000000000000
1532.00000000	607.85141471367980000000000000000000
1534.00000000	605.96855014073280000000000000000000
1536.00000000	604.09476250628140000000000000000000
1538.00000000	602.22999193070560000000000000000000
1540.00000000	600.37417903639810000000000000000000
1542.00000000	598.52726494266850000000000000000000
1544.00000000	596.68919126071180000000000000000000
1546.00000000	594.85990008862440000000000000000000
1548.00000000	593.03933400649510000000000000000000
1550.00000000	591.22743607153550000000000000000000
1552.00000000	589.42414981328660000000000000000000
1554.00000000	587.62941922887220000000000000000000
1556.00000000	585.84318877830190000000000000000000
1558.00000000	584.06540337984500000000000000000000
1560.00000000	582.29600840544730000000000000000000
1562.00000000	580.53494967620270000000000000000000
1564.00000000	578.78217345788470000000000000000000
1566.00000000	577.03762645651860000000000000000000
1568.00000000	575.30125581401350000000000000000000
1570.00000000	573.57300910384700000000000000000000
1572.00000000	571.85283432679180000000000000000000
1574.00000000	570.14067990669870000000000000000000
1576.00000000	568.43649468632410000000000000000000
1578.00000000	566.74022792320450000000000000000000
1580.00000000	565.05182928559220000000000000000000
1582.00000000	563.37124884841750000000000000000000
1584.00000000	561.69843708930410000000000000000000
1586.00000000	560.03334488464930000000000000000000
1588.00000000	558.37592350571060000000000000000000
1590.00000000	556.72612461477960000000000000000000
1592.00000000	555.08390026136250000000000000000000
1594.00000000	553.44920287843830000000000000000000
1596.00000000	551.82198527872410000000000000000000
1598.00000000	550.20220065101280000000000000000000
1600.00000000	548.58980255653880000000000000000000
1602.00000000	546.98474492538140000000000000000000
1604.00000000	545.38698205292000000000000000000000
1606.00000000	543.79646859631950000000000000000000
1608.00000000	542.21315957105900000000000000000000
1610.00000000	540.63701034750260000000000000000000
1612.00000000	539.06797664750410000000000000000000
1614.00000000	537.50601454104840000000000000000000
1616.00000000	535.95108044293700000000000000000000
1618.00000000	534.40313110950760000000000000000000
1620.00000000	532.86212363538660000000000000000000
1622.00000000	531.32801545028390000000000000000000
1624.00000000	529.80076431581640000000000000000000
1626.00000000	528.28032832237520000000000000000000
1628.00000000	526.76666588602010000000000000000000
1630.00000000	525.25973574541070000000000000000000
1632.00000000	523.75949695877610000000000000000000
1634.00000000	522.26590890090900000000000000000000
1636.00000000	520.77893126020310000000000000000000
1638.00000000	519.29852403571100000000000000000000
1640.00000000	517.82464753424840000000000000000000
1642.00000000	516.35726236751770000000000000000000
1644.00000000	514.89632944927210000000000000000000
1646.00000000	513.44180999250310000000000000000000
1648.00000000	511.99366550666710000000000000000000
1650.00000000	510.55185779493250000000000000000000
1652.00000000	509.11634895146454000000000000000000
1654.00000000	507.68710135873620000000000000000000
1656.00000000	506.26407768487120000000000000000000
1658.00000000	504.84724088100944000000000000000000
1660.00000000	503.43655417870497000000000000000000
1662.00000000	502.03198108735614000000000000000000
1664.00000000	500.63348539165884000000000000000000
1666.00000000	499.24103114908100000000000000000000
1668.00000000	497.85458268737835000000000000000000
1670.00000000	496.47410460212470000000000000000000
1672.00000000	495.09956175427493000000000000000000
1674.00000000	493.73091926775095000000000000000000
1676.00000000	492.36814252705733000000000000000000
1678.00000000	491.01119717491840000000000000000000
1680.00000000	489.66004910993810000000000000000000
1682.00000000	488.31466448429245000000000000000000
1684.00000000	486.97500970144443000000000000000000
1686.00000000	485.64105141387580000000000000000000
1688.00000000	484.31275652084700000000000000000000
1690.00000000	482.99009216619356000000000000000000
1692.00000000	481.67302573611596000000000000000000
1694.00000000	480.36152485702786000000000000000000
1696.00000000	479.05555739339660000000000000000000
1698.00000000	477.75509144562920000000000000000000
1700.00000000	476.46009534796303000000000000000000
1702.00000000	475.17053766639360000000000000000000
1704.00000000	473.88638719661026000000000000000000
1706.00000000	472.60761296196637000000000000000000
1708.00000000	471.33418421145376000000000000000000
1710.00000000	470.06607041772565000000000000000000
1712.00000000	468.80324127510150000000000000000000
1714.00000000	467.54566669763400000000000000000000
1716.00000000	466.29331681716230000000000000000000
1718.00000000	465.04616198140660000000000000000000
1720.00000000	463.80417275207225000000000000000000
1722.00000000	462.56731990297310000000000000000000
1724.00000000	461.33557441818635000000000000000000
1726.00000000	460.10890749020547000000000000000000
1728.00000000	458.88729051813056000000000000000000
1730.00000000	457.67069510587294000000000000000000
1732.00000000	456.45909306036515000000000000000000
1734.00000000	455.25245638981085000000000000000000
1736.00000000	454.05075730193440000000000000000000
1738.00000000	452.85396820225617000000000000000000
1740.00000000	451.66206169238626000000000000000000
1742.00000000	450.47501056833470000000000000000000
1744.00000000	449.29278781882830000000000000000000
1746.00000000	448.11536662366836000000000000000000
1748.00000000	446.94272035207956000000000000000000
1750.00000000	445.77482256109020000000000000000000
1752.00000000	444.61164699392410000000000000000000
1754.00000000	443.45316757840766000000000000000000
1756.00000000	442.29935842540220000000000000000000
1758.00000000	441.15019382723426000000000000000000
1760.00000000	440.00564825615925000000000000000000
1762.00000000	438.86569636283020000000000000000000
1764.00000000	437.73031297478565000000000000000000
1766.00000000	436.59947309494910000000000000000000
1768.00000000	435.47315190014984000000000000000000
1770.00000000	434.35132473965040000000000000000000
1772.00000000	433.23396713369890000000000000000000
1774.00000000	432.12105477208210000000000000000000
1776.00000000	431.01256351270507000000000000000000
1778.00000000	429.90846938017670000000000000000000
1780.00000000	428.80874856441910000000000000000000
1782.00000000	427.71337741927476000000000000000000
1784.00000000	426.62233246114573000000000000000000
1786.00000000	425.53559036762823000000000000000000
1788.00000000	424.45312797618040000000000000000000
1790.00000000	423.37492228278006000000000000000000
1792.00000000	422.30095044061850000000000000000000
1794.00000000	421.23118975878950000000000000000000
1796.00000000	420.16561770100253000000000000000000
1798.00000000	419.10421188429730000000000000000000
1800.00000000	418.04695007778736000000000000000000
1802.00000000	416.99381020139765000000000000000000
1804.00000000	415.94477032462420000000000000000000
1806.00000000	414.89980866530743000000000000000000
1808.00000000	413.85890358841004000000000000000000
1810.00000000	412.82203360481530000000000000000000
1812.00000000	411.78917737012520000000000000000000
1814.00000000	410.76031368348800000000000000000000
1816.00000000	409.73542148641394000000000000000000
1818.00000000	408.71447986162610000000000000000000
1820.00000000	407.69746803190014000000000000000000
1822.00000000	406.68436535893744000000000000000000
1824.00000000	405.67515134222740000000000000000000
1826.00000000	404.66980561793645000000000000000000
1828.00000000	403.66830795779880000000000000000000
1830.00000000	402.67063826802473000000000000000000
1832.00000000	401.67677658820776000000000000000000
1834.00000000	400.68670309025947000000000000000000
1836.00000000	399.70039807733800000000000000000000
1838.00000000	398.71784198279460000000000000000000
1840.00000000	397.73901536913013000000000000000000
1842.00000000	396.76389892695994000000000000000000
1844.00000000	395.79247347398590000000000000000000
1846.00000000	394.82471995398475000000000000000000
1848.00000000	393.86061943580300000000000000000000
1850.00000000	392.90015311235334000000000000000000
1852.00000000	391.94330229963396000000000000000000
1854.00000000	390.99004843575030000000000000000000
1856.00000000	390.04037307994207000000000000000000
1858.00000000	389.09425791162687000000000000000000
1860.00000000	388.15168472944920000000000000000000
1862.00000000	387.21263545033554000000000000000000
1864.00000000	386.27709210856557000000000000000000
1866.00000000	385.34503685484395000000000000000000
1868.00000000	384.41645195538564000000000000000000
1870.00000000	383.49131979100520000000000000000000
1872.00000000	382.56962285622640000000000000000000
1874.00000000	381.65134375838136000000000000000000
1876.00000000	380.73646521673106000000000000000000
1878.00000000	379.82497006159510000000000000000000
1880.00000000	378.91684123347830000000000000000000
1882.00000000	378.01206178221800000000000000000000
1884.00000000	377.11061486612800000000000000000000
1886.00000000	376.21248375116096000000000000000000
1888.00000000	375.31765181006820000000000000000000
1890.00000000	374.42610252157726000000000000000000
1892.00000000	373.53781946956735000000000000000000
1894.00000000	372.65278634225690000000000000000000
1896.00000000	371.77098693140320000000000000000000
1898.00000000	370.89240513149730000000000000000000
1900.00000000	370.01702493898050000000000000000000
1902.00000000	369.14483045145340000000000000000000
1904.00000000	368.27580586690700000000000000000000
1906.00000000	367.40993548294637000000000000000000
1908.00000000	366.54720369603547000000000000000000
1910.00000000	365.68759500073350000000000000000000
1912.00000000	364.83109398895110000000000000000000
1914.00000000	363.97768534920624000000000000000000
1916.00000000	363.12735386589173000000000000000000
1918.00000000	362.28008441854126000000000000000000
1920.00000000	361.43586198111180000000000000000000
1922.00000000	360.59467162126475000000000000000000
1924.00000000	359.75649849965623000000000000000000
1926.00000000	358.92132786923804000000000000000000
1928.00000000	358.08914507455180000000000000000000
1930.00000000	357.25993555104940000000000000000000
1932.00000000	356.43368482439940000000000000000000
1934.00000000	355.61037850981387000000000000000000
1936.00000000	354.79000231137104000000000000000000
1938.00000000	353.97254202135430000000000000000000
1940.00000000	353.15798351958415000000000000000000
1942.00000000	352.34631277277320000000000000000000
1944.00000000	351.53751583386570000000000000000000
1946.00000000	350.73157884140160000000000000000000
1948.00000000	349.92848801887720000000000000000000
1950.00000000	349.12822967411205000000000000000000
1952.00000000	348.33079019862174000000000000000000
1954.00000000	347.53615606699810000000000000000000
1956.00000000	346.74431383629184000000000000000000
1958.00000000	345.95525014540370000000000000000000
1960.00000000	345.16895171447777000000000000000000
1962.00000000	344.38540534430376000000000000000000
1964.00000000	343.60459791571900000000000000000000
1966.00000000	342.82651638902234000000000000000000
1968.00000000	342.05114780338610000000000000000000
1970.00000000	341.27847927628096000000000000000000
1972.00000000	340.50849800289960000000000000000000
1974.00000000	339.74119125558550000000000000000000
1976.00000000	338.97654638327134000000000000000000
1978.00000000	338.21455081091835000000000000000000
1980.00000000	337.45519200108550000000000000000000
1982.00000000	336.69845760511940000000000000000000
1984.00000000	335.94433523463886000000000000000000
1986.00000000	335.19281261322070000000000000000000
1988.00000000	334.44387753773680000000000000000000
1990.00000000	333.69751787783343000000000000000000
1992.00000000	332.95372157539800000000000000000000
1994.00000000	332.21247664403860000000000000000000
1996.00000000	331.47377116856630000000000000000000
1998.00000000	330.73759330448170000000000000000000
2000.00000000	330.00393127746383000000000000000000
