100.00000000	-1355.53747002365780000000000000000000
102.00000000	-1201.94283248924350000000000000000000
104.00000000	-1080.98984924617300000000000000000000
106.00000000	-999.69676457935570000000000000000000
108.00000000	-922.46755539060790000000000000000000
110.00000000	-849.17237915552740000000000000000000
112.00000000	-779.70578146993700000000000000000000
114.00000000	-722.84024610087750000000000000000000
116.00000000	-674.34910711880090000000000000000000
118.00000000	-628.95775751084070000000000000000000
120.00000000	-586.38056705198890000000000000000000
122.00000000	-546.35997421548150000000000000000000
124.00000000	-508.46577784094023000000000000000000
126.00000000	-454.05723921613173000000000000000000
128.00000000	-403.36817531453940000000000000000000
130.00000000	-356.02276780411380000000000000000000
132.00000000	-311.68824901173290000000000000000000
134.00000000	-270.06995227609390000000000000000000
136.00000000	-230.90699771213383000000000000000000
138.00000000	-195.10006255752256000000000000000000
140.00000000	-169.05663826568852000000000000000000
142.00000000	-144.21691510634800000000000000000000
144.00000000	-120.48263051541615000000000000000000
146.00000000	-97.76799516230253000000000000000000
148.00000000	-76.03535421831197000000000000000000
150.00000000	-55.14694287526620000000000000000000
152.00000000	-35.08478313491012600000000000000000
154.00000000	-15.80269597308808100000000000000000
156.00000000	1.04088101436060950000000000000000
158.00000000	15.70002762732510200000000000000000
160.00000000	29.84665769880957200000000000000000
162.00000000	43.48650225719690000000000000000000
164.00000000	56.62112699538143000000000000000000
166.00000000	69.24827171625108000000000000000000
168.00000000	81.36217634687156000000000000000000
170.00000000	92.95389804561694000000000000000000
172.00000000	104.01162392107750000000000000000000
174.00000000	114.52098400366476000000000000000000
176.00000000	124.46536936556716000000000000000000
178.00000000	125.79819810608203000000000000000000
180.00000000	116.99291546192953000000000000000000
182.00000000	108.29174812538689000000000000000000
184.00000000	113.38168083778743000000000000000000
186.00000000	120.42471986779360000000000000000000
188.00000000	124.33308817657519000000000000000000
190.00000000	99.44707435713693000000000000000000
192.00000000	75.24681927313593000000000000000000
194.00000000	52.75654350739497000000000000000000
196.00000000	37.36894928031520000000000000000000
198.00000000	22.04372218689682600000000000000000
200.00000000	7.06893999509219650000000000000000
202.00000000	11.91288259911244300000000000000000
204.00000000	15.76913302600269300000000000000000
206.00000000	18.66163103598251000000000000000000
208.00000000	3.18704679577233430000000000000000
210.00000000	-20.24116959185808500000000000000000
212.00000000	-43.32344760938500000000000000000000
214.00000000	-67.97248096139462000000000000000000
216.00000000	-106.31639453906199000000000000000000
218.00000000	-143.30869307564035000000000000000000
220.00000000	-178.80471117533028000000000000000000
222.00000000	-208.49631459533956000000000000000000
224.00000000	-227.20652501772470000000000000000000
226.00000000	-244.31883450866547000000000000000000
228.00000000	-259.47822353747415000000000000000000
230.00000000	-271.27756196538120000000000000000000
232.00000000	-276.44743206061435000000000000000000
234.00000000	-278.27909830526664000000000000000000
236.00000000	-276.08469190913524000000000000000000
238.00000000	-269.01557490717280000000000000000000
240.00000000	-254.24738218819573000000000000000000
242.00000000	-231.46712406009340000000000000000000
244.00000000	-199.20712334203142000000000000000000
246.00000000	-155.20818026426082000000000000000000
248.00000000	-96.63033711970677000000000000000000
250.00000000	3.42089168623754650000000000000000
252.00000000	119.46464242450965000000000000000000
254.00000000	249.51964128648950000000000000000000
256.00000000	390.67287633503390000000000000000000
258.00000000	541.29482132376360000000000000000000
260.00000000	705.14761225243300000000000000000000
262.00000000	880.04976349403990000000000000000000
264.00000000	1062.67580880010840000000000000000000
266.00000000	1247.73141918124700000000000000000000
268.00000000	1429.25051989289950000000000000000000
270.00000000	1610.56528309902570000000000000000000
272.00000000	1807.18540170921960000000000000000000
274.00000000	1991.97896007324860000000000000000000
276.00000000	2164.42639929612140000000000000000000
278.00000000	2324.77429648027870000000000000000000
280.00000000	2473.72741760804100000000000000000000
282.00000000	2611.46605879074560000000000000000000
284.00000000	2733.37571120433360000000000000000000
286.00000000	2846.22917574675830000000000000000000
288.00000000	2951.15662296987880000000000000000000
290.00000000	3049.17413295901130000000000000000000
292.00000000	3141.17525712839820000000000000000000
294.00000000	3227.93457872411900000000000000000000
296.00000000	3320.46756437353770000000000000000000
298.00000000	3424.62149393620500000000000000000000
300.00000000	3525.68311496613200000000000000000000
302.00000000	3623.93540627065570000000000000000000
304.00000000	3719.63013396102800000000000000000000
306.00000000	3812.99273666877700000000000000000000
308.00000000	3904.22633300865350000000000000000000
310.00000000	3993.93841462351470000000000000000000
312.00000000	4098.32170080136350000000000000000000
314.00000000	4200.93755159554300000000000000000000
316.00000000	4301.91173486172400000000000000000000
318.00000000	4401.36837790551100000000000000000000
320.00000000	4499.42928621471300000000000000000000
322.00000000	4596.21332889278300000000000000000000
324.00000000	4691.83590470866150000000000000000000
326.00000000	4786.40849504249900000000000000000000
328.00000000	4873.88125855582350000000000000000000
330.00000000	4959.54017124133100000000000000000000
332.00000000	5044.41730474453000000000000000000000
334.00000000	5128.60916207195300000000000000000000
336.00000000	5212.19230457311550000000000000000000
338.00000000	5295.27943793264300000000000000000000
340.00000000	5377.93627528797000000000000000000000
342.00000000	5460.23663462134800000000000000000000
344.00000000	5542.24903158376400000000000000000000
346.00000000	5625.05876326883000000000000000000000
348.00000000	5707.93059764861600000000000000000000
350.00000000	5790.67164875084000000000000000000000
352.00000000	5873.33320296141400000000000000000000
354.00000000	5955.96217079690200000000000000000000
356.00000000	6038.60133979870600000000000000000000
358.00000000	6121.28962445811900000000000000000000
360.00000000	6204.06230962053300000000000000000000
362.00000000	6286.95128473351800000000000000000000
364.00000000	6369.98526711449100000000000000000000
366.00000000	6467.45458574143600000000000000000000
368.00000000	6572.01019722889400000000000000000000
370.00000000	6676.87187063479400000000000000000000
372.00000000	6782.06651926083300000000000000000000
374.00000000	6887.61869672617650000000000000000000
376.00000000	6993.55068661516100000000000000000000
378.00000000	7099.88258842530500000000000000000000
380.00000000	7206.63240024679800000000000000000000
382.00000000	7313.81609869219000000000000000000000
384.00000000	7421.44771663974100000000000000000000
386.00000000	7529.53941936672600000000000000000000
388.00000000	7640.10644755402700000000000000000000
390.00000000	7756.14313522946900000000000000000000
392.00000000	7872.47928184242850000000000000000000
394.00000000	7989.05009734523400000000000000000000
396.00000000	8105.87574231816300000000000000000000
398.00000000	8222.94542283410700000000000000000000
400.00000000	8340.24639130978700000000000000000000
402.00000000	8457.76409483969300000000000000000000
404.00000000	8575.48232464972000000000000000000000
406.00000000	8693.38336677012400000000000000000000
408.00000000	8811.44815406609000000000000000000000
410.00000000	8929.65641981090400000000000000000000
412.00000000	9047.98685304439600000000000000000000
414.00000000	9170.95356540086000000000000000000000
416.00000000	9301.68459672908500000000000000000000
418.00000000	9432.24298404329400000000000000000000
420.00000000	9562.59280222680200000000000000000000
422.00000000	9692.69762481285400000000000000000000
424.00000000	9822.52075315869300000000000000000000
426.00000000	9952.02545216755200000000000000000000
428.00000000	10081.17519392665600000000000000000000
430.00000000	10209.93391100604000000000000000000000
432.00000000	10338.26626164190200000000000000000000
434.00000000	10466.13790964285400000000000000000000
436.00000000	10593.51582265433200000000000000000000
438.00000000	10720.36859346301200000000000000000000
440.00000000	10846.66679041106200000000000000000000
442.00000000	10972.38334485557400000000000000000000
444.00000000	11055.13413482257200000000000000000000
446.00000000	11109.53528908697600000000000000000000
448.00000000	11162.91998383394100000000000000000000
450.00000000	11215.29701249160300000000000000000000
452.00000000	11266.68110017665300000000000000000000
454.00000000	11317.09356498571100000000000000000000
456.00000000	11366.56318963444600000000000000000000
458.00000000	11415.12739250723000000000000000000000
460.00000000	11462.83383341701500000000000000000000
462.00000000	11509.74266620805600000000000000000000
464.00000000	11555.97879741440200000000000000000000
466.00000000	11601.54021681016500000000000000000000
468.00000000	11646.60080883579000000000000000000000
470.00000000	11691.32504557598300000000000000000000
472.00000000	11735.93804724228500000000000000000000
474.00000000	11780.76380333524500000000000000000000
476.00000000	11826.30387328994000000000000000000000
478.00000000	11875.19839405419800000000000000000000
480.00000000	11928.34667452407800000000000000000000
482.00000000	11990.17676266302600000000000000000000
484.00000000	12071.55480950236400000000000000000000
486.00000000	12099.60885262422700000000000000000000
488.00000000	12124.13603638280400000000000000000000
490.00000000	12145.95537812414800000000000000000000
492.00000000	12165.36063914565600000000000000000000
494.00000000	12182.52716172225000000000000000000000
496.00000000	12197.58540967136500000000000000000000
498.00000000	12210.64501961778800000000000000000000
500.00000000	12221.80506164649000000000000000000000
502.00000000	12231.15920575742900000000000000000000
504.00000000	12238.79866713487700000000000000000000
506.00000000	12244.81407962552700000000000000000000
508.00000000	12249.29682661746000000000000000000000
510.00000000	12252.34010410643000000000000000000000
512.00000000	12254.03987743115200000000000000000000
514.00000000	12254.49584165766100000000000000000000
516.00000000	12253.81247506584300000000000000000000
518.00000000	12251.26847776642500000000000000000000
520.00000000	12247.61452492784900000000000000000000
522.00000000	12243.34015945484700000000000000000000
524.00000000	12238.57948935160900000000000000000000
526.00000000	12233.48207084638000000000000000000000
528.00000000	12228.21752012293000000000000000000000
530.00000000	12222.98246476717600000000000000000000
532.00000000	12218.01445723442200000000000000000000
534.00000000	12213.61334617259900000000000000000000
536.00000000	12210.18626494125800000000000000000000
538.00000000	12208.26702798247600000000000000000000
540.00000000	12208.23640933617800000000000000000000
542.00000000	12208.71528614626700000000000000000000
544.00000000	12201.97392910154100000000000000000000
546.00000000	12173.65944797954000000000000000000000
548.00000000	12125.28723897593600000000000000000000
550.00000000	12077.63488332944100000000000000000000
552.00000000	12046.63988916535200000000000000000000
554.00000000	12037.27301296916800000000000000000000
556.00000000	12042.47575769320200000000000000000000
558.00000000	12040.85934604215600000000000000000000
560.00000000	12013.49987455579500000000000000000000
562.00000000	11962.86225134019700000000000000000000
564.00000000	11887.49376237002800000000000000000000
566.00000000	11768.08927977912800000000000000000000
568.00000000	11648.16883988802300000000000000000000
570.00000000	11529.14141565237300000000000000000000
572.00000000	11411.45669689584600000000000000000000
574.00000000	11295.21062563532200000000000000000000
576.00000000	11180.39402841169000000000000000000000
578.00000000	11066.98101292774800000000000000000000
580.00000000	10954.94171516073800000000000000000000
582.00000000	10844.25077097248500000000000000000000
584.00000000	10734.88647770055300000000000000000000
586.00000000	10626.82981897450000000000000000000000
588.00000000	10520.06376122936500000000000000000000
590.00000000	10414.57273907751000000000000000000000
592.00000000	10310.34227456775600000000000000000000
594.00000000	10207.35869299710000000000000000000000
596.00000000	10105.60890939357900000000000000000000
598.00000000	10005.08026739841400000000000000000000
600.00000000	9905.76041743678300000000000000000000
602.00000000	9807.63722463167000000000000000000000
604.00000000	9710.69869941960000000000000000000000
606.00000000	9614.93294561328700000000000000000000
608.00000000	9520.32812194686400000000000000000000
610.00000000	9426.87241408524000000000000000000000
612.00000000	9334.55401477930400000000000000000000
614.00000000	9243.36111037244700000000000000000000
616.00000000	9153.28187226074400000000000000000000
618.00000000	9064.30445221076300000000000000000000
620.00000000	8976.80049884528500000000000000000000
622.00000000	8897.58729916959200000000000000000000
624.00000000	8819.29877507541500000000000000000000
626.00000000	8741.92284192813700000000000000000000
628.00000000	8665.44762885623300000000000000000000
630.00000000	8589.86146355861100000000000000000000
632.00000000	8515.15285938611500000000000000000000
634.00000000	8441.31050433847100000000000000000000
636.00000000	8368.32325167730000000000000000000000
638.00000000	8296.18011190499200000000000000000000
640.00000000	8224.87024589847200000000000000000000
642.00000000	8154.38295902121800000000000000000000
644.00000000	8084.70769606342300000000000000000000
646.00000000	8015.83403688403900000000000000000000
648.00000000	7947.75169264711000000000000000000000
650.00000000	7880.45050256147900000000000000000000
652.00000000	7813.92043104597450000000000000000000
654.00000000	7748.15156525426500000000000000000000
656.00000000	7683.13411290302100000000000000000000
658.00000000	7618.85840035520600000000000000000000
660.00000000	7555.31487091746700000000000000000000
662.00000000	7492.49408331667900000000000000000000
664.00000000	7430.38671032564500000000000000000000
666.00000000	7368.98353751229400000000000000000000
668.00000000	7308.27546209074400000000000000000000
670.00000000	7248.25349185535300000000000000000000
672.00000000	7188.90874418236900000000000000000000
674.00000000	7130.23244508511000000000000000000000
676.00000000	7072.21592831178500000000000000000000
678.00000000	7014.85063447600400000000000000000000
680.00000000	6958.12811021182700000000000000000000
682.00000000	6902.04000734671400000000000000000000
684.00000000	6846.57808208632900000000000000000000
686.00000000	6791.73419420673000000000000000000000
688.00000000	6737.50030624996800000000000000000000
690.00000000	6685.02101072848300000000000000000000
692.00000000	6633.82900494564200000000000000000000
694.00000000	6583.17451613267000000000000000000000
696.00000000	6533.05118246811250000000000000000000
698.00000000	6483.45270545751300000000000000000000
700.00000000	6434.37285015130000000000000000000000
702.00000000	6385.80544532069400000000000000000000
704.00000000	6337.74438359220100000000000000000000
706.00000000	6290.18362154209600000000000000000000
708.00000000	6243.11717975162900000000000000000000
710.00000000	6196.53914282427600000000000000000000
712.00000000	6150.44365936629500000000000000000000
714.00000000	6104.82494193182450000000000000000000
716.00000000	6059.67726693398600000000000000000000
718.00000000	6014.99497452316700000000000000000000
720.00000000	5970.77246843420300000000000000000000
722.00000000	5927.00421580345800000000000000000000
724.00000000	5883.65726496556700000000000000000000
726.00000000	5840.78121328138500000000000000000000
728.00000000	5798.34319741190700000000000000000000
730.00000000	5756.33793561167700000000000000000000
732.00000000	5714.76020822620100000000000000000000
734.00000000	5673.60485735835500000000000000000000
736.00000000	5632.86678651442700000000000000000000
738.00000000	5592.54096023069100000000000000000000
740.00000000	5552.62240368209700000000000000000000
742.00000000	5513.10620227396000000000000000000000
744.00000000	5473.98750121784600000000000000000000
746.00000000	5435.26150509283700000000000000000000
748.00000000	5396.92347739310200000000000000000000
750.00000000	5358.96874006284800000000000000000000
752.00000000	5321.39267301962800000000000000000000
754.00000000	5284.19071366687400000000000000000000
756.00000000	5247.35835639664000000000000000000000
758.00000000	5210.89115208345800000000000000000000
760.00000000	5174.78470756984500000000000000000000
762.00000000	5139.03468514472800000000000000000000
764.00000000	5103.63680201501100000000000000000000
766.00000000	5068.58682977150700000000000000000000
768.00000000	5033.88059384948800000000000000000000
770.00000000	4999.51397298482000000000000000000000
772.00000000	4965.48289866613600000000000000000000
774.00000000	4931.78335458377700000000000000000000
776.00000000	4899.48593572090000000000000000000000
778.00000000	4868.31660373242200000000000000000000
780.00000000	4837.42764935618900000000000000000000
782.00000000	4806.81605864236800000000000000000000
784.00000000	4776.47884997734400000000000000000000
786.00000000	4746.41307390156200000000000000000000
788.00000000	4716.61581291949500000000000000000000
790.00000000	4687.08418130201200000000000000000000
792.00000000	4657.81532488164700000000000000000000
794.00000000	4628.80642084147200000000000000000000
796.00000000	4600.05467749775100000000000000000000
798.00000000	4571.55733407703200000000000000000000
800.00000000	4543.31166048800000000000000000000000
802.00000000	4515.31495708853400000000000000000000
804.00000000	4487.56455444832700000000000000000000
806.00000000	4460.05781310742200000000000000000000
808.00000000	4432.79212333111600000000000000000000
810.00000000	4405.76490486146600000000000000000000
812.00000000	4378.97360666569100000000000000000000
814.00000000	4352.41570668197800000000000000000000
816.00000000	4326.08871156273500000000000000000000
818.00000000	4299.99015641568700000000000000000000
820.00000000	4274.11760454312300000000000000000000
822.00000000	4248.46864717950000000000000000000000
824.00000000	4223.04090322756900000000000000000000
826.00000000	4197.83201899340100000000000000000000
828.00000000	4172.83966792043300000000000000000000
830.00000000	4148.06155032274700000000000000000000
832.00000000	4123.49539311775600000000000000000000
834.00000000	4099.13894955869200000000000000000000
836.00000000	4074.98999896660730000000000000000000
838.00000000	4051.04634646264100000000000000000000
840.00000000	4027.30582270022900000000000000000000
842.00000000	4003.76628359764500000000000000000000
844.00000000	3980.42561007100500000000000000000000
846.00000000	3957.28170776779140000000000000000000
848.00000000	3934.33250680100630000000000000000000
850.00000000	3911.57596148425730000000000000000000
852.00000000	3889.01005006756600000000000000000000
854.00000000	3866.63277447443600000000000000000000
856.00000000	3844.44216003976100000000000000000000
858.00000000	3822.43625524921400000000000000000000
860.00000000	3800.61313147967350000000000000000000
862.00000000	3778.97088274126870000000000000000000
864.00000000	3757.50762542069200000000000000000000
866.00000000	3736.22149802614400000000000000000000
868.00000000	3715.11066093386030000000000000000000
870.00000000	3694.17329613619180000000000000000000
872.00000000	3673.40760699155700000000000000000000
874.00000000	3652.81181797608600000000000000000000
876.00000000	3632.38417443697650000000000000000000
878.00000000	3612.12294234794940000000000000000000
880.00000000	3592.02640806636400000000000000000000
882.00000000	3572.09287809241800000000000000000000
884.00000000	3552.32067883029460000000000000000000
886.00000000	3532.41570593540800000000000000000000
888.00000000	3511.60929854286860000000000000000000
890.00000000	3490.98022049925800000000000000000000
892.00000000	3470.52653449471840000000000000000000
894.00000000	3450.24632860618840000000000000000000
896.00000000	3430.13771591466370000000000000000000
898.00000000	3410.19883412868100000000000000000000
900.00000000	3390.42784521439670000000000000000000
902.00000000	3370.82293503170400000000000000000000
904.00000000	3351.38231297666200000000000000000000
906.00000000	3332.10421162972940000000000000000000
908.00000000	3312.98688641004500000000000000000000
910.00000000	3294.02861523541420000000000000000000
912.00000000	3275.22769818800300000000000000000000
914.00000000	3256.58245718557460000000000000000000
916.00000000	3238.09123565824070000000000000000000
918.00000000	3219.75239823052060000000000000000000
920.00000000	3201.56433040874200000000000000000000
922.00000000	3183.52543827351400000000000000000000
924.00000000	3165.63414817740430000000000000000000
926.00000000	3147.88890644749930000000000000000000
928.00000000	3130.28817909289140000000000000000000
930.00000000	3112.83045151699900000000000000000000
932.00000000	3095.51422823456730000000000000000000
934.00000000	3078.33803259334400000000000000000000
936.00000000	3061.30040650020240000000000000000000
938.00000000	3044.39991015191300000000000000000000
940.00000000	3027.63512177011440000000000000000000
942.00000000	3011.00463734072670000000000000000000
944.00000000	2994.50707035749060000000000000000000
946.00000000	2978.14105156977700000000000000000000
948.00000000	2961.90522873436400000000000000000000
950.00000000	2945.79826637129830000000000000000000
952.00000000	2929.81884552365640000000000000000000
954.00000000	2913.96566352118800000000000000000000
956.00000000	2898.23743374777860000000000000000000
958.00000000	2882.63288541258630000000000000000000
960.00000000	2867.15076332485840000000000000000000
962.00000000	2851.78982767241860000000000000000000
964.00000000	2836.54885380361500000000000000000000
966.00000000	2821.42663201274040000000000000000000
968.00000000	2806.42196732893630000000000000000000
970.00000000	2791.53367930836160000000000000000000
972.00000000	2776.76060182971600000000000000000000
974.00000000	2762.10158289302600000000000000000000
976.00000000	2747.55548442147500000000000000000000
978.00000000	2733.12118206655600000000000000000000
980.00000000	2718.79756501613800000000000000000000
982.00000000	2704.58353580559800000000000000000000
984.00000000	2690.47801013197570000000000000000000
986.00000000	2676.47991667094360000000000000000000
988.00000000	2662.58819689671240000000000000000000
990.00000000	2648.80180490472300000000000000000000
992.00000000	2635.11970723710900000000000000000000
994.00000000	2621.54088271088270000000000000000000
996.00000000	2608.06432224879400000000000000000000
998.00000000	2594.68902871278000000000000000000000
1000.00000000	2581.41401674005200000000000000000000
1002.00000000	2568.23831258169500000000000000000000
1004.00000000	2555.16095394372130000000000000000000
1006.00000000	2542.18098983065600000000000000000000
1008.00000000	2529.29748039147300000000000000000000
1010.00000000	2516.50949676785880000000000000000000
1012.00000000	2503.81612094495300000000000000000000
1014.00000000	2491.21644560419240000000000000000000
1016.00000000	2478.70957397856400000000000000000000
1018.00000000	2466.29461970995500000000000000000000
1020.00000000	2453.97070670874100000000000000000000
1022.00000000	2441.73696901550240000000000000000000
1024.00000000	2429.59255066480230000000000000000000
1026.00000000	2417.53660555110450000000000000000000
1028.00000000	2405.56829729664150000000000000000000
1030.00000000	2393.68679912137200000000000000000000
1032.00000000	2381.89129371480700000000000000000000
1034.00000000	2370.19366069876400000000000000000000
1036.00000000	2358.59476027916430000000000000000000
1038.00000000	2347.07473006780200000000000000000000
1040.00000000	2335.63290733230950000000000000000000
1042.00000000	2324.26863580105700000000000000000000
1044.00000000	2312.98126559238240000000000000000000
1046.00000000	2301.77015314475970000000000000000000
1048.00000000	2290.63466114783340000000000000000000
1050.00000000	2279.57415847424270000000000000000000
1052.00000000	2268.58802011230360000000000000000000
1054.00000000	2257.67562709954700000000000000000000
1056.00000000	2246.83636645700930000000000000000000
1058.00000000	2236.06963112435900000000000000000000
1060.00000000	2225.37481989579000000000000000000000
1062.00000000	2214.75133735670200000000000000000000
1064.00000000	2204.19859382115960000000000000000000
1066.00000000	2193.71600527005060000000000000000000
1068.00000000	2183.30299329002800000000000000000000
1070.00000000	2172.95898501321150000000000000000000
1072.00000000	2162.68341305755350000000000000000000
1074.00000000	2152.47571546793320000000000000000000
1076.00000000	2142.33533565798830000000000000000000
1078.00000000	2132.26172235259200000000000000000000
1080.00000000	2122.25432953104100000000000000000000
1082.00000000	2112.31261637093080000000000000000000
1084.00000000	2102.43604719265070000000000000000000
1086.00000000	2092.62409140455070000000000000000000
1088.00000000	2082.87622344881670000000000000000000
1090.00000000	2073.19192274786200000000000000000000
1092.00000000	2063.57067365150260000000000000000000
1094.00000000	2054.01196538456950000000000000000000
1096.00000000	2044.51529199531840000000000000000000
1098.00000000	2035.08015230433850000000000000000000
1100.00000000	2025.70604985404450000000000000000000
1102.00000000	2016.39249285884060000000000000000000
1104.00000000	2007.13899415579300000000000000000000
1106.00000000	1997.94507115590820000000000000000000
1108.00000000	1988.81024579595490000000000000000000
1110.00000000	1979.73404449089900000000000000000000
1112.00000000	1970.71599808680680000000000000000000
1114.00000000	1961.75564181436450000000000000000000
1116.00000000	1952.85251524290300000000000000000000
1118.00000000	1944.00616223495010000000000000000000
1120.00000000	1935.21613090133220000000000000000000
1122.00000000	1926.48197355674400000000000000000000
1124.00000000	1917.80324667588800000000000000000000
1126.00000000	1909.17951085007330000000000000000000
1128.00000000	1900.61033074434000000000000000000000
1130.00000000	1892.09527505503870000000000000000000
1132.00000000	1883.63391646794620000000000000000000
1134.00000000	1875.22583161681340000000000000000000
1136.00000000	1866.87060104241160000000000000000000
1138.00000000	1858.56780915203670000000000000000000
1140.00000000	1850.31704417944930000000000000000000
1142.00000000	1842.11789814535540000000000000000000
1144.00000000	1833.96996681821160000000000000000000
1146.00000000	1825.87284967558410000000000000000000
1148.00000000	1817.82614986588350000000000000000000
1150.00000000	1809.82947417053500000000000000000000
1152.00000000	1801.88243296661310000000000000000000
1154.00000000	1793.98464018988200000000000000000000
1156.00000000	1786.13571329822660000000000000000000
1158.00000000	1778.33527323551220000000000000000000
1160.00000000	1770.58294439586960000000000000000000
1162.00000000	1762.87835458836030000000000000000000
1164.00000000	1755.22113500204800000000000000000000
1166.00000000	1747.61092017143410000000000000000000
1168.00000000	1740.04734794235290000000000000000000
1170.00000000	1732.53005943814260000000000000000000
1172.00000000	1725.05869902629390000000000000000000
1174.00000000	1717.63291428539600000000000000000000
1176.00000000	1710.25235597254000000000000000000000
1178.00000000	1702.91667799095500000000000000000000
1180.00000000	1695.62553735813980000000000000000000
1182.00000000	1688.37859417424870000000000000000000
1184.00000000	1681.17551159089630000000000000000000
1186.00000000	1674.01595578029450000000000000000000
1188.00000000	1666.89959590464760000000000000000000
1190.00000000	1659.82610408605900000000000000000000
1192.00000000	1652.79515537657800000000000000000000
1194.00000000	1645.80642772872440000000000000000000
1196.00000000	1638.85960196628660000000000000000000
1198.00000000	1631.95436175539040000000000000000000
1200.00000000	1625.09039357599890000000000000000000
1202.00000000	1618.26738669361130000000000000000000
1204.00000000	1611.48503313135000000000000000000000
1206.00000000	1604.74302764235650000000000000000000
1208.00000000	1598.04106768240850000000000000000000
1210.00000000	1591.37885338293090000000000000000000
1212.00000000	1584.75608752425960000000000000000000
1214.00000000	1578.17247550920160000000000000000000
1216.00000000	1571.62772533689700000000000000000000
1218.00000000	1565.12154757694090000000000000000000
1220.00000000	1558.65365534381450000000000000000000
1222.00000000	1552.22376427159900000000000000000000
1224.00000000	1545.83159248891660000000000000000000
1226.00000000	1539.46474273300920000000000000000000
1228.00000000	1533.14722502645550000000000000000000
1230.00000000	1526.86659539906580000000000000000000
1232.00000000	1520.62258171548140000000000000000000
1234.00000000	1514.41491421377990000000000000000000
1236.00000000	1508.24332548209370000000000000000000
1238.00000000	1502.10755043535600000000000000000000
1240.00000000	1496.03101184697380000000000000000000
1242.00000000	1490.20007555924940000000000000000000
1244.00000000	1484.39902904016750000000000000000000
1246.00000000	1478.62769281653400000000000000000000
1248.00000000	1472.88588859270200000000000000000000
1250.00000000	1467.17343924237140000000000000000000
1252.00000000	1461.49016880052200000000000000000000
1254.00000000	1455.83590245536810000000000000000000
1256.00000000	1450.21046654037790000000000000000000
1258.00000000	1444.61368852630500000000000000000000
1260.00000000	1439.04539701344520000000000000000000
1262.00000000	1433.50542172375730000000000000000000
1264.00000000	1427.99359349312860000000000000000000
1266.00000000	1422.50974426376270000000000000000000
1268.00000000	1417.05370707652150000000000000000000
1270.00000000	1411.62531606335230000000000000000000
1272.00000000	1406.22440643982600000000000000000000
1274.00000000	1400.85081449767800000000000000000000
1276.00000000	1395.50437759741800000000000000000000
1278.00000000	1390.18493416098900000000000000000000
1280.00000000	1384.89232366453710000000000000000000
1282.00000000	1379.62638663110740000000000000000000
1284.00000000	1374.38696462355400000000000000000000
1286.00000000	1369.17390023738430000000000000000000
1288.00000000	1363.98703709369000000000000000000000
1290.00000000	1358.82621983217000000000000000000000
1292.00000000	1353.69129410413710000000000000000000
1294.00000000	1348.58210656561700000000000000000000
1296.00000000	1343.49850487050070000000000000000000
1298.00000000	1338.44033766373760000000000000000000
1300.00000000	1333.40745457455200000000000000000000
1302.00000000	1328.39970620975490000000000000000000
1304.00000000	1323.41694414709060000000000000000000
1306.00000000	1318.45902092859100000000000000000000
1308.00000000	1313.52579005404000000000000000000000
1310.00000000	1308.61710597444080000000000000000000
1312.00000000	1303.73282408554040000000000000000000
1314.00000000	1298.87280072141970000000000000000000
1316.00000000	1294.03689314809320000000000000000000
1318.00000000	1289.22495955719460000000000000000000
1320.00000000	1284.43685905967350000000000000000000
1322.00000000	1279.67245167954520000000000000000000
1324.00000000	1274.93159834772310000000000000000000
1326.00000000	1270.21416089581730000000000000000000
1328.00000000	1265.52000205004100000000000000000000
1330.00000000	1260.84898542515480000000000000000000
1332.00000000	1256.20097551840920000000000000000000
1334.00000000	1251.57583770358700000000000000000000
1336.00000000	1246.97343822504300000000000000000000
1338.00000000	1242.39364419180670000000000000000000
1340.00000000	1237.83632357172600000000000000000000
1342.00000000	1233.30134518564050000000000000000000
1344.00000000	1228.78857870160000000000000000000000
1346.00000000	1224.29789462913690000000000000000000
1348.00000000	1219.82916431355700000000000000000000
1350.00000000	1215.38225993029200000000000000000000
1352.00000000	1210.95705447926840000000000000000000
1354.00000000	1206.55342177932060000000000000000000
1356.00000000	1202.17123646267210000000000000000000
1358.00000000	1197.81037396940450000000000000000000
1360.00000000	1193.47071054200430000000000000000000
1362.00000000	1189.15212321994680000000000000000000
1364.00000000	1184.85448983427660000000000000000000
1366.00000000	1180.57768900227850000000000000000000
1368.00000000	1176.32160012214880000000000000000000
1370.00000000	1172.08610336771360000000000000000000
1372.00000000	1167.87107968319000000000000000000000
1374.00000000	1163.67641077798770000000000000000000
1376.00000000	1159.50197912150900000000000000000000
1378.00000000	1155.41885432205850000000000000000000
1380.00000000	1151.60153623125440000000000000000000
1382.00000000	1147.79866415061950000000000000000000
1384.00000000	1144.01018257575290000000000000000000
1386.00000000	1140.23603620687480000000000000000000
1388.00000000	1136.47616994773760000000000000000000
1390.00000000	1132.73052890450230000000000000000000
1392.00000000	1128.99905838472800000000000000000000
1394.00000000	1125.28170389624900000000000000000000
1396.00000000	1121.57841114619500000000000000000000
1398.00000000	1117.88912603996190000000000000000000
1400.00000000	1114.21379468020720000000000000000000
1402.00000000	1110.55236336584840000000000000000000
1404.00000000	1106.90477859113500000000000000000000
1406.00000000	1103.27098704466380000000000000000000
1408.00000000	1099.65093560843820000000000000000000
1410.00000000	1096.04457135697700000000000000000000
1412.00000000	1092.45184155636640000000000000000000
1414.00000000	1088.87269366338860000000000000000000
1416.00000000	1085.30707532465140000000000000000000
1418.00000000	1081.75493437567750000000000000000000
1420.00000000	1078.21621884008550000000000000000000
1422.00000000	1074.69087692875520000000000000000000
1424.00000000	1071.17885703897290000000000000000000
1426.00000000	1067.68010775360450000000000000000000
1428.00000000	1064.19457784034350000000000000000000
1430.00000000	1060.72221625085650000000000000000000
1432.00000000	1057.26297212003080000000000000000000
1434.00000000	1053.81679476521660000000000000000000
1436.00000000	1050.38363368544130000000000000000000
1438.00000000	1046.96343856065940000000000000000000
1440.00000000	1043.55615925103780000000000000000000
1442.00000000	1040.16174579620950000000000000000000
1444.00000000	1036.78014841454070000000000000000000
1446.00000000	1033.41131750246380000000000000000000
1448.00000000	1030.05520363373240000000000000000000
1450.00000000	1026.71175755875270000000000000000000
1452.00000000	1023.38093020389870000000000000000000
1454.00000000	1020.06267267082930000000000000000000
1456.00000000	1016.75693623584690000000000000000000
1458.00000000	1013.46367234921370000000000000000000
1460.00000000	1010.18283263452040000000000000000000
1462.00000000	1006.91436888802670000000000000000000
1464.00000000	1003.65823307807230000000000000000000
1466.00000000	1000.41437734438980000000000000000000
1468.00000000	997.18275399754400000000000000000000
1470.00000000	993.96331551826210000000000000000000
1472.00000000	990.75601455690880000000000000000000
1474.00000000	987.56080393280460000000000000000000
1476.00000000	984.37763663369150000000000000000000
1478.00000000	981.20646581513310000000000000000000
1480.00000000	978.04724479993550000000000000000000
1482.00000000	974.89992707756890000000000000000000
1484.00000000	971.76446630361890000000000000000000
1486.00000000	968.64081629921440000000000000000000
1488.00000000	965.52893105048300000000000000000000
1490.00000000	962.42876470797830000000000000000000
1492.00000000	959.34027158616850000000000000000000
1494.00000000	956.26340616289340000000000000000000
1496.00000000	953.19812307880230000000000000000000
1498.00000000	950.14437713686040000000000000000000
1500.00000000	947.10212330180720000000000000000000
1502.00000000	944.07131669965640000000000000000000
1504.00000000	941.05191261714800000000000000000000
1506.00000000	938.04386650127820000000000000000000
1508.00000000	935.04713395876490000000000000000000
1510.00000000	932.06167075556750000000000000000000
1512.00000000	929.08743281638310000000000000000000
1514.00000000	926.12437622413760000000000000000000
1516.00000000	923.17245721954100000000000000000000
1518.00000000	920.23163220052700000000000000000000
1520.00000000	917.30185772188130000000000000000000
1522.00000000	914.38309049464900000000000000000000
1524.00000000	911.47528738572880000000000000000000
1526.00000000	908.57840541740110000000000000000000
1528.00000000	905.69240176682970000000000000000000
1530.00000000	902.81723376561630000000000000000000
1532.00000000	899.95285889933420000000000000000000
1534.00000000	897.09923480708300000000000000000000
1536.00000000	894.25631928101840000000000000000000
1538.00000000	891.42407026589510000000000000000000
1540.00000000	888.60244585863500000000000000000000
1542.00000000	885.79140430787690000000000000000000
1544.00000000	882.99090401351380000000000000000000
1546.00000000	880.20090352628500000000000000000000
1548.00000000	877.42136154728630000000000000000000
1550.00000000	874.63707558067450000000000000000000
1552.00000000	871.75434656959490000000000000000000
1554.00000000	868.87721342790920000000000000000000
1556.00000000	866.00569525847560000000000000000000
1558.00000000	863.13981099014190000000000000000000
1560.00000000	860.27957937609500000000000000000000
1562.00000000	857.42501899229480000000000000000000
1564.00000000	854.57614823590420000000000000000000
1566.00000000	851.73298532380120000000000000000000
1568.00000000	848.89554829110930000000000000000000
1570.00000000	846.06385498975500000000000000000000
1572.00000000	843.23792308711050000000000000000000
1574.00000000	840.41777006462220000000000000000000
1576.00000000	837.60341321651230000000000000000000
1578.00000000	834.79486964854680000000000000000000
1580.00000000	831.99215627675690000000000000000000
1582.00000000	829.19528982628480000000000000000000
1584.00000000	826.40428683023190000000000000000000
1586.00000000	823.61916362853280000000000000000000
1588.00000000	820.83993636691500000000000000000000
1590.00000000	818.06662099585130000000000000000000
1592.00000000	815.29923326955530000000000000000000
1594.00000000	812.53778874503250000000000000000000
1596.00000000	809.78230278116730000000000000000000
1598.00000000	807.03279053784220000000000000000000
1600.00000000	804.28926697506800000000000000000000
1602.00000000	801.55174685220990000000000000000000
1604.00000000	798.82024472718360000000000000000000
1606.00000000	796.09477495574900000000000000000000
1608.00000000	793.37535169077030000000000000000000
1610.00000000	790.66198888158690000000000000000000
1612.00000000	787.95470027336010000000000000000000
1614.00000000	785.25349940648770000000000000000000
1616.00000000	782.55839961604230000000000000000000
1618.00000000	779.86941403122500000000000000000000
1620.00000000	777.18655557490070000000000000000000
1622.00000000	774.50983696311470000000000000000000
1624.00000000	771.83927070468330000000000000000000
1626.00000000	769.17486910077870000000000000000000
1628.00000000	766.51664424458300000000000000000000
1630.00000000	763.86460802095680000000000000000000
1632.00000000	761.21877210613450000000000000000000
1634.00000000	758.57914796746470000000000000000000
1636.00000000	755.94574686317170000000000000000000
1638.00000000	753.31857984214680000000000000000000
1640.00000000	750.69765774379450000000000000000000
1642.00000000	748.08299119785780000000000000000000
1644.00000000	745.47459062433140000000000000000000
1646.00000000	742.87246623336510000000000000000000
1648.00000000	740.27662802520600000000000000000000
1650.00000000	737.68708579019120000000000000000000
1652.00000000	735.10384910873200000000000000000000
1654.00000000	732.52692735134750000000000000000000
1656.00000000	729.95632967871960000000000000000000
1658.00000000	727.39206504179770000000000000000000
1660.00000000	724.83414218190530000000000000000000
1662.00000000	722.28256963086490000000000000000000
1664.00000000	719.73735571116660000000000000000000
1666.00000000	717.19850853618220000000000000000000
1668.00000000	714.66603601037840000000000000000000
1670.00000000	712.13994582953770000000000000000000
1672.00000000	709.62024548104560000000000000000000
1674.00000000	707.10694224419220000000000000000000
1676.00000000	704.60004319047210000000000000000000
1678.00000000	702.09955518393260000000000000000000
1680.00000000	699.60548488155270000000000000000000
1682.00000000	697.11783873361840000000000000000000
1684.00000000	694.63662298413340000000000000000000
1686.00000000	692.16184367125980000000000000000000
1688.00000000	689.69350662779950000000000000000000
1690.00000000	687.23161748160910000000000000000000
1692.00000000	684.77618165617290000000000000000000
1694.00000000	682.32720437108720000000000000000000
1696.00000000	679.88469064260550000000000000000000
1698.00000000	677.44864528420600000000000000000000
1700.00000000	675.01907290719360000000000000000000
1702.00000000	672.59597792127610000000000000000000
1704.00000000	670.17936453519880000000000000000000
1706.00000000	667.76923675738930000000000000000000
1708.00000000	665.36559839663040000000000000000000
1710.00000000	662.96845306270880000000000000000000
1712.00000000	660.57780416715970000000000000000000
1714.00000000	658.19365492394080000000000000000000
1716.00000000	655.81600835018290000000000000000000
1718.00000000	653.44486726695880000000000000000000
1720.00000000	651.08023430001220000000000000000000
1722.00000000	648.72211188059860000000000000000000
1724.00000000	646.37050224621850000000000000000000
1726.00000000	644.02540744149560000000000000000000
1728.00000000	641.68682931897590000000000000000000
1730.00000000	639.35476953997670000000000000000000
1732.00000000	637.02922957548230000000000000000000
1734.00000000	634.71021070696540000000000000000000
1736.00000000	632.39771402732770000000000000000000
1738.00000000	630.09174044179690000000000000000000
1740.00000000	627.79229066881950000000000000000000
1742.00000000	625.49936524101960000000000000000000
1744.00000000	623.21296450615660000000000000000000
1746.00000000	620.93308862803490000000000000000000
1748.00000000	618.65973758753100000000000000000000
1750.00000000	616.39291118353450000000000000000000
1752.00000000	614.13260903397960000000000000000000
1754.00000000	611.87883057684000000000000000000000
1756.00000000	609.63157507110980000000000000000000
1758.00000000	607.39084159789290000000000000000000
1760.00000000	605.15662906139970000000000000000000
1762.00000000	602.92893619002870000000000000000000
1764.00000000	600.70776153738690000000000000000000
1766.00000000	598.49310348341120000000000000000000
1768.00000000	596.28496023539840000000000000000000
1770.00000000	594.08332982912900000000000000000000
1772.00000000	592.12033118064390000000000000000000
1774.00000000	590.47068050930590000000000000000000
1776.00000000	588.82381853684550000000000000000000
1778.00000000	587.17974588985160000000000000000000
1780.00000000	585.53846320082550000000000000000000
1782.00000000	583.89997110778290000000000000000000
1784.00000000	582.26427025375200000000000000000000
1786.00000000	580.63136128638920000000000000000000
1788.00000000	579.00124485751590000000000000000000
1790.00000000	577.37392162269080000000000000000000
1792.00000000	575.74939224080380000000000000000000
1794.00000000	574.12765737362690000000000000000000
1796.00000000	572.50871768540580000000000000000000
1798.00000000	570.89257384247100000000000000000000
1800.00000000	569.27922651277580000000000000000000
1802.00000000	567.66867636554490000000000000000000
1804.00000000	566.06092407083800000000000000000000
1806.00000000	564.45597029916920000000000000000000
1808.00000000	562.85381572111190000000000000000000
1810.00000000	561.25446100688330000000000000000000
1812.00000000	559.65790682600220000000000000000000
1814.00000000	558.06415384686070000000000000000000
1816.00000000	556.47320273639590000000000000000000
1818.00000000	554.88505415966070000000000000000000
1820.00000000	553.29970877950630000000000000000000
1822.00000000	551.71716725616300000000000000000000
1824.00000000	550.13743024694350000000000000000000
1826.00000000	548.56049840579940000000000000000000
1828.00000000	546.98637238305680000000000000000000
1830.00000000	545.41505282499090000000000000000000
1832.00000000	543.84654037351650000000000000000000
1834.00000000	542.28083566584560000000000000000000
1836.00000000	540.71793933413040000000000000000000
1838.00000000	539.15785200513320000000000000000000
1840.00000000	537.60057429990290000000000000000000
1842.00000000	536.04610683343940000000000000000000
1844.00000000	534.49445021437660000000000000000000
1846.00000000	532.94560504464370000000000000000000
1848.00000000	531.39957191915560000000000000000000
1850.00000000	529.85635142551720000000000000000000
1852.00000000	528.31594414369730000000000000000000
1854.00000000	526.77835064571950000000000000000000
1856.00000000	525.24357149536130000000000000000000
1858.00000000	523.71160724786650000000000000000000
1860.00000000	522.18245844963880000000000000000000
1862.00000000	520.65612563797420000000000000000000
1864.00000000	519.13260934070730000000000000000000
1866.00000000	517.61191007601860000000000000000000
1868.00000000	516.09402835209220000000000000000000
1870.00000000	514.57896466684660000000000000000000
1872.00000000	513.06671950767950000000000000000000
1874.00000000	511.55729335118446000000000000000000
1876.00000000	510.05068666288060000000000000000000
1878.00000000	508.54689989698100000000000000000000
1880.00000000	507.04593349608560000000000000000000
1882.00000000	505.54778789096130000000000000000000
1884.00000000	504.05246350026874000000000000000000
1886.00000000	502.55996073033504000000000000000000
1888.00000000	501.07027997488790000000000000000000
1890.00000000	499.58342161482410000000000000000000
1892.00000000	498.09938601795820000000000000000000
1894.00000000	496.61817353882566000000000000000000
1896.00000000	495.13978451838540000000000000000000
1898.00000000	493.66421928386393000000000000000000
1900.00000000	492.19147814847390000000000000000000
1902.00000000	490.72156141123315000000000000000000
1904.00000000	489.25446935670730000000000000000000
1906.00000000	487.79020225483737000000000000000000
1908.00000000	486.32876036068916000000000000000000
1910.00000000	484.87014391427240000000000000000000
1912.00000000	483.41435314032780000000000000000000
1914.00000000	481.96138824811464000000000000000000
1916.00000000	480.51124943122890000000000000000000
1918.00000000	479.06393686741507000000000000000000
1920.00000000	477.61945071831860000000000000000000
1922.00000000	476.17779112937603000000000000000000
1924.00000000	474.73895822958530000000000000000000
1926.00000000	473.30295213131430000000000000000000
1928.00000000	471.86977293016207000000000000000000
1930.00000000	470.43942070473740000000000000000000
1932.00000000	469.01189551651540000000000000000000
1934.00000000	467.58719740966063000000000000000000
1936.00000000	466.16532641086030000000000000000000
1938.00000000	464.74628252915550000000000000000000
1940.00000000	463.33006575579196000000000000000000
1942.00000000	461.91667606403980000000000000000000
1944.00000000	460.50611340907130000000000000000000
1946.00000000	459.09837772779770000000000000000000
1948.00000000	457.69346893869070000000000000000000
1950.00000000	456.29138694168904000000000000000000
1952.00000000	454.89213161802020000000000000000000
1954.00000000	453.49570283007030000000000000000000
1956.00000000	452.10210042124106000000000000000000
1958.00000000	450.71132421583790000000000000000000
1960.00000000	449.32337401891580000000000000000000
1962.00000000	447.93824961616025000000000000000000
1964.00000000	446.55595077376563000000000000000000
1966.00000000	445.17647723831040000000000000000000
1968.00000000	443.79982873663647000000000000000000
1970.00000000	442.42600497573756000000000000000000
1972.00000000	441.05500564262985000000000000000000
1974.00000000	439.68683040426540000000000000000000
1976.00000000	438.32147890740913000000000000000000
1978.00000000	436.95895077853250000000000000000000
1980.00000000	435.59924556748916000000000000000000
1982.00000000	434.24236297273495000000000000000000
1984.00000000	432.88830250265437000000000000000000
1986.00000000	431.53706370153840000000000000000000
1988.00000000	430.18864609296150000000000000000000
1990.00000000	428.84304917957760000000000000000000
1992.00000000	427.50027244313650000000000000000000
1994.00000000	426.16031534432960000000000000000000
1996.00000000	424.82317732273776000000000000000000
1998.00000000	423.48885779674800000000000000000000
2000.00000000	422.15735616347890000000000000000000
