100.00000000	-1349.22074533987980000000000000000000
102.00000000	-1196.44616319798320000000000000000000
104.00000000	-1076.05361094942650000000000000000000
106.00000000	-994.99348494388320000000000000000000
108.00000000	-918.00535298863440000000000000000000
110.00000000	-844.95483448240510000000000000000000
112.00000000	-775.73287041287510000000000000000000
114.00000000	-719.11166608361380000000000000000000
116.00000000	-670.85046731471690000000000000000000
118.00000000	-625.67242436032700000000000000000000
120.00000000	-583.29341349655030000000000000000000
122.00000000	-543.45726381894260000000000000000000
124.00000000	-505.73621540197900000000000000000000
126.00000000	-451.59741241685714000000000000000000
128.00000000	-401.15435238379040000000000000000000
130.00000000	-354.03399834132097000000000000000000
132.00000000	-309.90602544305693000000000000000000
134.00000000	-268.47791110768250000000000000000000
136.00000000	-229.49065647450539000000000000000000
138.00000000	-193.84125919094322000000000000000000
140.00000000	-167.90804453276377000000000000000000
142.00000000	-143.17221180037697000000000000000000
144.00000000	-119.53615305074948000000000000000000
146.00000000	-96.91465115234128000000000000000000
148.00000000	-75.27041158987251000000000000000000
150.00000000	-54.46637706039750500000000000000000
152.00000000	-34.48480492833454000000000000000000
154.00000000	-15.27983463226521400000000000000000
156.00000000	1.49749545873534640000000000000000
158.00000000	16.09996664727754000000000000000000
160.00000000	30.19186617898950700000000000000000
162.00000000	43.77886205574778000000000000000000
164.00000000	56.86248232404068000000000000000000
166.00000000	69.44045289813783000000000000000000
168.00000000	81.50702206197963000000000000000000
170.00000000	93.05327614343437000000000000000000
172.00000000	104.06745085250068000000000000000000
174.00000000	114.53524290001023000000000000000000
176.00000000	124.44012677064981000000000000000000
178.00000000	125.76920549284723000000000000000000
180.00000000	117.00274481858943000000000000000000
182.00000000	108.34033530409991000000000000000000
184.00000000	113.40694169668949000000000000000000
186.00000000	120.41823188616004000000000000000000
188.00000000	124.30867698786592000000000000000000
190.00000000	99.52622112794802000000000000000000
192.00000000	75.42609841747742000000000000000000
194.00000000	53.02854083492350000000000000000000
196.00000000	37.70380728010750500000000000000000
198.00000000	22.44188096578999000000000000000000
200.00000000	7.52997456309875300000000000000000
202.00000000	12.35788254972173700000000000000000
204.00000000	16.20331246216997200000000000000000
206.00000000	19.09026965135346000000000000000000
208.00000000	3.69343825669424630000000000000000
210.00000000	-19.61743956668729200000000000000000
212.00000000	-42.57862540561204400000000000000000
214.00000000	-67.09266895402797000000000000000000
216.00000000	-105.22657223940084000000000000000000
218.00000000	-142.00211945832350000000000000000000
220.00000000	-177.27306104722516000000000000000000
222.00000000	-206.74729661076944000000000000000000
224.00000000	-225.26911911110972000000000000000000
226.00000000	-242.17865764149298000000000000000000
228.00000000	-257.11808741701550000000000000000000
230.00000000	-268.67367794704900000000000000000000
232.00000000	-273.56198475133820000000000000000000
234.00000000	-275.07906424751997000000000000000000
236.00000000	-272.52816084588204000000000000000000
238.00000000	-265.04849129089200000000000000000000
240.00000000	-249.83552145354720000000000000000000
242.00000000	-226.53819527600973000000000000000000
244.00000000	-193.66123877038663000000000000000000
246.00000000	-148.92996633744062000000000000000000
248.00000000	-89.51056759528892000000000000000000
250.00000000	11.05943846036821000000000000000000
252.00000000	127.50968081799664000000000000000000
254.00000000	257.74041822511003000000000000000000
256.00000000	398.73977566049810000000000000000000
258.00000000	548.79571620640820000000000000000000
260.00000000	711.40231305373700000000000000000000
262.00000000	884.22743306291580000000000000000000
264.00000000	1063.74506631321880000000000000000000
266.00000000	1244.56369630625570000000000000000000
268.00000000	1420.82446070625750000000000000000000
270.00000000	1595.79957078558070000000000000000000
272.00000000	1784.55061680796200000000000000000000
274.00000000	1961.38860997091840000000000000000000
276.00000000	2126.12214904071500000000000000000000
278.00000000	2279.22737873440700000000000000000000
280.00000000	2421.54278661187530000000000000000000
282.00000000	2553.33598061699830000000000000000000
284.00000000	2670.21605920532870000000000000000000
286.00000000	2778.65326885048940000000000000000000
288.00000000	2879.71009732480400000000000000000000
290.00000000	2974.32923481440140000000000000000000
292.00000000	3063.33249896947470000000000000000000
294.00000000	3147.42846072685500000000000000000000
296.00000000	3237.22697524528200000000000000000000
298.00000000	3338.38915138908260000000000000000000
300.00000000	3436.68321539063900000000000000000000
302.00000000	3532.35599163940330000000000000000000
304.00000000	3625.62808038805900000000000000000000
306.00000000	3716.69821652608430000000000000000000
308.00000000	3805.74672683680230000000000000000000
310.00000000	3893.35161494887320000000000000000000
312.00000000	3995.32634659087600000000000000000000
314.00000000	4095.62934135968360000000000000000000
316.00000000	4194.37206354302100000000000000000000
318.00000000	4291.66611081104600000000000000000000
320.00000000	4387.62233269128800000000000000000000
322.00000000	4482.35003988284600000000000000000000
324.00000000	4575.95631576285100000000000000000000
326.00000000	4668.54543362398500000000000000000000
328.00000000	4754.30446974371350000000000000000000
330.00000000	4838.30848728427300000000000000000000
332.00000000	4921.54826205050450000000000000000000
334.00000000	5004.11651859617000000000000000000000
336.00000000	5086.08734954877100000000000000000000
338.00000000	5167.56959845325400000000000000000000
340.00000000	5248.62758843938700000000000000000000
342.00000000	5329.33355094782900000000000000000000
344.00000000	5409.75481373623550000000000000000000
346.00000000	5490.99341109711600000000000000000000
348.00000000	5572.30316426789400000000000000000000
350.00000000	5653.48687051508800000000000000000000
352.00000000	5734.59566813149400000000000000000000
354.00000000	5815.67653473865400000000000000000000
356.00000000	5896.77250848707000000000000000000000
358.00000000	5977.92290936033500000000000000000000
360.00000000	6059.16355683091200000000000000000000
362.00000000	6140.52698103757600000000000000000000
364.00000000	6222.04262547150200000000000000000000
366.00000000	6317.56575550594400000000000000000000
368.00000000	6419.97707092206000000000000000000000
370.00000000	6522.70581122793100000000000000000000
372.00000000	6625.77966822389800000000000000000000
374.00000000	6729.22403571472700000000000000000000
376.00000000	6833.06208907411800000000000000000000
378.00000000	6937.31486231047200000000000000000000
380.00000000	7042.00132295296100000000000000000000
382.00000000	7147.13844516688400000000000000000000
384.00000000	7252.74128155583000000000000000000000
386.00000000	7358.82303412428900000000000000000000
388.00000000	7467.45172358672700000000000000000000
390.00000000	7581.71703668827000000000000000000000
392.00000000	7696.32496361180100000000000000000000
394.00000000	7811.21366108244550000000000000000000
396.00000000	7926.40404795028300000000000000000000
398.00000000	8041.88682856908100000000000000000000
400.00000000	8157.65075196069000000000000000000000
402.00000000	8273.68275345382800000000000000000000
404.00000000	8389.96809773161700000000000000000000
406.00000000	8506.49052334328700000000000000000000
408.00000000	8623.23238877853700000000000000000000
410.00000000	8740.17482025379000000000000000000000
412.00000000	8857.29786142054000000000000000000000
414.00000000	8979.10967308155700000000000000000000
416.00000000	9108.74986369899100000000000000000000
418.00000000	9238.30278664205300000000000000000000
420.00000000	9367.73408303420500000000000000000000
422.00000000	9497.00880620317000000000000000000000
424.00000000	9626.09164210743800000000000000000000
426.00000000	9754.94713648020100000000000000000000
428.00000000	9883.53993003342500000000000000000000
430.00000000	10011.83500343309200000000000000000000
432.00000000	10139.79793422316700000000000000000000
434.00000000	10267.39516847426400000000000000000000
436.00000000	10394.59431070828000000000000000000000
438.00000000	10521.36443666724500000000000000000000
440.00000000	10647.67643484391400000000000000000000
442.00000000	10773.50338450374300000000000000000000
444.00000000	10857.83242135788500000000000000000000
446.00000000	10914.74881729444700000000000000000000
448.00000000	10970.68460239735800000000000000000000
450.00000000	11025.64569352176300000000000000000000
452.00000000	11079.64381984820300000000000000000000
454.00000000	11132.69717687202700000000000000000000
456.00000000	11184.83128491106300000000000000000000
458.00000000	11236.08013884115500000000000000000000
460.00000000	11286.48778077197500000000000000000000
462.00000000	11336.11050214584800000000000000000000
464.00000000	11385.06916121257000000000000000000000
466.00000000	11433.35689366269000000000000000000000
468.00000000	11481.14241805219500000000000000000000
470.00000000	11528.58400287228500000000000000000000
472.00000000	11575.89906926590000000000000000000000
474.00000000	11623.40137964010300000000000000000000
476.00000000	11671.57758561201600000000000000000000
478.00000000	11723.43218334381900000000000000000000
480.00000000	11779.71711114948000000000000000000000
482.00000000	11844.41582297882600000000000000000000
484.00000000	11929.84568997035000000000000000000000
486.00000000	11963.10129670914100000000000000000000
488.00000000	11992.40621067274000000000000000000000
490.00000000	12018.83121342607200000000000000000000
492.00000000	12042.73529913927800000000000000000000
494.00000000	12064.32056147795800000000000000000000
496.00000000	12083.73038630801000000000000000000000
498.00000000	12101.08104853370400000000000000000000
500.00000000	12116.47499793260400000000000000000000
502.00000000	12130.00745218345800000000000000000000
504.00000000	12141.77009307595800000000000000000000
506.00000000	12151.85336796067000000000000000000000
508.00000000	12160.34807943514900000000000000000000
510.00000000	12167.34661205644400000000000000000000
512.00000000	12172.94399598309000000000000000000000
514.00000000	12177.23893871412000000000000000000000
516.00000000	12180.33492662919700000000000000000000
518.00000000	12181.40545394890600000000000000000000
520.00000000	12181.26230341290000000000000000000000
522.00000000	12180.43743253075000000000000000000000
524.00000000	12179.06437967949800000000000000000000
526.00000000	12177.29216004902000000000000000000000
528.00000000	12175.28986597125500000000000000000000
530.00000000	12173.25363983995700000000000000000000
532.00000000	12171.42107081287400000000000000000000
534.00000000	12170.09407489943800000000000000000000
536.00000000	12169.69082900725500000000000000000000
538.00000000	12170.78427633876700000000000000000000
540.00000000	12173.86144879589700000000000000000000
542.00000000	12177.76610125760500000000000000000000
544.00000000	12175.08426510620300000000000000000000
546.00000000	12151.50123513398000000000000000000000
548.00000000	12107.88295801757300000000000000000000
550.00000000	12064.37215052914100000000000000000000
552.00000000	12036.76133503617000000000000000000000
554.00000000	12030.21133549068000000000000000000000
556.00000000	12038.08734426423500000000000000000000
558.00000000	12039.46549635330000000000000000000000
560.00000000	12015.43401774450100000000000000000000
562.00000000	11968.15691026622700000000000000000000
564.00000000	11895.91020253444700000000000000000000
566.00000000	11779.07889328760800000000000000000000
568.00000000	11661.54772174571600000000000000000000
570.00000000	11544.74146307166500000000000000000000
572.00000000	11429.12432784047500000000000000000000
574.00000000	11314.80465505370000000000000000000000
576.00000000	11201.78386539176200000000000000000000
578.00000000	11090.04528123623800000000000000000000
580.00000000	10979.56716889176000000000000000000000
582.00000000	10870.33143861253100000000000000000000
584.00000000	10762.32296323305900000000000000000000
586.00000000	10655.52871920870000000000000000000000
588.00000000	10549.93717166647200000000000000000000
590.00000000	10445.53782860208800000000000000000000
592.00000000	10342.32091462764800000000000000000000
594.00000000	10240.27713064381700000000000000000000
596.00000000	10139.39747616776700000000000000000000
598.00000000	10039.67311792023600000000000000000000
600.00000000	9941.09529292943600000000000000000000
602.00000000	9843.65523762033300000000000000000000
604.00000000	9747.34413660986700000000000000000000
606.00000000	9652.15308653279300000000000000000000
608.00000000	9558.07307137997700000000000000000000
610.00000000	9465.09494667798800000000000000000000
612.00000000	9373.20943046464500000000000000000000
614.00000000	9282.40709948260900000000000000000000
616.00000000	9192.67838936694500000000000000000000
618.00000000	9104.01359720127600000000000000000000
620.00000000	9016.77601846651700000000000000000000
622.00000000	8937.60495013973400000000000000000000
624.00000000	8859.33947838164000000000000000000000
626.00000000	8781.96857849993600000000000000000000
628.00000000	8705.48138484960700000000000000000000
630.00000000	8629.86717890329000000000000000000000
632.00000000	8555.11537933555500000000000000000000
634.00000000	8481.21553379130000000000000000000000
636.00000000	8408.15731206391500000000000000000000
638.00000000	8335.93050045428800000000000000000000
640.00000000	8264.52499711816000000000000000000000
642.00000000	8193.93080824126000000000000000000000
644.00000000	8124.13804490609400000000000000000000
646.00000000	8055.13692053636900000000000000000000
648.00000000	7986.91774882223300000000000000000000
650.00000000	7919.47094204503400000000000000000000
652.00000000	7852.78700973206600000000000000000000
654.00000000	7786.85655758301800000000000000000000
656.00000000	7721.67028661865500000000000000000000
658.00000000	7657.21899250934000000000000000000000
660.00000000	7593.49356504805900000000000000000000
662.00000000	7530.48498773775300000000000000000000
664.00000000	7468.18433746745500000000000000000000
666.00000000	7406.58278425567550000000000000000000
668.00000000	7345.67159104297700000000000000000000
670.00000000	7285.44211351834600000000000000000000
672.00000000	7225.88579996699300000000000000000000
674.00000000	7166.99419112835100000000000000000000
676.00000000	7108.75892005609900000000000000000000
678.00000000	7051.17171197241100000000000000000000
680.00000000	6994.22438411086000000000000000000000
682.00000000	6937.90884554316000000000000000000000
684.00000000	6882.21709698560800000000000000000000
686.00000000	6827.14123058276700000000000000000000
688.00000000	6772.67342966578900000000000000000000
690.00000000	6719.97400819758200000000000000000000
692.00000000	6668.56948581759000000000000000000000
694.00000000	6617.70025257836400000000000000000000
696.00000000	6567.36015160541700000000000000000000
698.00000000	6517.54307965013400000000000000000000
700.00000000	6468.24298772897000000000000000000000
702.00000000	6419.45388170204700000000000000000000
704.00000000	6371.16982279278450000000000000000000
706.00000000	6323.38492805056500000000000000000000
708.00000000	6276.09337075815800000000000000000000
710.00000000	6229.28938078581800000000000000000000
712.00000000	6182.96724489411200000000000000000000
714.00000000	6137.12130698732800000000000000000000
716.00000000	6091.74596831959200000000000000000000
718.00000000	6046.83568765544600000000000000000000
720.00000000	6002.38498138719200000000000000000000
722.00000000	5958.38842361054200000000000000000000
724.00000000	5914.81319153892500000000000000000000
726.00000000	5871.70891901471350000000000000000000
728.00000000	5829.04286662498000000000000000000000
730.00000000	5786.80983915730000000000000000000000
732.00000000	5745.00469892838000000000000000000000
734.00000000	5703.62236564948400000000000000000000
736.00000000	5662.65781626299200000000000000000000
738.00000000	5622.10608475145300000000000000000000
740.00000000	5581.96226192099900000000000000000000
742.00000000	5542.22149516030100000000000000000000
744.00000000	5502.87898817671700000000000000000000
746.00000000	5463.93000071097000000000000000000000
748.00000000	5425.36984823167700000000000000000000
750.00000000	5387.19390161099400000000000000000000
752.00000000	5349.39758678277850000000000000000000
754.00000000	5311.97638438415800000000000000000000
756.00000000	5274.92582938191900000000000000000000
758.00000000	5238.24151068481600000000000000000000
760.00000000	5201.91907074248050000000000000000000
762.00000000	5165.95420513248500000000000000000000
764.00000000	5130.34266213598200000000000000000000
766.00000000	5095.08024230329800000000000000000000
768.00000000	5060.16279800995900000000000000000000
770.00000000	5025.58623300425100000000000000000000
772.00000000	4991.34650194702500000000000000000000
774.00000000	4957.43960994445500000000000000000000
776.00000000	4924.94227605170900000000000000000000
778.00000000	4893.57889999281900000000000000000000
780.00000000	4862.49698316255700000000000000000000
782.00000000	4831.69353195936700000000000000000000
784.00000000	4801.16558370122100000000000000000000
786.00000000	4770.91020650400150000000000000000000
788.00000000	4740.92449914955000000000000000000000
790.00000000	4711.20559094391500000000000000000000
792.00000000	4681.75064156628700000000000000000000
794.00000000	4652.55684090941100000000000000000000
796.00000000	4623.62140891178100000000000000000000
798.00000000	4594.94159538230800000000000000000000
800.00000000	4566.51467981789700000000000000000000
802.00000000	4538.33797121439150000000000000000000
804.00000000	4510.40880787139500000000000000000000
806.00000000	4482.72455719133700000000000000000000
808.00000000	4455.28261547326300000000000000000000
810.00000000	4428.08040770173700000000000000000000
812.00000000	4401.11538733116700000000000000000000
814.00000000	4374.38503606606600000000000000000000
816.00000000	4347.88686363743800000000000000000000
818.00000000	4321.61840757566000000000000000000000
820.00000000	4295.57723298029300000000000000000000
822.00000000	4269.76093228697800000000000000000000
824.00000000	4244.16712503175300000000000000000000
826.00000000	4218.79345761309000000000000000000000
828.00000000	4193.63760305189900000000000000000000
830.00000000	4168.69726074972900000000000000000000
832.00000000	4143.97015624538200000000000000000000
834.00000000	4119.45404097033400000000000000000000
836.00000000	4095.14669200280800000000000000000000
838.00000000	4071.04591182115200000000000000000000
840.00000000	4047.14952805639100000000000000000000
842.00000000	4023.45539324419720000000000000000000
844.00000000	3999.96138457663500000000000000000000
846.00000000	3976.66540365357000000000000000000000
848.00000000	3953.56537623406600000000000000000000
850.00000000	3930.65925198793600000000000000000000
852.00000000	3907.94500424741270000000000000000000
854.00000000	3885.42062975937640000000000000000000
856.00000000	3863.08414843783250000000000000000000
858.00000000	3840.93360311725500000000000000000000
860.00000000	3818.96705930641000000000000000000000
862.00000000	3797.18260494321480000000000000000000
864.00000000	3775.57835015036840000000000000000000
866.00000000	3754.15242699207500000000000000000000
868.00000000	3732.90298923187100000000000000000000
870.00000000	3711.82821209153240000000000000000000
872.00000000	3690.92629201140330000000000000000000
874.00000000	3670.19544641195350000000000000000000
876.00000000	3649.63391345667700000000000000000000
878.00000000	3629.23995181664200000000000000000000
880.00000000	3609.01184043633070000000000000000000
882.00000000	3588.94787830120050000000000000000000
884.00000000	3569.04638420680570000000000000000000
886.00000000	3549.00855699606200000000000000000000
888.00000000	3528.05361517918000000000000000000000
890.00000000	3507.27774897297740000000000000000000
892.00000000	3486.67899641117170000000000000000000
894.00000000	3466.25542130891560000000000000000000
896.00000000	3446.00511287329530000000000000000000
898.00000000	3425.92618532019740000000000000000000
900.00000000	3406.01677749785770000000000000000000
902.00000000	3386.27505251657300000000000000000000
904.00000000	3366.69919738481200000000000000000000
906.00000000	3347.28742265125270000000000000000000
908.00000000	3328.03796205296980000000000000000000
910.00000000	3308.94907216942700000000000000000000
912.00000000	3290.01903208227500000000000000000000
914.00000000	3271.24614304081160000000000000000000
916.00000000	3252.62872813302400000000000000000000
918.00000000	3234.16513196207800000000000000000000
920.00000000	3215.85372032819600000000000000000000
922.00000000	3197.69287991575450000000000000000000
924.00000000	3179.68101798563700000000000000000000
926.00000000	3161.81656207258670000000000000000000
928.00000000	3144.09795968756950000000000000000000
930.00000000	3126.52367802505570000000000000000000
932.00000000	3109.09220367508000000000000000000000
934.00000000	3091.80204234005800000000000000000000
936.00000000	3074.65171855612400000000000000000000
938.00000000	3057.63977541923530000000000000000000
940.00000000	3040.76477431551940000000000000000000
942.00000000	3024.02529465616130000000000000000000
944.00000000	3007.41993361650930000000000000000000
946.00000000	2990.94730587950930000000000000000000
948.00000000	2974.60604338319630000000000000000000
950.00000000	2958.39479507234360000000000000000000
952.00000000	2942.31222665408630000000000000000000
954.00000000	2926.35702035749550000000000000000000
956.00000000	2910.52787469705530000000000000000000
958.00000000	2894.82350423988050000000000000000000
960.00000000	2879.24263937668700000000000000000000
962.00000000	2863.78402609647600000000000000000000
964.00000000	2848.44642576480000000000000000000000
966.00000000	2833.22861490550940000000000000000000
968.00000000	2818.12938498608360000000000000000000
970.00000000	2803.14754220628950000000000000000000
972.00000000	2788.28190729023200000000000000000000
974.00000000	2773.53131528176660000000000000000000
976.00000000	2758.89461534298470000000000000000000
978.00000000	2744.37067055609670000000000000000000
980.00000000	2729.95835772828330000000000000000000
982.00000000	2715.65656719967300000000000000000000
984.00000000	2701.46420265439430000000000000000000
986.00000000	2687.38018093450270000000000000000000
988.00000000	2673.40343185689740000000000000000000
990.00000000	2659.53289803307370000000000000000000
992.00000000	2645.76753469170500000000000000000000
994.00000000	2632.10630950399500000000000000000000
996.00000000	2618.54820241175200000000000000000000
998.00000000	2605.09220545811380000000000000000000
1000.00000000	2591.73732262094060000000000000000000
1002.00000000	2578.48256964879740000000000000000000
1004.00000000	2565.32697389939950000000000000000000
1006.00000000	2552.26957418066400000000000000000000
1008.00000000	2539.30942059415470000000000000000000
1010.00000000	2526.44557438089100000000000000000000
1012.00000000	2513.67710776967400000000000000000000
1014.00000000	2501.00310382756800000000000000000000
1016.00000000	2488.42265631284300000000000000000000
1018.00000000	2475.93486953001800000000000000000000
1020.00000000	2463.53885818723170000000000000000000
1022.00000000	2451.23374725574000000000000000000000
1024.00000000	2439.01867183154450000000000000000000
1026.00000000	2426.89277699917400000000000000000000
1028.00000000	2414.85521769748100000000000000000000
1030.00000000	2402.90515858752860000000000000000000
1032.00000000	2391.04177392242350000000000000000000
1034.00000000	2379.27517965852940000000000000000000
1036.00000000	2367.60558914896730000000000000000000
1038.00000000	2356.01561411861940000000000000000000
1040.00000000	2344.50458208952000000000000000000000
1042.00000000	2333.07182719511600000000000000000000
1044.00000000	2321.71669010681670000000000000000000
1046.00000000	2310.43851796156240000000000000000000
1048.00000000	2299.23666429031440000000000000000000
1050.00000000	2288.11048894733680000000000000000000
1052.00000000	2277.05935804045340000000000000000000
1054.00000000	2266.08264386215400000000000000000000
1056.00000000	2255.17972482153200000000000000000000
1058.00000000	2244.34998537708730000000000000000000
1060.00000000	2233.59281597034400000000000000000000
1062.00000000	2222.90761296031220000000000000000000
1064.00000000	2212.29377855874700000000000000000000
1066.00000000	2201.75072076617560000000000000000000
1068.00000000	2191.27785330872600000000000000000000
1070.00000000	2180.87459557577500000000000000000000
1072.00000000	2170.54037255828830000000000000000000
1074.00000000	2160.27461478792700000000000000000000
1076.00000000	2150.07675827693860000000000000000000
1078.00000000	2139.94624445872930000000000000000000
1080.00000000	2129.88252012916400000000000000000000
1082.00000000	2119.88503738862250000000000000000000
1084.00000000	2109.95325358468340000000000000000000
1086.00000000	2100.08663125552180000000000000000000
1088.00000000	2090.28463807406200000000000000000000
1090.00000000	2080.54674679265000000000000000000000
1092.00000000	2070.87243518857500000000000000000000
1094.00000000	2061.26118601003400000000000000000000
1096.00000000	2051.71248692294000000000000000000000
1098.00000000	2042.22583045825040000000000000000000
1100.00000000	2032.80071395991740000000000000000000
1102.00000000	2023.43663953352440000000000000000000
1104.00000000	2014.13311399546930000000000000000000
1106.00000000	2004.88964882279500000000000000000000
1108.00000000	1995.70576010355440000000000000000000
1110.00000000	1986.58096848785700000000000000000000
1112.00000000	1977.51479913936420000000000000000000
1114.00000000	1968.50678168748820000000000000000000
1116.00000000	1959.55645018004660000000000000000000
1118.00000000	1950.66334303653200000000000000000000
1120.00000000	1941.82700300192460000000000000000000
1122.00000000	1933.04697710099280000000000000000000
1124.00000000	1924.32281659321640000000000000000000
1126.00000000	1915.65407692814100000000000000000000
1128.00000000	1907.04031770134320000000000000000000
1130.00000000	1898.48110261081270000000000000000000
1132.00000000	1889.97599941393920000000000000000000
1134.00000000	1881.52457988491600000000000000000000
1136.00000000	1873.12641977269230000000000000000000
1138.00000000	1864.78109875937700000000000000000000
1140.00000000	1856.48820041912240000000000000000000
1142.00000000	1848.24731217754720000000000000000000
1144.00000000	1840.05802527151830000000000000000000
1146.00000000	1831.91993470949180000000000000000000
1148.00000000	1823.83263923225970000000000000000000
1150.00000000	1815.79574127414430000000000000000000
1152.00000000	1807.80884692466820000000000000000000
1154.00000000	1799.87156589066130000000000000000000
1156.00000000	1791.98351145876680000000000000000000
1158.00000000	1784.14430045838700000000000000000000
1160.00000000	1776.35355322508140000000000000000000
1162.00000000	1768.61089356435150000000000000000000
1164.00000000	1760.91594871586130000000000000000000
1166.00000000	1753.26834931801500000000000000000000
1168.00000000	1745.66772937302930000000000000000000
1170.00000000	1738.11372621228700000000000000000000
1172.00000000	1730.60598046217980000000000000000000
1174.00000000	1723.14413601027330000000000000000000
1176.00000000	1715.72783997193200000000000000000000
1178.00000000	1708.35674265719720000000000000000000
1180.00000000	1701.03049753816690000000000000000000
1182.00000000	1693.74876121665240000000000000000000
1184.00000000	1686.51119339225970000000000000000000
1186.00000000	1679.31745683081800000000000000000000
1188.00000000	1672.16721733308000000000000000000000
1190.00000000	1665.06014370393130000000000000000000
1192.00000000	1657.99590772178570000000000000000000
1194.00000000	1650.97418410842940000000000000000000
1196.00000000	1643.99465049918000000000000000000000
1198.00000000	1637.05698741330780000000000000000000
1200.00000000	1630.16087822491840000000000000000000
1202.00000000	1623.30600913401920000000000000000000
1204.00000000	1616.49206913801900000000000000000000
1206.00000000	1609.71875000350800000000000000000000
1208.00000000	1602.98574623829720000000000000000000
1210.00000000	1596.29275506385780000000000000000000
1212.00000000	1589.63947638800800000000000000000000
1214.00000000	1583.02561277792190000000000000000000
1216.00000000	1576.45086943344220000000000000000000
1218.00000000	1569.91495416066200000000000000000000
1220.00000000	1563.41757734583260000000000000000000
1222.00000000	1556.95845192954430000000000000000000
1224.00000000	1550.53729338116570000000000000000000
1226.00000000	1544.14165970950920000000000000000000
1228.00000000	1537.79564281612000000000000000000000
1230.00000000	1531.48675380083480000000000000000000
1232.00000000	1525.21471800104270000000000000000000
1234.00000000	1518.97926315936620000000000000000000
1236.00000000	1512.78011939982140000000000000000000
1238.00000000	1506.61701920410090000000000000000000
1240.00000000	1500.51326383004770000000000000000000
1242.00000000	1494.65427122431500000000000000000000
1244.00000000	1488.82540447152430000000000000000000
1246.00000000	1483.02648165309420000000000000000000
1248.00000000	1477.25732205772260000000000000000000
1250.00000000	1471.51774617276830000000000000000000
1252.00000000	1465.80757567577960000000000000000000
1254.00000000	1460.12663342605540000000000000000000
1256.00000000	1454.47474345626850000000000000000000
1258.00000000	1448.85173096411520000000000000000000
1260.00000000	1443.25742230418200000000000000000000
1262.00000000	1437.69164497970900000000000000000000
1264.00000000	1432.15422763447000000000000000000000
1266.00000000	1426.64500004480780000000000000000000
1268.00000000	1421.16379311161300000000000000000000
1270.00000000	1415.71043885240460000000000000000000
1272.00000000	1410.28477039351060000000000000000000
1274.00000000	1404.88662196228550000000000000000000
1276.00000000	1399.51582887935840000000000000000000
1278.00000000	1394.17222755098700000000000000000000
1280.00000000	1388.85565546148430000000000000000000
1282.00000000	1383.56595116559560000000000000000000
1284.00000000	1378.30295428109280000000000000000000
1286.00000000	1373.06650548131600000000000000000000
1288.00000000	1367.85644648777860000000000000000000
1290.00000000	1362.67262006290120000000000000000000
1292.00000000	1357.51487000271620000000000000000000
1294.00000000	1352.38304112967510000000000000000000
1296.00000000	1347.27697928550830000000000000000000
1298.00000000	1342.19653132413330000000000000000000
1300.00000000	1337.14154510459370000000000000000000
1302.00000000	1332.11186948408840000000000000000000
1304.00000000	1327.10735431105420000000000000000000
1306.00000000	1322.12785041824080000000000000000000
1308.00000000	1317.17320961592240000000000000000000
1310.00000000	1312.24328468509020000000000000000000
1312.00000000	1307.33792937073240000000000000000000
1314.00000000	1302.45699837516830000000000000000000
1316.00000000	1297.60034735139170000000000000000000
1318.00000000	1292.76783289651830000000000000000000
1320.00000000	1287.95931254523860000000000000000000
1322.00000000	1283.17464476332540000000000000000000
1324.00000000	1278.41368894123480000000000000000000
1326.00000000	1273.67630538767050000000000000000000
1328.00000000	1268.96235532326570000000000000000000
1330.00000000	1264.27170087429540000000000000000000
1332.00000000	1259.60420506640460000000000000000000
1334.00000000	1254.95973181842870000000000000000000
1336.00000000	1250.33814593621400000000000000000000
1338.00000000	1245.73931310651570000000000000000000
1340.00000000	1241.16309989092590000000000000000000
1342.00000000	1236.60937371984570000000000000000000
1344.00000000	1232.07800288649420000000000000000000
1346.00000000	1227.56885654098760000000000000000000
1348.00000000	1223.08180468442400000000000000000000
1350.00000000	1218.61671816305220000000000000000000
1352.00000000	1214.17346866243520000000000000000000
1354.00000000	1209.75192870169000000000000000000000
1356.00000000	1205.35197162776500000000000000000000
1358.00000000	1200.97347160974100000000000000000000
1360.00000000	1196.61630363318360000000000000000000
1362.00000000	1192.28034349455950000000000000000000
1364.00000000	1187.96546779563370000000000000000000
1366.00000000	1183.67155393796570000000000000000000
1368.00000000	1179.39848011741900000000000000000000
1370.00000000	1175.14612531870150000000000000000000
1372.00000000	1170.91436930996160000000000000000000
1374.00000000	1166.70309263742840000000000000000000
1376.00000000	1162.51217662005020000000000000000000
1378.00000000	1158.41251391652370000000000000000000
1380.00000000	1154.57816617786740000000000000000000
1382.00000000	1150.75838852444530000000000000000000
1384.00000000	1146.95312437184160000000000000000000
1386.00000000	1143.16231735106110000000000000000000
1388.00000000	1139.38591130732200000000000000000000
1390.00000000	1135.62385029880280000000000000000000
1392.00000000	1131.87607859553000000000000000000000
1394.00000000	1128.14254067812160000000000000000000
1396.00000000	1124.42318123670100000000000000000000
1398.00000000	1120.71794516975750000000000000000000
1400.00000000	1117.02677758301570000000000000000000
1402.00000000	1113.34962378833670000000000000000000
1404.00000000	1109.68642930267520000000000000000000
1406.00000000	1106.03713984698520000000000000000000
1408.00000000	1102.40170134517030000000000000000000
1410.00000000	1098.78005992309750000000000000000000
1412.00000000	1095.17216190752900000000000000000000
1414.00000000	1091.57795382516020000000000000000000
1416.00000000	1087.99738240164080000000000000000000
1418.00000000	1084.43039456057140000000000000000000
1420.00000000	1080.87693742257240000000000000000000
1422.00000000	1077.33695830436250000000000000000000
1424.00000000	1073.81040471780150000000000000000000
1426.00000000	1070.29722436896960000000000000000000
1428.00000000	1066.79736515732040000000000000000000
1430.00000000	1063.31077517473180000000000000000000
1432.00000000	1059.83740270466250000000000000000000
1434.00000000	1056.37719622130320000000000000000000
1436.00000000	1052.93010438869940000000000000000000
1438.00000000	1049.49607605991400000000000000000000
1440.00000000	1046.07506027622180000000000000000000
1442.00000000	1042.66700626628020000000000000000000
1444.00000000	1039.27186344530700000000000000000000
1446.00000000	1035.88958141433360000000000000000000
1448.00000000	1032.52010995936730000000000000000000
1450.00000000	1029.16339905064890000000000000000000
1452.00000000	1025.81939884188140000000000000000000
1454.00000000	1022.48805966946720000000000000000000
1456.00000000	1019.16933205178690000000000000000000
1458.00000000	1015.86316668843660000000000000000000
1460.00000000	1012.56951445951890000000000000000000
1462.00000000	1009.28832642490650000000000000000000
1464.00000000	1006.01955382357710000000000000000000
1466.00000000	1002.76314807284810000000000000000000
1468.00000000	999.51906076774960000000000000000000
1470.00000000	996.28724368026860000000000000000000
1472.00000000	993.06764875876460000000000000000000
1474.00000000	989.86022812720560000000000000000000
1476.00000000	986.66493408457270000000000000000000
1478.00000000	983.48171910417850000000000000000000
1480.00000000	980.31053583303210000000000000000000
1482.00000000	977.15133709117800000000000000000000
1484.00000000	974.00407587109440000000000000000000
1486.00000000	970.86870533704190000000000000000000
1488.00000000	967.74517882446100000000000000000000
1490.00000000	964.63344983932810000000000000000000
1492.00000000	961.53347205758530000000000000000000
1494.00000000	958.44519932452860000000000000000000
1496.00000000	955.36858565418950000000000000000000
1498.00000000	952.30358522876920000000000000000000
1500.00000000	949.25015239804460000000000000000000
1502.00000000	946.20824167880230000000000000000000
1504.00000000	943.17780775423230000000000000000000
1506.00000000	940.15880547339840000000000000000000
1508.00000000	937.15118985064460000000000000000000
1510.00000000	934.15491606505650000000000000000000
1512.00000000	931.16993945990230000000000000000000
1514.00000000	928.19621554206240000000000000000000
1516.00000000	925.23369998153370000000000000000000
1518.00000000	922.28234861081180000000000000000000
1520.00000000	919.34211742446370000000000000000000
1522.00000000	916.41296257848090000000000000000000
1524.00000000	913.49484038982370000000000000000000
1526.00000000	910.58770733588880000000000000000000
1528.00000000	907.69152005396870000000000000000000
1530.00000000	904.80623534074570000000000000000000
1532.00000000	901.93181015177720000000000000000000
1534.00000000	899.06820160100360000000000000000000
1536.00000000	896.21536696022290000000000000000000
1538.00000000	893.37326365858620000000000000000000
1540.00000000	890.54184928211950000000000000000000
1542.00000000	887.72108157321900000000000000000000
1544.00000000	884.91091843014660000000000000000000
1546.00000000	882.11131790657320000000000000000000
1548.00000000	879.32223821103950000000000000000000
1550.00000000	876.52829107083150000000000000000000
1552.00000000	873.63467070828190000000000000000000
1554.00000000	870.74671684041040000000000000000000
1556.00000000	867.86444807566820000000000000000000
1558.00000000	864.98788285210650000000000000000000
1560.00000000	862.11703943571130000000000000000000
1562.00000000	859.25193591878780000000000000000000
1564.00000000	856.39259021837960000000000000000000
1566.00000000	853.53902007474470000000000000000000
1568.00000000	850.69124304986050000000000000000000
1570.00000000	847.84927652595230000000000000000000
1572.00000000	845.01313770411410000000000000000000
1574.00000000	842.18284360290280000000000000000000
1576.00000000	839.35841105702140000000000000000000
1578.00000000	836.53985671605470000000000000000000
1580.00000000	833.72719704316720000000000000000000
1582.00000000	830.92044831392350000000000000000000
1584.00000000	828.11962661511140000000000000000000
1586.00000000	825.32474784358950000000000000000000
1588.00000000	822.53582770522280000000000000000000
1590.00000000	819.75288171381030000000000000000000
1592.00000000	816.97592519005620000000000000000000
1594.00000000	814.20497326059640000000000000000000
1596.00000000	811.44004085706260000000000000000000
1598.00000000	808.68114271517660000000000000000000
1600.00000000	805.92829337385840000000000000000000
1602.00000000	803.18150717442570000000000000000000
1604.00000000	800.44079825977290000000000000000000
1606.00000000	797.70618057363640000000000000000000
1608.00000000	794.97766785983370000000000000000000
1610.00000000	792.25527366161350000000000000000000
1612.00000000	789.53901132097760000000000000000000
1614.00000000	786.82889397807820000000000000000000
1616.00000000	784.12493457062700000000000000000000
1618.00000000	781.42714583333240000000000000000000
1620.00000000	778.73554029741520000000000000000000
1622.00000000	776.05013029009760000000000000000000
1624.00000000	773.37092793417870000000000000000000
1626.00000000	770.69794514759350000000000000000000
1628.00000000	768.03119364305260000000000000000000
1630.00000000	765.37068492768360000000000000000000
1632.00000000	762.71643030271070000000000000000000
1634.00000000	760.06844086317290000000000000000000
1636.00000000	757.42672749766380000000000000000000
1638.00000000	754.79130088810930000000000000000000
1640.00000000	752.16217150958930000000000000000000
1642.00000000	749.53934963014090000000000000000000
1644.00000000	746.92284531065820000000000000000000
1646.00000000	744.31266840477760000000000000000000
1648.00000000	741.70882855879190000000000000000000
1650.00000000	739.11133521163380000000000000000000
1652.00000000	736.52019759483600000000000000000000
1654.00000000	733.93542473254700000000000000000000
1656.00000000	731.35702544157310000000000000000000
1658.00000000	728.78500833145630000000000000000000
1660.00000000	726.21938180456710000000000000000000
1662.00000000	723.66015405621420000000000000000000
1664.00000000	721.10733307479010000000000000000000
1666.00000000	718.56092664197100000000000000000000
1668.00000000	716.02094233291310000000000000000000
1670.00000000	713.48738751645260000000000000000000
1672.00000000	710.96026935537920000000000000000000
1674.00000000	708.43959480671910000000000000000000
1676.00000000	705.92537062201570000000000000000000
1678.00000000	703.41760334766950000000000000000000
1680.00000000	700.91629932528790000000000000000000
1682.00000000	698.42146469205400000000000000000000
1684.00000000	695.93310538111760000000000000000000
1686.00000000	693.45122712201840000000000000000000
1688.00000000	690.97583544115220000000000000000000
1690.00000000	688.50693566217060000000000000000000
1692.00000000	686.04453290653830000000000000000000
1694.00000000	683.58863209399980000000000000000000
1696.00000000	681.13923794310820000000000000000000
1698.00000000	678.69635497178310000000000000000000
1700.00000000	676.25998749788900000000000000000000
1702.00000000	673.83013963980180000000000000000000
1704.00000000	671.40681531702830000000000000000000
1706.00000000	668.99001825082960000000000000000000
1708.00000000	666.57975196489050000000000000000000
1710.00000000	664.17601978593930000000000000000000
1712.00000000	661.77882484449150000000000000000000
1714.00000000	659.38817007549700000000000000000000
1716.00000000	657.00405821908600000000000000000000
1718.00000000	654.62649182131620000000000000000000
1720.00000000	652.25547323489380000000000000000000
1722.00000000	649.89100461999360000000000000000000
1724.00000000	647.53308794498320000000000000000000
1726.00000000	645.18172498728620000000000000000000
1728.00000000	642.83691733416370000000000000000000
1730.00000000	640.49866638355550000000000000000000
1732.00000000	638.16697334495640000000000000000000
1734.00000000	635.84183924023000000000000000000000
1736.00000000	633.52326490452920000000000000000000
1738.00000000	631.21125098718430000000000000000000
1740.00000000	628.90579795258220000000000000000000
1742.00000000	626.60690608111040000000000000000000
1744.00000000	624.31457547010120000000000000000000
1746.00000000	622.02880603473100000000000000000000
1748.00000000	619.74959750903250000000000000000000
1750.00000000	617.47694944682390000000000000000000
1752.00000000	615.21086122272470000000000000000000
1754.00000000	612.95133203314280000000000000000000
1756.00000000	610.69836089723970000000000000000000
1758.00000000	608.45194665800770000000000000000000
1760.00000000	606.21208798325520000000000000000000
1762.00000000	603.97878336667580000000000000000000
1764.00000000	601.75203112885340000000000000000000
1766.00000000	599.53182941837800000000000000000000
1768.00000000	597.31817621285780000000000000000000
1770.00000000	595.11106932003370000000000000000000
1772.00000000	593.14274617680720000000000000000000
1774.00000000	591.48795882564930000000000000000000
1776.00000000	589.83598806302340000000000000000000
1778.00000000	588.18683434633420000000000000000000
1780.00000000	586.54049814006130000000000000000000
1782.00000000	584.89697991534970000000000000000000
1784.00000000	583.25628014950350000000000000000000
1786.00000000	581.61839932558590000000000000000000
1788.00000000	579.98333793195490000000000000000000
1790.00000000	578.35109646182100000000000000000000
1792.00000000	576.72167541283090000000000000000000
1794.00000000	575.09507528661670000000000000000000
1796.00000000	573.47129658837200000000000000000000
1798.00000000	571.85033982645860000000000000000000
1800.00000000	570.23220551193190000000000000000000
1802.00000000	568.61689415818520000000000000000000
1804.00000000	567.00440628050250000000000000000000
1806.00000000	565.39474239567200000000000000000000
1808.00000000	563.78790302157940000000000000000000
1810.00000000	562.18388867678640000000000000000000
1812.00000000	560.58269988017890000000000000000000
1814.00000000	558.98433715053330000000000000000000
1816.00000000	557.38880100617950000000000000000000
1818.00000000	555.79609196456090000000000000000000
1820.00000000	554.20621054191250000000000000000000
1822.00000000	552.61915725283280000000000000000000
1824.00000000	551.03493260998080000000000000000000
1826.00000000	549.45353712362160000000000000000000
1828.00000000	547.87497130135670000000000000000000
1830.00000000	546.29923564769340000000000000000000
1832.00000000	544.72633066372370000000000000000000
1834.00000000	543.15625684677710000000000000000000
1836.00000000	541.58901469005500000000000000000000
1838.00000000	540.02460468229640000000000000000000
1840.00000000	538.46302730744420000000000000000000
1842.00000000	536.90428304430150000000000000000000
1844.00000000	535.34837236621290000000000000000000
1846.00000000	533.79529574071350000000000000000000
1848.00000000	532.24505362921680000000000000000000
1850.00000000	530.69764648670790000000000000000000
1852.00000000	529.15307476141450000000000000000000
1854.00000000	527.61133889448830000000000000000000
1856.00000000	526.07243931970030000000000000000000
1858.00000000	524.53637646314380000000000000000000
1860.00000000	523.00315074292430000000000000000000
1862.00000000	521.47276256888160000000000000000000
1864.00000000	519.94521234223520000000000000000000
1866.00000000	518.42050045538040000000000000000000
1868.00000000	516.89862729154190000000000000000000
1870.00000000	515.37959322449770000000000000000000
1872.00000000	513.86339861832050000000000000000000
1874.00000000	512.35004382708310000000000000000000
1876.00000000	510.83952919458710000000000000000000
1878.00000000	509.33185505412183000000000000000000
1880.00000000	507.82702172815360000000000000000000
1882.00000000	506.32502952809847000000000000000000
1884.00000000	504.82587875404346000000000000000000
1886.00000000	503.32956969451530000000000000000000
1888.00000000	501.83610262620570000000000000000000
1890.00000000	500.34547781373650000000000000000000
1892.00000000	498.85769550940273000000000000000000
1894.00000000	497.37275595296760000000000000000000
1896.00000000	495.89065937136405000000000000000000
1898.00000000	494.41140597852944000000000000000000
1900.00000000	492.93499597511885000000000000000000
1902.00000000	491.46142954832186000000000000000000
1904.00000000	489.99070687159610000000000000000000
1906.00000000	488.52282810449450000000000000000000
1908.00000000	487.05779339240250000000000000000000
1910.00000000	485.59560286635843000000000000000000
1912.00000000	484.13625664283120000000000000000000
1914.00000000	482.67975482350533000000000000000000
1916.00000000	481.22609749509300000000000000000000
1918.00000000	479.77528472913950000000000000000000
1920.00000000	478.32731658177477000000000000000000
1922.00000000	476.88219309359390000000000000000000
1924.00000000	475.43991428942445000000000000000000
1926.00000000	474.00048017813015000000000000000000
1928.00000000	472.56389075246930000000000000000000
1930.00000000	471.13014598886590000000000000000000
1932.00000000	469.69924584726004000000000000000000
1934.00000000	468.27119027093136000000000000000000
1936.00000000	466.84597918632375000000000000000000
1938.00000000	465.42361250287330000000000000000000
1940.00000000	464.00409011285380000000000000000000
1942.00000000	462.58741189119127000000000000000000
1944.00000000	461.17357769534203000000000000000000
1946.00000000	459.76258736511807000000000000000000
1948.00000000	458.35444072250726000000000000000000
1950.00000000	456.94913757157804000000000000000000
1952.00000000	455.54667769829190000000000000000000
1954.00000000	454.14706087037354000000000000000000
1956.00000000	452.75028683716030000000000000000000
1958.00000000	451.35635532948777000000000000000000
1960.00000000	449.96526605953080000000000000000000
1962.00000000	448.57701872067960000000000000000000
1964.00000000	447.19161298741560000000000000000000
1966.00000000	445.80904851518140000000000000000000
1968.00000000	444.42932494025650000000000000000000
1970.00000000	443.05244187964110000000000000000000
1972.00000000	441.67839893092390000000000000000000
1974.00000000	440.30719567218920000000000000000000
1976.00000000	438.93883166189346000000000000000000
1978.00000000	437.57330643875133000000000000000000
1980.00000000	436.21061952165420000000000000000000
1982.00000000	434.85077040950690000000000000000000
1984.00000000	433.49375858122480000000000000000000
1986.00000000	432.13958349551770000000000000000000
1988.00000000	430.78824459091330000000000000000000
1990.00000000	429.43974128555050000000000000000000
1992.00000000	428.09407297718910000000000000000000
1994.00000000	426.75123904305540000000000000000000
1996.00000000	425.41123883978446000000000000000000
1998.00000000	424.07407170333323000000000000000000
2000.00000000	422.73973694890280000000000000000000
