100.00000000	-1338.93559901540470000000000000000000
102.00000000	-1187.43270759546820000000000000000000
104.00000000	-1067.90071335408130000000000000000000
106.00000000	-987.16827013932020000000000000000000
108.00000000	-910.52591925234870000000000000000000
110.00000000	-837.83141906784100000000000000000000
112.00000000	-768.96941086579170000000000000000000
114.00000000	-712.72284138369080000000000000000000
116.00000000	-664.82142277360240000000000000000000
118.00000000	-619.97769373506330000000000000000000
120.00000000	-577.90969667805500000000000000000000
122.00000000	-538.36328438899220000000000000000000
124.00000000	-500.91449545027706000000000000000000
126.00000000	-447.20881776325960000000000000000000
128.00000000	-397.16135202780390000000000000000000
130.00000000	-350.40332639138984000000000000000000
132.00000000	-306.60818054143675000000000000000000
134.00000000	-265.48671092651216000000000000000000
136.00000000	-226.78284252969290000000000000000000
138.00000000	-191.38735507426728000000000000000000
140.00000000	-165.63019051648330000000000000000000
142.00000000	-141.06002260223585000000000000000000
144.00000000	-117.58028176807893000000000000000000
146.00000000	-95.10666102231946000000000000000000
148.00000000	-73.60244999640885000000000000000000
150.00000000	-52.93170257975901000000000000000000
152.00000000	-33.07706433375368000000000000000000
154.00000000	-13.99318674082900100000000000000000
156.00000000	2.68136663773907060000000000000000
158.00000000	17.19725103500364200000000000000000
160.00000000	31.20593439178849000000000000000000
162.00000000	44.71297985341327000000000000000000
164.00000000	57.71985176860276000000000000000000
166.00000000	70.22425115471496000000000000000000
168.00000000	82.22043803814670000000000000000000
170.00000000	93.69954512130445000000000000000000
172.00000000	104.64988723136412000000000000000000
174.00000000	115.05727113653228000000000000000000
176.00000000	124.90531057805124000000000000000000
178.00000000	126.23245943184502000000000000000000
180.00000000	117.52939140614576000000000000000000
182.00000000	108.93074301681874000000000000000000
184.00000000	113.95786297582661000000000000000000
186.00000000	120.91605253622082000000000000000000
188.00000000	124.77580761968143000000000000000000
190.00000000	100.15244421148032000000000000000000
192.00000000	76.20689869883431000000000000000000
194.00000000	53.95306621638571000000000000000000
196.00000000	38.72551722988019000000000000000000
198.00000000	23.56258736170156400000000000000000
200.00000000	8.75023604272967300000000000000000
202.00000000	13.55721048650802300000000000000000
204.00000000	17.39124424840421300000000000000000
206.00000000	20.27661056474624200000000000000000
208.00000000	5.01449149828425700000000000000000
210.00000000	-18.09599921299370000000000000000000
212.00000000	-40.84884906384994000000000000000000
214.00000000	-65.12978258513606000000000000000000
216.00000000	-102.90645191032448000000000000000000
218.00000000	-139.31078660790874000000000000000000
220.00000000	-174.19317182262280000000000000000000
222.00000000	-203.28411493223757000000000000000000
224.00000000	-221.45773218876994000000000000000000
226.00000000	-237.98728608029960000000000000000000
228.00000000	-252.50787854697630000000000000000000
230.00000000	-263.58697846506860000000000000000000
232.00000000	-267.89860243574043000000000000000000
234.00000000	-268.75614559066590000000000000000000
236.00000000	-265.43721740364850000000000000000000
238.00000000	-257.04479469096710000000000000000000
240.00000000	-240.79278968000492000000000000000000
242.00000000	-216.22632662084325000000000000000000
244.00000000	-181.74934680834140000000000000000000
246.00000000	-134.98606780570870000000000000000000
248.00000000	-73.01274805529984000000000000000000
250.00000000	30.09242480512657600000000000000000
252.00000000	149.47259590347727000000000000000000
254.00000000	282.89010691586134000000000000000000
256.00000000	427.19120533890947000000000000000000
258.00000000	580.55372062840020000000000000000000
260.00000000	746.02885939541760000000000000000000
262.00000000	920.94770072661040000000000000000000
264.00000000	1101.15091538309620000000000000000000
266.00000000	1280.62642937396050000000000000000000
268.00000000	1453.23229924263110000000000000000000
270.00000000	1621.91524710290600000000000000000000
272.00000000	1801.10614774969300000000000000000000
274.00000000	1967.20031930215120000000000000000000
276.00000000	2120.62830780274800000000000000000000
278.00000000	2262.38503571916270000000000000000000
280.00000000	2393.69405944419200000000000000000000
282.00000000	2515.13837442342170000000000000000000
284.00000000	2622.89780029132950000000000000000000
286.00000000	2723.00363729014600000000000000000000
288.00000000	2816.50326157000400000000000000000000
290.00000000	2904.29065902088130000000000000000000
292.00000000	2987.12136210872270000000000000000000
294.00000000	3065.63098469330950000000000000000000
296.00000000	3149.73908561166350000000000000000000
298.00000000	3244.78564319175530000000000000000000
300.00000000	3337.40344746025450000000000000000000
302.00000000	3427.78404512751700000000000000000000
304.00000000	3516.09798856881570000000000000000000
306.00000000	3602.49929479468100000000000000000000
308.00000000	3687.12869038139160000000000000000000
310.00000000	3770.50902488942200000000000000000000
312.00000000	3867.68179579695830000000000000000000
314.00000000	3963.39662255433300000000000000000000
316.00000000	4057.73829182179270000000000000000000
318.00000000	4150.79459003402550000000000000000000
320.00000000	4242.65515878418800000000000000000000
322.00000000	4333.41045748537700000000000000000000
324.00000000	4423.15084770062900000000000000000000
326.00000000	4511.96580329855600000000000000000000
328.00000000	4594.36882631606500000000000000000000
330.00000000	4675.13881469581400000000000000000000
332.00000000	4755.20513732956700000000000000000000
334.00000000	4834.65163077329500000000000000000000
336.00000000	4913.54557140687850000000000000000000
338.00000000	4991.98745045962300000000000000000000
340.00000000	5070.03678807214700000000000000000000
342.00000000	5147.76102180898200000000000000000000
344.00000000	5225.22345825430000000000000000000000
346.00000000	5303.52195298999400000000000000000000
348.00000000	5381.91286728089800000000000000000000
350.00000000	5460.19731382936000000000000000000000
352.00000000	5538.42454248491000000000000000000000
354.00000000	5616.64009586100600000000000000000000
356.00000000	5694.88597575105000000000000000000000
358.00000000	5773.20081462633800000000000000000000
360.00000000	5851.62004813096500000000000000000000
362.00000000	5930.17608542333800000000000000000000
364.00000000	6008.89847504194200000000000000000000
366.00000000	6100.96220946300950000000000000000000
368.00000000	6199.60275536456000000000000000000000
370.00000000	6298.57505986754200000000000000000000
372.00000000	6397.90732018880400000000000000000000
374.00000000	6497.62558775869400000000000000000000
376.00000000	6597.75382949853500000000000000000000
378.00000000	6698.31398850575200000000000000000000
380.00000000	6799.32604429437400000000000000000000
382.00000000	6900.80807283459600000000000000000000
384.00000000	7002.77630668938500000000000000000000
386.00000000	7105.24519556892800000000000000000000
388.00000000	7210.31923598573850000000000000000000
390.00000000	7321.16516267283900000000000000000000
392.00000000	7432.41161185355600000000000000000000
394.00000000	7544.00130905910100000000000000000000
396.00000000	7655.95622950151300000000000000000000
398.00000000	7768.26937213981600000000000000000000
400.00000000	7880.93181610912000000000000000000000
402.00000000	7993.93285026137350000000000000000000
404.00000000	8107.26010460219400000000000000000000
406.00000000	8220.89968360962500000000000000000000
408.00000000	8334.83630146891700000000000000000000
410.00000000	8449.05341931335400000000000000000000
412.00000000	8563.53338462587500000000000000000000
414.00000000	8682.72892216583600000000000000000000
416.00000000	8809.76292615986000000000000000000000
418.00000000	8936.83290886236700000000000000000000
420.00000000	9063.90742683094000000000000000000000
422.00000000	9190.95434662186700000000000000000000
424.00000000	9317.94104979243300000000000000000000
426.00000000	9444.83464475713300000000000000000000
428.00000000	9571.60218679121000000000000000000000
430.00000000	9698.21090782914000000000000000000000
432.00000000	9824.62845815192800000000000000000000
434.00000000	9950.82316262853800000000000000000000
436.00000000	10076.76429491568300000000000000000000
438.00000000	10202.42237398831300000000000000000000
440.00000000	10327.76948865620200000000000000000000
442.00000000	10452.77965744523000000000000000000000
444.00000000	10538.66199247305800000000000000000000
446.00000000	10598.66486363172800000000000000000000
448.00000000	10657.76638668821000000000000000000000
450.00000000	10715.96810283551300000000000000000000
452.00000000	10773.27712490621000000000000000000000
454.00000000	10829.70677727878900000000000000000000
456.00000000	10885.27743071550100000000000000000000
458.00000000	10940.01761485592600000000000000000000
460.00000000	10993.96553401794000000000000000000000
462.00000000	11047.17118325832400000000000000000000
464.00000000	11099.74844332423700000000000000000000
466.00000000	11151.68302667231500000000000000000000
468.00000000	11203.13469964804000000000000000000000
470.00000000	11254.25130038103000000000000000000000
472.00000000	11305.23725539764000000000000000000000
474.00000000	11356.38903551426800000000000000000000
476.00000000	11408.16809650496900000000000000000000
478.00000000	11464.07518927782000000000000000000000
480.00000000	11524.65177964156300000000000000000000
482.00000000	11593.22092924317400000000000000000000
484.00000000	11684.19993545064200000000000000000000
486.00000000	11725.02768271745800000000000000000000
488.00000000	11761.32648112688000000000000000000000
490.00000000	11794.53325110475300000000000000000000
492.00000000	11825.10019596834900000000000000000000
494.00000000	11853.26652382978700000000000000000000
496.00000000	11879.19263697003200000000000000000000
498.00000000	11903.00271980830400000000000000000000
500.00000000	11924.80242230961800000000000000000000
502.00000000	11944.68752337011600000000000000000000
504.00000000	11962.74871552872200000000000000000000
506.00000000	11979.07452621554700000000000000000000
508.00000000	11993.75328191523300000000000000000000
510.00000000	12006.87457128584900000000000000000000
512.00000000	12018.53046266245300000000000000000000
514.00000000	12028.81663759535000000000000000000000
516.00000000	12037.83355961132700000000000000000000
518.00000000	12044.59873825329500000000000000000000
520.00000000	12050.01027006310100000000000000000000
522.00000000	12054.66059962705700000000000000000000
524.00000000	12058.68096061311200000000000000000000
526.00000000	12062.21806896241000000000000000000000
528.00000000	12065.43868534599800000000000000000000
530.00000000	12068.53659325765500000000000000000000
532.00000000	12071.74771561910300000000000000000000
534.00000000	12075.37534809252800000000000000000000
536.00000000	12079.85316391192300000000000000000000
538.00000000	12085.81472911195700000000000000000000
540.00000000	12093.91779507786900000000000000000000
542.00000000	12103.37521427079800000000000000000000
544.00000000	12107.32313855148100000000000000000000
546.00000000	12091.57613860052300000000000000000000
548.00000000	12055.93746666250600000000000000000000
550.00000000	12019.42023022124700000000000000000000
552.00000000	11997.50529740759900000000000000000000
554.00000000	11995.63956962160400000000000000000000
556.00000000	12007.91291496770600000000000000000000
558.00000000	12014.25751794279700000000000000000000
560.00000000	11995.86122949683200000000000000000000
562.00000000	11954.37998462615000000000000000000000
564.00000000	11887.65228662143500000000000000000000
566.00000000	11775.63924085709000000000000000000000
568.00000000	11662.62112864544500000000000000000000
570.00000000	11550.04243084472200000000000000000000
572.00000000	11438.38905112822200000000000000000000
574.00000000	11327.78904894513100000000000000000000
576.00000000	11218.26108666759000000000000000000000
578.00000000	11109.80358382422700000000000000000000
580.00000000	11002.40818432113300000000000000000000
582.00000000	10896.06879353907600000000000000000000
584.00000000	10790.78115279255500000000000000000000
586.00000000	10686.54217033982200000000000000000000
588.00000000	10583.34945048797600000000000000000000
590.00000000	10481.20095924577800000000000000000000
592.00000000	10380.09478589006700000000000000000000
594.00000000	10280.02897299275500000000000000000000
596.00000000	10181.00139598101100000000000000000000
598.00000000	10083.00967894329700000000000000000000
600.00000000	9986.05113720376900000000000000000000
602.00000000	9890.12273980733500000000000000000000
604.00000000	9795.22108689052200000000000000000000
606.00000000	9701.34239821442700000000000000000000
608.00000000	9608.48251007195400000000000000000000
610.00000000	9516.63687846463300000000000000000000
612.00000000	9425.80058694736400000000000000000000
614.00000000	9335.96835791381600000000000000000000
616.00000000	9247.13456637810300000000000000000000
618.00000000	9159.29325552140700000000000000000000
620.00000000	9072.79317099863300000000000000000000
622.00000000	8993.96296253087200000000000000000000
624.00000000	8915.99910098415200000000000000000000
626.00000000	8838.89253490298000000000000000000000
628.00000000	8762.63427557748000000000000000000000
630.00000000	8687.21539062738300000000000000000000
632.00000000	8612.62699916690900000000000000000000
634.00000000	8538.86026826991300000000000000000000
636.00000000	8465.90641050219500000000000000000000
638.00000000	8393.75668232777600000000000000000000
640.00000000	8322.40238322759600000000000000000000
642.00000000	8251.83485539634800000000000000000000
644.00000000	8182.04548390483900000000000000000000
646.00000000	8113.02569723398800000000000000000000
648.00000000	8044.76696810147100000000000000000000
650.00000000	7977.26081451538100000000000000000000
652.00000000	7910.49880099933850000000000000000000
654.00000000	7844.47253994317600000000000000000000
656.00000000	7779.17369304062100000000000000000000
658.00000000	7714.59397278165400000000000000000000
660.00000000	7650.72514397297300000000000000000000
662.00000000	7587.55902526448100000000000000000000
664.00000000	7525.08749066353600000000000000000000
666.00000000	7463.30247102200900000000000000000000
668.00000000	7402.19595548411600000000000000000000
670.00000000	7341.75999288516900000000000000000000
672.00000000	7281.98669309384300000000000000000000
674.00000000	7222.86822829150600000000000000000000
676.00000000	7164.39683418446700000000000000000000
678.00000000	7106.56481114560300000000000000000000
680.00000000	7049.36452528316800000000000000000000
682.00000000	6992.78840943550300000000000000000000
684.00000000	6936.82896409062700000000000000000000
686.00000000	6881.47875823115000000000000000000000
688.00000000	6826.73043010471100000000000000000000
690.00000000	6773.76907470236000000000000000000000
692.00000000	6722.11167048140900000000000000000000
694.00000000	6670.98327298128200000000000000000000
696.00000000	6620.37813614933100000000000000000000
698.00000000	6570.29054952270500000000000000000000
700.00000000	6520.71483961390100000000000000000000
702.00000000	6471.64537120443700000000000000000000
704.00000000	6423.07654854953600000000000000000000
706.00000000	6375.00281649729500000000000000000000
708.00000000	6327.41866152518300000000000000000000
710.00000000	6280.31861269716500000000000000000000
712.00000000	6233.69724254446700000000000000000000
714.00000000	6187.54916787307400000000000000000000
716.00000000	6141.86905050102300000000000000000000
718.00000000	6096.65159792826200000000000000000000
720.00000000	6051.89156394234100000000000000000000
722.00000000	6007.58374916232150000000000000000000
724.00000000	5963.69564569584300000000000000000000
726.00000000	5920.27688652706600000000000000000000
728.00000000	5877.29503725002500000000000000000000
730.00000000	5834.74508998970000000000000000000000
732.00000000	5792.62208559734200000000000000000000
734.00000000	5750.92111388035400000000000000000000
736.00000000	5709.63731378846200000000000000000000
738.00000000	5668.76587355810600000000000000000000
740.00000000	5628.30203081756600000000000000000000
742.00000000	5588.24107265456900000000000000000000
744.00000000	5548.57833564848350000000000000000000
746.00000000	5509.30920586907200000000000000000000
748.00000000	5470.42911884353900000000000000000000
750.00000000	5431.93355949367100000000000000000000
752.00000000	5393.81806204480000000000000000000000
754.00000000	5356.07820990813900000000000000000000
756.00000000	5318.70963553805600000000000000000000
758.00000000	5281.70802026600450000000000000000000
760.00000000	5245.06909411202800000000000000000000
762.00000000	5208.78863557584800000000000000000000
764.00000000	5172.86247140823400000000000000000000
766.00000000	5137.28647636444750000000000000000000
768.00000000	5102.05657294048300000000000000000000
770.00000000	5067.16873109359400000000000000000000
772.00000000	5032.61896794802100000000000000000000
774.00000000	4998.40334748700700000000000000000000
776.00000000	4965.60800111657700000000000000000000
778.00000000	4933.95498082934800000000000000000000
780.00000000	4902.58447482638300000000000000000000
782.00000000	4871.49354159190800000000000000000000
784.00000000	4840.67926769949300000000000000000000
786.00000000	4810.13876780358000000000000000000000
788.00000000	4779.86918461645900000000000000000000
790.00000000	4749.86768887132300000000000000000000
792.00000000	4720.13147927203950000000000000000000
794.00000000	4690.65778243065050000000000000000000
796.00000000	4661.44385279297000000000000000000000
798.00000000	4632.48697255313100000000000000000000
800.00000000	4603.78445155765350000000000000000000
802.00000000	4575.33362719964200000000000000000000
804.00000000	4547.13186430366000000000000000000000
806.00000000	4519.17655500188450000000000000000000
808.00000000	4491.46511860202500000000000000000000
810.00000000	4463.99500144758400000000000000000000
812.00000000	4436.76367677081700000000000000000000
814.00000000	4409.76864453902700000000000000000000
816.00000000	4383.00743129449700000000000000000000
818.00000000	4356.47758998849300000000000000000000
820.00000000	4330.17669980987900000000000000000000
822.00000000	4304.10236600860500000000000000000000
824.00000000	4278.25221971439800000000000000000000
826.00000000	4252.62391775118700000000000000000000
828.00000000	4227.21514244744900000000000000000000
830.00000000	4202.02360144283500000000000000000000
832.00000000	4177.04702749137800000000000000000000
834.00000000	4152.28317826170600000000000000000000
836.00000000	4127.72983613421100000000000000000000
838.00000000	4103.38480799588700000000000000000000
840.00000000	4079.24592503269060000000000000000000
842.00000000	4055.31104251987060000000000000000000
844.00000000	4031.57803961054400000000000000000000
846.00000000	4008.04481912255230000000000000000000
848.00000000	3984.70930732389340000000000000000000
850.00000000	3961.56945371707300000000000000000000
852.00000000	3938.62323082220750000000000000000000
854.00000000	3915.86863395957650000000000000000000
856.00000000	3893.30368103114230000000000000000000
858.00000000	3870.92641230190340000000000000000000
860.00000000	3848.73489018057760000000000000000000
862.00000000	3826.72719900029800000000000000000000
864.00000000	3804.90144479906350000000000000000000
866.00000000	3783.25575510033060000000000000000000
868.00000000	3761.78827869375440000000000000000000
870.00000000	3740.49718541611860000000000000000000
872.00000000	3719.38066568836580000000000000000000
874.00000000	3698.43693128042740000000000000000000
876.00000000	3677.66421361141000000000000000000000
878.00000000	3657.06076452635120000000000000000000
880.00000000	3636.62485583034600000000000000000000
882.00000000	3616.35477907340100000000000000000000
884.00000000	3596.24884533616930000000000000000000
886.00000000	3576.00044607138120000000000000000000
888.00000000	3554.80864309571500000000000000000000
890.00000000	3533.79861589600600000000000000000000
892.00000000	3512.96836615124500000000000000000000
894.00000000	3492.31592185949500000000000000000000
896.00000000	3471.83933694052260000000000000000000
898.00000000	3451.53669084487770000000000000000000
900.00000000	3431.40608816974600000000000000000000
902.00000000	3411.44565828103500000000000000000000
904.00000000	3391.65355494195140000000000000000000
906.00000000	3372.02795594760400000000000000000000
908.00000000	3352.56706276581960000000000000000000
910.00000000	3333.26910018386100000000000000000000
912.00000000	3314.13231596105300000000000000000000
914.00000000	3295.15498048713740000000000000000000
916.00000000	3276.33538644630100000000000000000000
918.00000000	3257.67184848676420000000000000000000
920.00000000	3239.16270289582050000000000000000000
922.00000000	3220.80630728018700000000000000000000
924.00000000	3202.60104025171630000000000000000000
926.00000000	3184.54530111818100000000000000000000
928.00000000	3166.63750957916730000000000000000000
930.00000000	3148.87610542697260000000000000000000
932.00000000	3131.25954825235840000000000000000000
934.00000000	3113.78631715516600000000000000000000
936.00000000	3096.45491045953580000000000000000000
938.00000000	3079.26384543396100000000000000000000
940.00000000	3062.21165801569530000000000000000000
942.00000000	3045.29690253979200000000000000000000
944.00000000	3028.51815147239400000000000000000000
946.00000000	3011.87399514850130000000000000000000
948.00000000	2995.36304151384770000000000000000000
950.00000000	2978.98391587101650000000000000000000
952.00000000	2962.73526062961670000000000000000000
954.00000000	2946.61573506050400000000000000000000
956.00000000	2930.62401505396000000000000000000000
958.00000000	2914.75879288171400000000000000000000
960.00000000	2899.01877696278100000000000000000000
962.00000000	2883.40269163311040000000000000000000
964.00000000	2867.90927691886960000000000000000000
966.00000000	2852.53728831330700000000000000000000
968.00000000	2837.28549655725240000000000000000000
970.00000000	2822.15268742304760000000000000000000
972.00000000	2807.13766150191850000000000000000000
974.00000000	2792.23923399478500000000000000000000
976.00000000	2777.45623450623540000000000000000000
978.00000000	2762.78750684193760000000000000000000
980.00000000	2748.23190880912200000000000000000000
982.00000000	2733.78831202023730000000000000000000
984.00000000	2719.45560169974900000000000000000000
986.00000000	2705.23267649390500000000000000000000
988.00000000	2691.11844828351300000000000000000000
990.00000000	2677.11184199967150000000000000000000
992.00000000	2663.21179544235160000000000000000000
994.00000000	2649.41725910182900000000000000000000
996.00000000	2635.72719598291800000000000000000000
998.00000000	2622.14058143187600000000000000000000
1000.00000000	2608.65640296609000000000000000000000
1002.00000000	2595.27366010636070000000000000000000
1004.00000000	2581.99136421174600000000000000000000
1006.00000000	2568.80853831705400000000000000000000
1008.00000000	2555.72421697278920000000000000000000
1010.00000000	2542.73744608750850000000000000000000
1012.00000000	2529.84728277278240000000000000000000
1014.00000000	2517.05279519031960000000000000000000
1016.00000000	2504.35306240164850000000000000000000
1018.00000000	2491.74717421992500000000000000000000
1020.00000000	2479.23423106413840000000000000000000
1022.00000000	2466.81334381548230000000000000000000
1024.00000000	2454.48363367591800000000000000000000
1026.00000000	2442.24423202892880000000000000000000
1028.00000000	2430.09428030235200000000000000000000
1030.00000000	2418.03292983334300000000000000000000
1032.00000000	2406.05934173531900000000000000000000
1034.00000000	2394.18064329218700000000000000000000
1036.00000000	2382.39595408147700000000000000000000
1038.00000000	2370.69208171518540000000000000000000
1040.00000000	2359.06833817620370000000000000000000
1042.00000000	2347.52404229631660000000000000000000
1044.00000000	2336.05851967861000000000000000000000
1046.00000000	2324.67110262096730000000000000000000
1048.00000000	2313.36113004057050000000000000000000
1050.00000000	2302.12794739929770000000000000000000
1052.00000000	2290.97090663012070000000000000000000
1054.00000000	2279.88936606446620000000000000000000
1056.00000000	2268.88269036046540000000000000000000
1058.00000000	2257.95025043214200000000000000000000
1060.00000000	2247.09142337948060000000000000000000
1062.00000000	2236.30559241940700000000000000000000
1064.00000000	2225.59214681764200000000000000000000
1066.00000000	2214.95048182137630000000000000000000
1068.00000000	2204.37999859281440000000000000000000
1070.00000000	2193.88010414360600000000000000000000
1072.00000000	2183.45021127002300000000000000000000
1074.00000000	2173.08973848896040000000000000000000
1076.00000000	2162.79810997479670000000000000000000
1078.00000000	2152.57475549696440000000000000000000
1080.00000000	2142.41911035835000000000000000000000
1082.00000000	2132.33061533443650000000000000000000
1084.00000000	2122.30871661320600000000000000000000
1086.00000000	2112.35286573574900000000000000000000
1088.00000000	2102.46251953770570000000000000000000
1090.00000000	2092.63714009127670000000000000000000
1092.00000000	2082.87619464813300000000000000000000
1094.00000000	2073.17915558280400000000000000000000
1096.00000000	2063.54550033697900000000000000000000
1098.00000000	2053.97471136435340000000000000000000
1100.00000000	2044.46627607616230000000000000000000
1102.00000000	2035.01968678742700000000000000000000
1104.00000000	2025.63444066380680000000000000000000
1106.00000000	2016.31003966913770000000000000000000
1108.00000000	2007.04599051353060000000000000000000
1110.00000000	1997.84180460222480000000000000000000
1112.00000000	1988.69699798490980000000000000000000
1114.00000000	1979.61109130577500000000000000000000
1116.00000000	1970.58360975409480000000000000000000
1118.00000000	1961.61408301543770000000000000000000
1120.00000000	1952.70204522345240000000000000000000
1122.00000000	1943.84703491220350000000000000000000
1124.00000000	1935.04859496913760000000000000000000
1126.00000000	1926.30627258853930000000000000000000
1128.00000000	1917.61961922561320000000000000000000
1130.00000000	1908.98819055103300000000000000000000
1132.00000000	1900.41154640611220000000000000000000
1134.00000000	1891.88925075844440000000000000000000
1136.00000000	1883.42087165809430000000000000000000
1138.00000000	1875.00598119430800000000000000000000
1140.00000000	1866.64415545270700000000000000000000
1142.00000000	1858.33497447305260000000000000000000
1144.00000000	1850.07802220741950000000000000000000
1146.00000000	1841.87288647893300000000000000000000
1148.00000000	1833.71915894095380000000000000000000
1150.00000000	1825.61643503673260000000000000000000
1152.00000000	1817.56431395957570000000000000000000
1154.00000000	1809.56239861346080000000000000000000
1156.00000000	1801.61029557408850000000000000000000
1158.00000000	1793.70761505039800000000000000000000
1160.00000000	1785.85397084655530000000000000000000
1162.00000000	1778.04898032435560000000000000000000
1164.00000000	1770.29226436608860000000000000000000
1166.00000000	1762.58344733777930000000000000000000
1168.00000000	1754.92215705294620000000000000000000
1170.00000000	1747.30802473667500000000000000000000
1172.00000000	1739.74068499018310000000000000000000
1174.00000000	1732.21977575575440000000000000000000
1176.00000000	1724.74493828213080000000000000000000
1178.00000000	1717.31581709018720000000000000000000
1180.00000000	1709.93205993914300000000000000000000
1182.00000000	1702.59331779304560000000000000000000
1184.00000000	1695.29924478771520000000000000000000
1186.00000000	1688.04949819805480000000000000000000
1188.00000000	1680.84373840564290000000000000000000
1190.00000000	1673.68162886686380000000000000000000
1192.00000000	1666.56283608123800000000000000000000
1194.00000000	1659.48702956021680000000000000000000
1196.00000000	1652.45388179631620000000000000000000
1198.00000000	1645.46306823252170000000000000000000
1200.00000000	1638.51426723218080000000000000000000
1202.00000000	1631.60716004909200000000000000000000
1204.00000000	1624.74143079803700000000000000000000
1206.00000000	1617.91676642562220000000000000000000
1208.00000000	1611.13285668139180000000000000000000
1210.00000000	1604.38939408933950000000000000000000
1212.00000000	1597.68607391971360000000000000000000
1214.00000000	1591.02259416113180000000000000000000
1216.00000000	1584.39865549302750000000000000000000
1218.00000000	1577.81396125838180000000000000000000
1220.00000000	1571.26821743678400000000000000000000
1222.00000000	1564.76113261779100000000000000000000
1224.00000000	1558.29241797455780000000000000000000
1226.00000000	1551.84955871801910000000000000000000
1228.00000000	1545.45678009571950000000000000000000
1230.00000000	1539.10152008845830000000000000000000
1232.00000000	1532.78349994884200000000000000000000
1234.00000000	1526.50244338565360000000000000000000
1236.00000000	1520.25807653928380000000000000000000
1238.00000000	1514.05012795729020000000000000000000
1240.00000000	1507.90169139669140000000000000000000
1242.00000000	1501.99656528886800000000000000000000
1244.00000000	1496.12195212363960000000000000000000
1246.00000000	1490.27766598174160000000000000000000
1248.00000000	1484.46352219975570000000000000000000
1250.00000000	1478.67933736083160000000000000000000
1252.00000000	1472.92492928554930000000000000000000
1254.00000000	1467.20011702282820000000000000000000
1256.00000000	1461.50472084091870000000000000000000
1258.00000000	1455.83856221840960000000000000000000
1260.00000000	1450.20146383548500000000000000000000
1262.00000000	1444.59324956506450000000000000000000
1264.00000000	1439.01374446409200000000000000000000
1266.00000000	1433.46277476497310000000000000000000
1268.00000000	1427.94016786696700000000000000000000
1270.00000000	1422.44575232769470000000000000000000
1272.00000000	1416.97935785475830000000000000000000
1274.00000000	1411.54081529738800000000000000000000
1276.00000000	1406.12995663815220000000000000000000
1278.00000000	1400.74661498476330000000000000000000
1280.00000000	1395.39062456197580000000000000000000
1282.00000000	1390.06182070343400000000000000000000
1284.00000000	1384.76003984375280000000000000000000
1286.00000000	1379.48511951054300000000000000000000
1288.00000000	1374.23689831652470000000000000000000
1290.00000000	1369.01521595175970000000000000000000
1292.00000000	1363.81991317587000000000000000000000
1294.00000000	1358.65083181036380000000000000000000
1296.00000000	1353.50781473102760000000000000000000
1298.00000000	1348.39070586036430000000000000000000
1300.00000000	1343.29935016007310000000000000000000
1302.00000000	1338.23359362363160000000000000000000
1304.00000000	1333.19328326892720000000000000000000
1306.00000000	1328.17826713089560000000000000000000
1308.00000000	1323.18839425430430000000000000000000
1310.00000000	1318.22351468651000000000000000000000
1312.00000000	1313.28347947032780000000000000000000
1314.00000000	1308.36814063694710000000000000000000
1316.00000000	1303.47735119886920000000000000000000
1318.00000000	1298.61096514295100000000000000000000
1320.00000000	1293.76883742346580000000000000000000
1322.00000000	1288.95082395521740000000000000000000
1324.00000000	1284.15678160676040000000000000000000
1326.00000000	1279.38656819358400000000000000000000
1328.00000000	1274.64004247142000000000000000000000
1330.00000000	1269.91706412959020000000000000000000
1332.00000000	1265.21749378436800000000000000000000
1334.00000000	1260.54119297244460000000000000000000
1336.00000000	1255.88802414440100000000000000000000
1338.00000000	1251.25785065825040000000000000000000
1340.00000000	1246.65053677303300000000000000000000
1342.00000000	1242.06594764244660000000000000000000
1344.00000000	1237.50394930852260000000000000000000
1346.00000000	1232.96440869538040000000000000000000
1348.00000000	1228.44719360299200000000000000000000
1350.00000000	1223.95217270102500000000000000000000
1352.00000000	1219.47921552270100000000000000000000
1354.00000000	1215.02819245871800000000000000000000
1356.00000000	1210.59897475123560000000000000000000
1358.00000000	1206.19143448785900000000000000000000
1360.00000000	1201.80544459571160000000000000000000
1362.00000000	1197.44087883554810000000000000000000
1364.00000000	1193.09761179586940000000000000000000
1366.00000000	1188.77551888713450000000000000000000
1368.00000000	1184.47447633599150000000000000000000
1370.00000000	1180.19436117953680000000000000000000
1372.00000000	1175.93505125964860000000000000000000
1374.00000000	1171.69642521735000000000000000000000
1376.00000000	1167.47836248719050000000000000000000
1378.00000000	1163.35145302281510000000000000000000
1380.00000000	1159.48900928896980000000000000000000
1382.00000000	1155.64134058995400000000000000000000
1384.00000000	1151.80838855230470000000000000000000
1386.00000000	1147.99009503594930000000000000000000
1388.00000000	1144.18640213279150000000000000000000
1390.00000000	1140.39725216527340000000000000000000
1392.00000000	1136.62258768504220000000000000000000
1394.00000000	1132.86235147151930000000000000000000
1396.00000000	1129.11648653061200000000000000000000
1398.00000000	1125.38493609337620000000000000000000
1400.00000000	1121.66764361471700000000000000000000
1402.00000000	1117.96455277208600000000000000000000
1404.00000000	1114.27560746426200000000000000000000
1406.00000000	1110.60075181007620000000000000000000
1408.00000000	1106.93993014718280000000000000000000
1410.00000000	1103.29308703089260000000000000000000
1412.00000000	1099.66016723293860000000000000000000
1414.00000000	1096.04111574033350000000000000000000
1416.00000000	1092.43587775422100000000000000000000
1418.00000000	1088.84439868870940000000000000000000
1420.00000000	1085.26662416977230000000000000000000
1422.00000000	1081.70250003415820000000000000000000
1424.00000000	1078.15197232827900000000000000000000
1426.00000000	1074.61498730712470000000000000000000
1428.00000000	1071.09149143325770000000000000000000
1430.00000000	1067.58143137570960000000000000000000
1432.00000000	1064.08475400898370000000000000000000
1434.00000000	1060.60140641204860000000000000000000
1436.00000000	1057.13133586732060000000000000000000
1438.00000000	1053.67448985966600000000000000000000
1440.00000000	1050.23081607545850000000000000000000
1442.00000000	1046.80026240159780000000000000000000
1444.00000000	1043.38277692454800000000000000000000
1446.00000000	1039.97830792944600000000000000000000
1448.00000000	1036.58680389912870000000000000000000
1450.00000000	1033.20821351324570000000000000000000
1452.00000000	1029.84248564735940000000000000000000
1454.00000000	1026.48956937203840000000000000000000
1456.00000000	1023.14941395201030000000000000000000
1458.00000000	1019.82196884526350000000000000000000
1460.00000000	1016.50718370220990000000000000000000
1462.00000000	1013.20500836481690000000000000000000
1464.00000000	1009.91539286582000000000000000000000
1466.00000000	1006.63828742782800000000000000000000
1468.00000000	1003.37364246257290000000000000000000
1470.00000000	1000.12140857003230000000000000000000
1472.00000000	996.88153653772340000000000000000000
1474.00000000	993.65397733982090000000000000000000
1476.00000000	990.43868213644070000000000000000000
1478.00000000	987.23560227284120000000000000000000
1480.00000000	984.04468927867490000000000000000000
1482.00000000	980.86589486721740000000000000000000
1484.00000000	977.69917093464100000000000000000000
1486.00000000	974.54446955926320000000000000000000
1488.00000000	971.40174300082920000000000000000000
1490.00000000	968.27094369976020000000000000000000
1492.00000000	965.15202427647470000000000000000000
1494.00000000	962.04493753067240000000000000000000
1496.00000000	958.94963644060680000000000000000000
1498.00000000	955.86607416242160000000000000000000
1500.00000000	952.79420402944940000000000000000000
1502.00000000	949.73397955154400000000000000000000
1504.00000000	946.68535441438000000000000000000000
1506.00000000	943.64828247881580000000000000000000
1508.00000000	940.62271778020540000000000000000000
1510.00000000	937.60861452776950000000000000000000
1512.00000000	934.60592710392830000000000000000000
1514.00000000	931.61461006364820000000000000000000
1516.00000000	928.63461813384610000000000000000000
1518.00000000	925.66590621268190000000000000000000
1520.00000000	922.70842936903820000000000000000000
1522.00000000	919.76214284178330000000000000000000
1524.00000000	916.82700203922980000000000000000000
1526.00000000	913.90296253850910000000000000000000
1528.00000000	910.98998008494740000000000000000000
1530.00000000	908.08801059147080000000000000000000
1532.00000000	905.19701013800950000000000000000000
1534.00000000	902.31693497091510000000000000000000
1536.00000000	899.44774150235890000000000000000000
1538.00000000	896.58938630974020000000000000000000
1540.00000000	893.74182613512930000000000000000000
1542.00000000	890.90501788468120000000000000000000
1544.00000000	888.07891862805270000000000000000000
1546.00000000	885.26348559786730000000000000000000
1548.00000000	882.45867618909610000000000000000000
1550.00000000	879.64879445839630000000000000000000
1552.00000000	876.73720205825730000000000000000000
1554.00000000	873.83139325836270000000000000000000
1556.00000000	870.93138583912580000000000000000000
1558.00000000	868.03719741671510000000000000000000
1560.00000000	865.14884544133400000000000000000000
1562.00000000	862.26634719556450000000000000000000
1564.00000000	859.38971979273040000000000000000000
1566.00000000	856.51898017532810000000000000000000
1568.00000000	853.65414511348310000000000000000000
1570.00000000	850.79523120343330000000000000000000
1572.00000000	847.94225486609680000000000000000000
1574.00000000	845.09523234562930000000000000000000
1576.00000000	842.25417970805130000000000000000000
1578.00000000	839.41911283994660000000000000000000
1580.00000000	836.59004744710980000000000000000000
1582.00000000	833.76699905332420000000000000000000
1584.00000000	830.94998299914220000000000000000000
1586.00000000	828.13901444068610000000000000000000
1588.00000000	825.33410834854350000000000000000000
1590.00000000	822.53527950665140000000000000000000
1592.00000000	819.74254251122230000000000000000000
1594.00000000	816.95591176973370000000000000000000
1596.00000000	814.17540149994470000000000000000000
1598.00000000	811.40102572895440000000000000000000
1600.00000000	808.63279829226670000000000000000000
1602.00000000	805.87073283295220000000000000000000
1604.00000000	803.11484280078040000000000000000000
1606.00000000	800.36514145145200000000000000000000
1608.00000000	797.62164184579980000000000000000000
1610.00000000	794.88435684909110000000000000000000
1612.00000000	792.15329913032190000000000000000000
1614.00000000	789.42848116156570000000000000000000
1616.00000000	786.70991521735650000000000000000000
1618.00000000	783.99761337407820000000000000000000
1620.00000000	781.29158750944680000000000000000000
1622.00000000	778.59184930196360000000000000000000
1624.00000000	775.89841023045620000000000000000000
1626.00000000	773.21128157359430000000000000000000
1628.00000000	770.53047440950130000000000000000000
1630.00000000	767.85599961535730000000000000000000
1632.00000000	765.18786786703950000000000000000000
1634.00000000	762.52608963881470000000000000000000
1636.00000000	759.87067520303540000000000000000000
1638.00000000	757.22163462988900000000000000000000
1640.00000000	754.57897778718200000000000000000000
1642.00000000	751.94271434011420000000000000000000
1644.00000000	749.31285375114020000000000000000000
1646.00000000	746.68940527982240000000000000000000
1648.00000000	744.07237798271610000000000000000000
1650.00000000	741.46178071331690000000000000000000
1652.00000000	738.85762212199050000000000000000000
1654.00000000	736.25991065595450000000000000000000
1656.00000000	733.66865455929140000000000000000000
1658.00000000	731.08386187299140000000000000000000
1660.00000000	728.50554043501900000000000000000000
1662.00000000	725.93369788038880000000000000000000
1664.00000000	723.36834164127870000000000000000000
1666.00000000	720.80947894720420000000000000000000
1668.00000000	718.25711682518000000000000000000000
1670.00000000	715.71126209989310000000000000000000
1672.00000000	713.17192139394480000000000000000000
1674.00000000	710.63910112810720000000000000000000
1676.00000000	708.11280752157100000000000000000000
1678.00000000	705.59304659225680000000000000000000
1680.00000000	703.07982415714140000000000000000000
1682.00000000	700.57314583259200000000000000000000
1684.00000000	698.07301703473070000000000000000000
1686.00000000	695.57944297983230000000000000000000
1688.00000000	693.09242868475950000000000000000000
1690.00000000	690.61197896733730000000000000000000
1692.00000000	688.13809844687960000000000000000000
1694.00000000	685.67079154463410000000000000000000
1696.00000000	683.21006248428110000000000000000000
1698.00000000	680.75591529246210000000000000000000
1700.00000000	678.30835379933730000000000000000000
1702.00000000	675.86738163912130000000000000000000
1704.00000000	673.43300225067910000000000000000000
1706.00000000	671.00521887812340000000000000000000
1708.00000000	668.58403457145490000000000000000000
1710.00000000	666.16945218716280000000000000000000
1712.00000000	663.76147438893700000000000000000000
1714.00000000	661.36010364829430000000000000000000
1716.00000000	658.96534224529820000000000000000000
1718.00000000	656.57719226928220000000000000000000
1720.00000000	654.19565561954190000000000000000000
1722.00000000	651.82073400613820000000000000000000
1724.00000000	649.45242895059030000000000000000000
1726.00000000	647.09074178671970000000000000000000
1728.00000000	644.73567366140590000000000000000000
1730.00000000	642.38722553540380000000000000000000
1732.00000000	640.04539818419810000000000000000000
1734.00000000	637.71019219879070000000000000000000
1736.00000000	635.38160798660200000000000000000000
1738.00000000	633.05964577233370000000000000000000
1740.00000000	630.74430559882480000000000000000000
1742.00000000	628.43558732797590000000000000000000
1744.00000000	626.13349064166680000000000000000000
1746.00000000	623.83801504263800000000000000000000
1748.00000000	621.54915985547770000000000000000000
1750.00000000	619.26692422752920000000000000000000
1752.00000000	616.99130712988720000000000000000000
1754.00000000	614.72230735836100000000000000000000
1756.00000000	612.45992353441900000000000000000000
1758.00000000	610.20415410624600000000000000000000
1760.00000000	607.95499734970250000000000000000000
1762.00000000	605.71245136938110000000000000000000
1764.00000000	603.47651409958290000000000000000000
1766.00000000	601.24718330541800000000000000000000
1768.00000000	599.02445658379170000000000000000000
1770.00000000	596.80833136450350000000000000000000
1772.00000000	594.83123034053720000000000000000000
1774.00000000	593.16796141517650000000000000000000
1776.00000000	591.50755531624800000000000000000000
1778.00000000	589.85001221876470000000000000000000
1780.00000000	588.19533230677310000000000000000000
1782.00000000	586.54351577292480000000000000000000
1784.00000000	584.89456281795490000000000000000000
1786.00000000	583.24847365026770000000000000000000
1788.00000000	581.60524848545600000000000000000000
1790.00000000	579.96488754584310000000000000000000
1792.00000000	578.32739106005450000000000000000000
1794.00000000	576.69275926254820000000000000000000
1796.00000000	575.06099239317890000000000000000000
1798.00000000	573.43209069678820000000000000000000
1800.00000000	571.80605442271770000000000000000000
1802.00000000	570.18288382443750000000000000000000
1804.00000000	568.56257915908470000000000000000000
1806.00000000	566.94514068706220000000000000000000
1808.00000000	565.33056867162180000000000000000000
1810.00000000	563.71886337842370000000000000000000
1812.00000000	562.11002507517490000000000000000000
1814.00000000	560.50405403118070000000000000000000
1816.00000000	558.90095051699210000000000000000000
1818.00000000	557.30071480395790000000000000000000
1820.00000000	555.70334716388360000000000000000000
1822.00000000	554.10884786859450000000000000000000
1824.00000000	552.51721718961720000000000000000000
1826.00000000	550.92845539771420000000000000000000
1828.00000000	549.34256276260150000000000000000000
1830.00000000	547.75953955250320000000000000000000
1832.00000000	546.17938603381890000000000000000000
1834.00000000	544.60210247076760000000000000000000
1836.00000000	543.02768912500500000000000000000000
1838.00000000	541.45614625527960000000000000000000
1840.00000000	539.88747411708490000000000000000000
1842.00000000	538.32167296230820000000000000000000
1844.00000000	536.75874303889530000000000000000000
1846.00000000	535.19868459049080000000000000000000
1848.00000000	533.64149785611230000000000000000000
1850.00000000	532.08718306983430000000000000000000
1852.00000000	530.53574046044660000000000000000000
1854.00000000	528.98717025112520000000000000000000
1856.00000000	527.44147265911520000000000000000000
1858.00000000	525.89864789542240000000000000000000
1860.00000000	524.35869616449520000000000000000000
1862.00000000	522.82161766393300000000000000000000
1864.00000000	521.28741258412260000000000000000000
1866.00000000	519.75608110802100000000000000000000
1868.00000000	518.22762341080260000000000000000000
1870.00000000	516.70203965956820000000000000000000
1872.00000000	515.17933001307820000000000000000000
1874.00000000	513.65949462145040000000000000000000
1876.00000000	512.14253362587100000000000000000000
1878.00000000	510.62844715835200000000000000000000
1880.00000000	509.11723534140447000000000000000000
1882.00000000	507.60889828780415000000000000000000
1884.00000000	506.10343610030280000000000000000000
1886.00000000	504.60084887138396000000000000000000
1888.00000000	503.10113668298436000000000000000000
1890.00000000	501.60429960624407000000000000000000
1892.00000000	500.11033770124270000000000000000000
1894.00000000	498.61925101678486000000000000000000
1896.00000000	497.13103959009027000000000000000000
1898.00000000	495.64570344662380000000000000000000
1900.00000000	494.16324259979440000000000000000000
1902.00000000	492.68365705076656000000000000000000
1904.00000000	491.20694678818154000000000000000000
1906.00000000	489.73311178797870000000000000000000
1908.00000000	488.26215201312340000000000000000000
1910.00000000	486.79406741341586000000000000000000
1912.00000000	485.32885792526370000000000000000000
1914.00000000	483.86652347145645000000000000000000
1916.00000000	482.40706396096830000000000000000000
1918.00000000	480.95047928875840000000000000000000
1920.00000000	479.49676933550836000000000000000000
1922.00000000	478.04593396750020000000000000000000
1924.00000000	476.59797303637350000000000000000000
1926.00000000	475.15288637891814000000000000000000
1928.00000000	473.71067381692770000000000000000000
1930.00000000	472.27133515696210000000000000000000
1932.00000000	470.83487019018906000000000000000000
1934.00000000	469.40127869220030000000000000000000
1936.00000000	467.97056042282750000000000000000000
1938.00000000	466.54271512596296000000000000000000
1940.00000000	465.11774252939970000000000000000000
1942.00000000	463.69564234463420000000000000000000
1944.00000000	462.27641426673813000000000000000000
1946.00000000	460.86005797417820000000000000000000
1948.00000000	459.44657312862910000000000000000000
1950.00000000	458.03595937486546000000000000000000
1952.00000000	456.62821634057320000000000000000000
1954.00000000	455.22334363621060000000000000000000
1956.00000000	453.82134085484773000000000000000000
1958.00000000	452.42220757204930000000000000000000
1960.00000000	451.02594334570420000000000000000000
1962.00000000	449.63254771589885000000000000000000
1964.00000000	448.24202020478197000000000000000000
1966.00000000	446.85436031643070000000000000000000
1968.00000000	445.46956753671856000000000000000000
1970.00000000	444.08764133319110000000000000000000
1972.00000000	442.70858115492825000000000000000000
1974.00000000	441.33238643244540000000000000000000
1976.00000000	439.95905657756090000000000000000000
1978.00000000	438.58859098327890000000000000000000
1980.00000000	437.22098902369690000000000000000000
1982.00000000	435.85625005384236000000000000000000
1984.00000000	434.49437340965480000000000000000000
1986.00000000	433.13535840777104000000000000000000
1988.00000000	431.77920434553920000000000000000000
1990.00000000	430.42591050080480000000000000000000
1992.00000000	429.07547613191565000000000000000000
1994.00000000	427.72790047756150000000000000000000
1996.00000000	426.38318275670844000000000000000000
1998.00000000	425.04132216850800000000000000000000
2000.00000000	423.70231789221185000000000000000000
