100.00000000	456.90731428334317000000000000000000
102.00000000	555.18343474115020000000000000000000
104.00000000	642.16019264016610000000000000000000
106.00000000	719.30265798076200000000000000000000
108.00000000	787.88710082778900000000000000000000
110.00000000	849.02130974449310000000000000000000
112.00000000	903.60666752595010000000000000000000
114.00000000	952.58824963056280000000000000000000
116.00000000	996.62912954819480000000000000000000
118.00000000	1036.35214082308360000000000000000000
120.00000000	1072.29739323389570000000000000000000
122.00000000	1104.93385780171230000000000000000000
124.00000000	1134.66926549626260000000000000000000
126.00000000	1161.85851768980840000000000000000000
128.00000000	1186.81080664627980000000000000000000
130.00000000	1209.79563246577820000000000000000000
132.00000000	1231.04788503892200000000000000000000
134.00000000	1250.77213932382670000000000000000000
136.00000000	1269.14629284655440000000000000000000
138.00000000	1286.32465298748280000000000000000000
140.00000000	1302.44056831147300000000000000000000
142.00000000	1317.60867917550540000000000000000000
144.00000000	1331.92685215110370000000000000000000
146.00000000	1345.47785096801640000000000000000000
148.00000000	1358.27933588861770000000000000000000
150.00000000	1370.49071895225690000000000000000000
152.00000000	1382.10623974944430000000000000000000
154.00000000	1393.16106366302320000000000000000000
156.00000000	1403.68094146300220000000000000000000
158.00000000	1413.68299113941610000000000000000000
160.00000000	1423.17640229627860000000000000000000
162.00000000	1432.16307561815000000000000000000000
164.00000000	1440.63820831766600000000000000000000
166.00000000	1448.59083525856770000000000000000000
168.00000000	1456.00433457082180000000000000000000
170.00000000	1462.85690599491110000000000000000000
172.00000000	1469.12202988643800000000000000000000
174.00000000	1474.76891476588550000000000000000000
176.00000000	1479.76294150597550000000000000000000
178.00000000	1484.06611271305540000000000000000000
180.00000000	1487.63751658783700000000000000000000
182.00000000	1490.39601650025500000000000000000000
184.00000000	1492.37206957770900000000000000000000
186.00000000	1493.48124158114750000000000000000000
188.00000000	1493.67628373691920000000000000000000
190.00000000	1492.90998299880180000000000000000000
192.00000000	1491.13598748057000000000000000000000
194.00000000	1488.30975931990720000000000000000000
196.00000000	1484.38968333848060000000000000000000
198.00000000	1479.33836490552630000000000000000000
200.00000000	1473.12415649922220000000000000000000
202.00000000	1465.72295987433090000000000000000000
204.00000000	1457.12035988723980000000000000000000
206.00000000	1447.31415747981920000000000000000000
208.00000000	1436.31738393247880000000000000000000
210.00000000	1424.16189752981840000000000000000000
212.00000000	1410.87862618741900000000000000000000
214.00000000	1396.59953557615090000000000000000000
216.00000000	1381.41792261748880000000000000000000
218.00000000	1365.49382173965960000000000000000000
220.00000000	1349.03878302815560000000000000000000
222.00000000	1332.32746453381880000000000000000000
224.00000000	1315.71219943387090000000000000000000
226.00000000	1299.64156502422360000000000000000000
228.00000000	1284.68441086578580000000000000000000
230.00000000	1271.56139606052780000000000000000000
232.00000000	1261.18683997442600000000000000000000
234.00000000	1254.72448142906230000000000000000000
236.00000000	1253.66108022575550000000000000000000
238.00000000	1259.90025734537770000000000000000000
240.00000000	1275.87195238522050000000000000000000
242.00000000	1304.62173798670320000000000000000000
244.00000000	1349.87099477619500000000000000000000
246.00000000	1415.72351692928780000000000000000000
248.00000000	1505.97248485803720000000000000000000
250.00000000	1622.66075953614650000000000000000000
252.00000000	1764.43187109249470000000000000000000
254.00000000	1926.29399362519120000000000000000000
256.00000000	2102.22610574690200000000000000000000
258.00000000	2288.75892029219300000000000000000000
260.00000000	2485.35462720686430000000000000000000
262.00000000	2691.09178641963630000000000000000000
264.00000000	2901.80681659650140000000000000000000
266.00000000	3110.73166025223460000000000000000000
268.00000000	3311.37966617811600000000000000000000
270.00000000	3499.78682199886000000000000000000000
272.00000000	3674.78913449870970000000000000000000
274.00000000	3837.21295392713640000000000000000000
276.00000000	3988.86245365840660000000000000000000
278.00000000	4131.78745852804100000000000000000000
280.00000000	4267.86000423428200000000000000000000
282.00000000	4398.58068624958400000000000000000000
284.00000000	4525.03403536323900000000000000000000
286.00000000	4647.92902238081100000000000000000000
288.00000000	4767.67791345225700000000000000000000
290.00000000	4884.48290738454900000000000000000000
292.00000000	4998.41371956417150000000000000000000
294.00000000	5109.46914579249100000000000000000000
296.00000000	5217.61521366810600000000000000000000
298.00000000	5322.83987310025200000000000000000000
300.00000000	5425.13364172790600000000000000000000
302.00000000	5524.52278813164700000000000000000000
304.00000000	5621.06619733592500000000000000000000
306.00000000	5714.85433088082900000000000000000000
308.00000000	5806.00588419879750000000000000000000
310.00000000	5894.66327143205500000000000000000000
312.00000000	5980.98769500021500000000000000000000
314.00000000	6065.15428213944050000000000000000000
316.00000000	6147.34757333144700000000000000000000
318.00000000	6227.75751162757900000000000000000000
320.00000000	6306.57599193398800000000000000000000
322.00000000	6383.99397258300200000000000000000000
324.00000000	6460.19911797047400000000000000000000
326.00000000	6535.37392317269700000000000000000000
328.00000000	6609.69426379922900000000000000000000
330.00000000	6683.32831303164300000000000000000000
332.00000000	6756.43577019916600000000000000000000
334.00000000	6829.16734960427900000000000000000000
336.00000000	6901.64422124114500000000000000000000
338.00000000	6974.03806794646000000000000000000000
340.00000000	7046.45213838177200000000000000000000
342.00000000	7118.99980012035100000000000000000000
344.00000000	7191.78535490620200000000000000000000
346.00000000	7264.90430109468200000000000000000000
348.00000000	7338.44363662300300000000000000000000
350.00000000	7412.48218715189300000000000000000000
352.00000000	7487.09094690516600000000000000000000
354.00000000	7562.33342230822900000000000000000000
356.00000000	7638.26597080917800000000000000000000
358.00000000	7714.93812927004900000000000000000000
360.00000000	7792.39292805013700000000000000000000
362.00000000	7870.66718837891500000000000000000000
364.00000000	7949.79180184197900000000000000000000
366.00000000	8029.79199179491400000000000000000000
368.00000000	8110.68755729163500000000000000000000
370.00000000	8192.49310068829400000000000000000000
372.00000000	8275.21824048121700000000000000000000
374.00000000	8358.86781118466000000000000000000000
376.00000000	8443.44205217436500000000000000000000
378.00000000	8528.93678744258400000000000000000000
380.00000000	8615.34359815167800000000000000000000
382.00000000	8702.64998975874000000000000000000000
384.00000000	8790.83955533167100000000000000000000
386.00000000	8879.89213650364000000000000000000000
388.00000000	8969.78398333169400000000000000000000
390.00000000	9060.48791414579100000000000000000000
392.00000000	9152.01497930438400000000000000000000
394.00000000	9244.24923581292200000000000000000000
396.00000000	9337.19504441346200000000000000000000
398.00000000	9430.81312307242300000000000000000000
400.00000000	9525.06158420413200000000000000000000
402.00000000	9619.89610901743800000000000000000000
404.00000000	9715.27012573419800000000000000000000
406.00000000	9811.13499194222500000000000000000000
408.00000000	9907.44018133137800000000000000000000
410.00000000	10004.13347506598600000000000000000000
412.00000000	10101.16115806874600000000000000000000
414.00000000	10198.46822053198600000000000000000000
416.00000000	10295.99856503221600000000000000000000
418.00000000	10393.69521970591600000000000000000000
420.00000000	10491.50055805262500000000000000000000
422.00000000	10589.35652606956900000000000000000000
424.00000000	10687.20487760049400000000000000000000
426.00000000	10784.98741900644400000000000000000000
428.00000000	10882.64626455686300000000000000000000
430.00000000	10980.12410430979600000000000000000000
432.00000000	11077.36448673158300000000000000000000
434.00000000	11174.31211892990500000000000000000000
436.00000000	11270.91318819456900000000000000000000
438.00000000	11367.11570962484600000000000000000000
440.00000000	11462.86990607136800000000000000000000
442.00000000	11558.12862857938500000000000000000000
444.00000000	11652.84782819761100000000000000000000
446.00000000	11746.98709372754500000000000000000000
448.00000000	11840.51027520547900000000000000000000
450.00000000	11933.38622036748300000000000000000000
452.00000000	12025.58966220493000000000000000000000
454.00000000	12117.10231184628500000000000000000000
456.00000000	12207.91423551600700000000000000000000
458.00000000	12298.02563255022300000000000000000000
460.00000000	12387.44919283096400000000000000000000
462.00000000	12476.21331390122200000000000000000000
464.00000000	12564.42896374705700000000000000000000
466.00000000	12652.04666033935200000000000000000000
468.00000000	12739.24147948335000000000000000000000
470.00000000	12826.17898738763000000000000000000000
472.00000000	12913.10539756068800000000000000000000
474.00000000	13000.39835699390600000000000000000000
476.00000000	13088.67117143791600000000000000000000
478.00000000	13179.02238966963500000000000000000000
480.00000000	13273.80343356142700000000000000000000
482.00000000	13380.61969932162700000000000000000000
484.00000000	13514.31711345970500000000000000000000
486.00000000	13578.92633330131700000000000000000000
488.00000000	13639.18157063999800000000000000000000
490.00000000	13696.12971995421900000000000000000000
492.00000000	13750.08031011052700000000000000000000
494.00000000	13801.18219364031800000000000000000000
496.00000000	13849.52610086074900000000000000000000
498.00000000	13895.17781085001500000000000000000000
500.00000000	13938.19220580956800000000000000000000
502.00000000	13978.62032848772800000000000000000000
504.00000000	14016.51340900016000000000000000000000
506.00000000	14051.92543385683200000000000000000000
508.00000000	14084.91497545704800000000000000000000
510.00000000	14115.54665247272700000000000000000000
512.00000000	14143.89243786321100000000000000000000
514.00000000	14170.03296210661400000000000000000000
516.00000000	14194.05893220541800000000000000000000
518.00000000	14216.07278533196000000000000000000000
520.00000000	14236.19071425052200000000000000000000
522.00000000	14254.54524118229900000000000000000000
524.00000000	14271.28858478204000000000000000000000
526.00000000	14286.59717651517700000000000000000000
528.00000000	14300.67786646663600000000000000000000
530.00000000	14313.77716362119100000000000000000000
532.00000000	14326.19800030757100000000000000000000
534.00000000	14338.32125635592000000000000000000000
536.00000000	14350.63122970455700000000000000000000
538.00000000	14363.63173138820800000000000000000000
540.00000000	14377.20672059821800000000000000000000
542.00000000	14388.01528480720300000000000000000000
544.00000000	14383.11536139847900000000000000000000
546.00000000	14341.78800273999500000000000000000000
548.00000000	14269.70156956855900000000000000000000
550.00000000	14199.78272603448700000000000000000000
552.00000000	14155.49739100599800000000000000000000
554.00000000	14142.68843457694100000000000000000000
556.00000000	14148.40344051560200000000000000000000
558.00000000	14139.39842537706100000000000000000000
560.00000000	14089.94875668155700000000000000000000
562.00000000	14006.44387288098700000000000000000000
564.00000000	13904.21109985157800000000000000000000
566.00000000	13793.14813364197800000000000000000000
568.00000000	13678.05966864551600000000000000000000
570.00000000	13560.92635399980800000000000000000000
572.00000000	13442.46586702745000000000000000000000
574.00000000	13322.93535769634200000000000000000000
576.00000000	13202.45664230095800000000000000000000
578.00000000	13081.13015197041000000000000000000000
580.00000000	12959.05045782712100000000000000000000
582.00000000	12836.31631340428200000000000000000000
584.00000000	12713.02888565093400000000000000000000
586.00000000	12589.28998982264600000000000000000000
588.00000000	12465.20080323063300000000000000000000
590.00000000	12340.86091771051000000000000000000000
592.00000000	12216.36763756627400000000000000000000
594.00000000	12091.81545931425500000000000000000000
596.00000000	11967.29568869522500000000000000000000
598.00000000	11842.89616311240800000000000000000000
600.00000000	11718.70105624902300000000000000000000
602.00000000	11594.79074755905300000000000000000000
604.00000000	11471.24174350750400000000000000000000
606.00000000	11348.12664043452200000000000000000000
608.00000000	11225.51412110210500000000000000000000
610.00000000	11103.46897860262500000000000000000000
612.00000000	10982.05216252816400000000000000000000
614.00000000	10861.32084323204600000000000000000000
616.00000000	10741.32849074062500000000000000000000
618.00000000	10622.12496544391600000000000000000000
620.00000000	10503.75661815226900000000000000000000
622.00000000	10386.26639747669500000000000000000000
624.00000000	10269.69396279681900000000000000000000
626.00000000	10154.07580133282700000000000000000000
628.00000000	10039.44534805243000000000000000000000
630.00000000	9925.83310732453400000000000000000000
632.00000000	9813.26677538682300000000000000000000
634.00000000	9701.77136282854400000000000000000000
636.00000000	9591.36931640598600000000000000000000
638.00000000	9482.08063961002500000000000000000000
640.00000000	9373.92301149372000000000000000000000
642.00000000	9266.91190334674000000000000000000000
644.00000000	9161.06069287167500000000000000000000
646.00000000	9056.38077557878000000000000000000000
648.00000000	8952.88167316858600000000000000000000
650.00000000	8850.57113871995400000000000000000000
652.00000000	8749.45525854215000000000000000000000
654.00000000	8649.53855058657600000000000000000000
656.00000000	8550.82405934632500000000000000000000
658.00000000	8453.31344719926200000000000000000000
660.00000000	8357.00708217574000000000000000000000
662.00000000	8261.90412215299000000000000000000000
664.00000000	8168.00259549726700000000000000000000
666.00000000	8075.29947819008800000000000000000000
668.00000000	7983.79076748934400000000000000000000
670.00000000	7893.47155218680200000000000000000000
672.00000000	7804.33607953399800000000000000000000
674.00000000	7716.37781891565650000000000000000000
676.00000000	7629.58952235692200000000000000000000
678.00000000	7543.96328195557300000000000000000000
680.00000000	7459.49058433440400000000000000000000
682.00000000	7376.16236221214900000000000000000000
684.00000000	7293.96904319274900000000000000000000
686.00000000	7212.90059587490600000000000000000000
688.00000000	7132.94657338366500000000000000000000
690.00000000	7054.09615442577300000000000000000000
692.00000000	6976.33818197052500000000000000000000
694.00000000	6899.66119965600100000000000000000000
696.00000000	6824.05348601961100000000000000000000
698.00000000	6749.50308664989600000000000000000000
700.00000000	6675.99784435467300000000000000000000
702.00000000	6603.52542743806800000000000000000000
704.00000000	6532.07335617674100000000000000000000
706.00000000	6461.62902758287700000000000000000000
708.00000000	6392.17973853896400000000000000000000
710.00000000	6323.71270738635000000000000000000000
712.00000000	6256.21509404695000000000000000000000
714.00000000	6189.67401875441700000000000000000000
716.00000000	6124.07657946842000000000000000000000
718.00000000	6059.40986804247300000000000000000000
720.00000000	5995.66098521318200000000000000000000
722.00000000	5932.81705447583600000000000000000000
724.00000000	5870.80106137329200000000000000000000
726.00000000	5809.72912197027800000000000000000000
728.00000000	5749.52376358929400000000000000000000
730.00000000	5690.17231908924000000000000000000000
732.00000000	5631.66219885834600000000000000000000
734.00000000	5573.98089921798900000000000000000000
736.00000000	5517.11601009259200000000000000000000
738.00000000	5461.05522199010650000000000000000000
740.00000000	5405.78633233509000000000000000000000
742.00000000	5351.29725119466100000000000000000000
744.00000000	5297.57600643499800000000000000000000
746.00000000	5244.61074834468900000000000000000000
748.00000000	5192.38975375878900000000000000000000
750.00000000	5140.90142971603400000000000000000000
752.00000000	5090.13431667955300000000000000000000
754.00000000	5040.07709135014400000000000000000000
756.00000000	4990.71856909924200000000000000000000
758.00000000	4942.04770604744000000000000000000000
760.00000000	4894.05360081272900000000000000000000
762.00000000	4846.72549595162600000000000000000000
764.00000000	4800.05277911452600000000000000000000
766.00000000	4754.02498393590100000000000000000000
768.00000000	4708.63179067842400000000000000000000
770.00000000	4663.86302664903300000000000000000000
772.00000000	4619.70866640409100000000000000000000
774.00000000	4576.15883175946900000000000000000000
776.00000000	4533.20379162067300000000000000000000
778.00000000	4490.83396164710700000000000000000000
780.00000000	4449.03990376370200000000000000000000
782.00000000	4407.81232553242000000000000000000000
784.00000000	4367.14207939524300000000000000000000
786.00000000	4327.02016179956200000000000000000000
788.00000000	4287.43771221633700000000000000000000
790.00000000	4248.38601206054900000000000000000000
792.00000000	4209.85648352288350000000000000000000
794.00000000	4171.84068832118900000000000000000000
796.00000000	4134.33032637945200000000000000000000
798.00000000	4097.31723444172900000000000000000000
800.00000000	4060.79338462781650000000000000000000
802.00000000	4024.75088293711900000000000000000000
804.00000000	3989.18196770666960000000000000000000
806.00000000	3954.07900802885520000000000000000000
808.00000000	3919.43450213407700000000000000000000
810.00000000	3885.24107574307070000000000000000000
812.00000000	3851.49148039356100000000000000000000
814.00000000	3818.17859174513400000000000000000000
816.00000000	3785.29540786653200000000000000000000
818.00000000	3752.83504750864540000000000000000000
820.00000000	3720.79074836677230000000000000000000
822.00000000	3689.15586533504670000000000000000000
824.00000000	3657.92386875602100000000000000000000
826.00000000	3627.08834266788840000000000000000000
828.00000000	3596.64298305192460000000000000000000
830.00000000	3566.58159608223200000000000000000000
832.00000000	3536.89809637990950000000000000000000
834.00000000	3507.58650527358080000000000000000000
836.00000000	3478.64094906788520000000000000000000
838.00000000	3450.05565732160600000000000000000000
840.00000000	3421.82496113685060000000000000000000
842.00000000	3393.94329146056360000000000000000000
844.00000000	3366.40517739962840000000000000000000
846.00000000	3339.20524455055150000000000000000000
848.00000000	3312.33821334480100000000000000000000
850.00000000	3285.79889741056330000000000000000000
852.00000000	3259.58220195182300000000000000000000
854.00000000	3233.68312214535200000000000000000000
856.00000000	3208.09674155631270000000000000000000
858.00000000	3182.81823057296830000000000000000000
860.00000000	3157.84284486099160000000000000000000
862.00000000	3133.16592383781800000000000000000000
864.00000000	3108.78288916731400000000000000000000
866.00000000	3084.68924327518600000000000000000000
868.00000000	3060.88056788520400000000000000000000
870.00000000	3037.35252257665500000000000000000000
872.00000000	3014.10084336293100000000000000000000
874.00000000	2991.12134129162800000000000000000000
876.00000000	2968.40990106602070000000000000000000
878.00000000	2945.96247968807700000000000000000000
880.00000000	2923.77510512296750000000000000000000
882.00000000	2901.84387498508160000000000000000000
884.00000000	2880.16495524550740000000000000000000
886.00000000	2858.73457896085850000000000000000000
888.00000000	2837.54904502342400000000000000000000
890.00000000	2816.60471693245700000000000000000000
892.00000000	2795.89802158655360000000000000000000
894.00000000	2775.42544809684800000000000000000000
896.00000000	2755.18354662103050000000000000000000
898.00000000	2735.16892721781820000000000000000000
900.00000000	2715.37825872185000000000000000000000
902.00000000	2695.80826763868840000000000000000000
904.00000000	2676.45573705979360000000000000000000
906.00000000	2657.31750559715650000000000000000000
908.00000000	2638.39046633750100000000000000000000
910.00000000	2619.67156581562450000000000000000000
912.00000000	2601.15780300682040000000000000000000
914.00000000	2582.84622833801500000000000000000000
916.00000000	2564.73394271737830000000000000000000
918.00000000	2546.81809658220850000000000000000000
920.00000000	2529.09588896478100000000000000000000
922.00000000	2511.56456657586660000000000000000000
924.00000000	2494.22142290572000000000000000000000
926.00000000	2477.06379734226630000000000000000000
928.00000000	2460.08907430612270000000000000000000
930.00000000	2443.29468240231340000000000000000000
932.00000000	2426.67809358830940000000000000000000
934.00000000	2410.23682235819000000000000000000000
936.00000000	2393.96842494260040000000000000000000
938.00000000	2377.87049852425200000000000000000000
940.00000000	2361.94068046877700000000000000000000
942.00000000	2346.17664757051700000000000000000000
944.00000000	2330.57611531310600000000000000000000
946.00000000	2315.13683714457200000000000000000000
948.00000000	2299.85660376662800000000000000000000
950.00000000	2284.73324243793900000000000000000000
952.00000000	2269.76461629117240000000000000000000
954.00000000	2254.94862366340100000000000000000000
956.00000000	2240.28319743984140000000000000000000
958.00000000	2225.76630441047970000000000000000000
960.00000000	2211.39594463944330000000000000000000
962.00000000	2197.17015084686800000000000000000000
964.00000000	2183.08698780299530000000000000000000
966.00000000	2169.14455173427040000000000000000000
968.00000000	2155.34096974125440000000000000000000
970.00000000	2141.67439922802120000000000000000000
972.00000000	2128.14302734295800000000000000000000
974.00000000	2114.74507043057900000000000000000000
976.00000000	2101.47877349430200000000000000000000
978.00000000	2088.34240966983630000000000000000000
980.00000000	2075.33427970905540000000000000000000
982.00000000	2062.45271147411680000000000000000000
984.00000000	2049.69605944160460000000000000000000
986.00000000	2037.06270421654560000000000000000000
988.00000000	2024.55105205604100000000000000000000
990.00000000	2012.15953440237100000000000000000000
992.00000000	1999.88660742535200000000000000000000
994.00000000	1987.73075157375140000000000000000000
996.00000000	1975.69047113562260000000000000000000
998.00000000	1963.76429380732040000000000000000000
1000.00000000	1951.95077027104640000000000000000000
1002.00000000	1940.24847378078100000000000000000000
1004.00000000	1928.65599975636590000000000000000000
1006.00000000	1917.17196538561780000000000000000000
1008.00000000	1905.79500923430560000000000000000000
1010.00000000	1894.52379086380420000000000000000000
1012.00000000	1883.35699045629500000000000000000000
1014.00000000	1872.29330844732750000000000000000000
1016.00000000	1861.33146516564060000000000000000000
1018.00000000	1850.47020048002560000000000000000000
1020.00000000	1839.70827345314840000000000000000000
1022.00000000	1829.04446200213940000000000000000000
1024.00000000	1818.47756256585600000000000000000000
1026.00000000	1808.00638977864650000000000000000000
1028.00000000	1797.62977615046880000000000000000000
1030.00000000	1787.34657175329330000000000000000000
1032.00000000	1777.15564391359250000000000000000000
1034.00000000	1767.05587691083400000000000000000000
1036.00000000	1757.04617168183180000000000000000000
1038.00000000	1747.12544553083790000000000000000000
1040.00000000	1737.29263184528120000000000000000000
1042.00000000	1727.54667981697780000000000000000000
1044.00000000	1717.88655416876210000000000000000000
1046.00000000	1708.31123488640000000000000000000000
1048.00000000	1698.81971695567020000000000000000000
1050.00000000	1689.41101010450500000000000000000000
1052.00000000	1680.08413855009260000000000000000000
1054.00000000	1670.83814075086000000000000000000000
1056.00000000	1661.67206916319200000000000000000000
1058.00000000	1652.58499000281380000000000000000000
1060.00000000	1643.57598301075470000000000000000000
1062.00000000	1634.64414122374460000000000000000000
1064.00000000	1625.78857074903320000000000000000000
1066.00000000	1617.00839054347000000000000000000000
1068.00000000	1608.30273219678590000000000000000000
1070.00000000	1599.67073971899530000000000000000000
1072.00000000	1591.11156933180970000000000000000000
1074.00000000	1582.62438926402610000000000000000000
1076.00000000	1574.20837955074900000000000000000000
1078.00000000	1565.86273183641400000000000000000000
1080.00000000	1557.58664918151630000000000000000000
1082.00000000	1549.37934587297350000000000000000000
1084.00000000	1541.24004723803230000000000000000000
1086.00000000	1533.16798946168430000000000000000000
1088.00000000	1525.16241940746040000000000000000000
1090.00000000	1517.22259444160980000000000000000000
1092.00000000	1509.34778226051820000000000000000000
1094.00000000	1501.53726072135700000000000000000000
1096.00000000	1493.79031767587370000000000000000000
1098.00000000	1486.10625080724400000000000000000000
1100.00000000	1478.48436746997250000000000000000000
1102.00000000	1470.92398453271470000000000000000000
1104.00000000	1463.42442822403200000000000000000000
1106.00000000	1455.98503398094750000000000000000000
1108.00000000	1448.60514630031230000000000000000000
1110.00000000	1441.28411859287170000000000000000000
1112.00000000	1434.02131304003400000000000000000000
1114.00000000	1426.81610045321030000000000000000000
1116.00000000	1419.66786013576030000000000000000000
1118.00000000	1412.57597974742020000000000000000000
1120.00000000	1405.53985517120900000000000000000000
1122.00000000	1398.55889038274240000000000000000000
1124.00000000	1391.63249732190520000000000000000000
1126.00000000	1384.76009576684740000000000000000000
1128.00000000	1377.94111321025370000000000000000000
1130.00000000	1371.17498473782940000000000000000000
1132.00000000	1364.46115290897320000000000000000000
1134.00000000	1357.79906763958430000000000000000000
1136.00000000	1351.18818608698030000000000000000000
1138.00000000	1344.62797253684020000000000000000000
1140.00000000	1338.11789829219900000000000000000000
1142.00000000	1331.65744156437180000000000000000000
1144.00000000	1325.24608736585740000000000000000000
1146.00000000	1318.88332740511350000000000000000000
1148.00000000	1312.56865998319220000000000000000000
1150.00000000	1306.30158989221000000000000000000000
1152.00000000	1300.08162831559160000000000000000000
1154.00000000	1293.90829273008670000000000000000000
1156.00000000	1287.78110680948770000000000000000000
1158.00000000	1281.69960033002740000000000000000000
1160.00000000	1275.66330907746530000000000000000000
1162.00000000	1269.67177475573900000000000000000000
1164.00000000	1263.72454489726170000000000000000000
1166.00000000	1257.82117277473410000000000000000000
1168.00000000	1251.96121731450330000000000000000000
1170.00000000	1246.14424301142550000000000000000000
1172.00000000	1240.36981984518750000000000000000000
1174.00000000	1234.63752319807260000000000000000000
1176.00000000	1228.94693377413660000000000000000000
1178.00000000	1223.29763751978450000000000000000000
1180.00000000	1217.68922554569530000000000000000000
1182.00000000	1212.12129405008360000000000000000000
1184.00000000	1206.59344424326970000000000000000000
1186.00000000	1201.10528227353260000000000000000000
1188.00000000	1195.65641915423400000000000000000000
1190.00000000	1190.24647069215580000000000000000000
1192.00000000	1184.87505741707060000000000000000000
1194.00000000	1179.54180451250070000000000000000000
1196.00000000	1174.24634174761670000000000000000000
1198.00000000	1168.98830341032320000000000000000000
1200.00000000	1163.76732824143300000000000000000000
1202.00000000	1158.58305936996500000000000000000000
1204.00000000	1153.43514424950880000000000000000000
1206.00000000	1148.32323459566350000000000000000000
1208.00000000	1143.24698632451150000000000000000000
1210.00000000	1138.20605949211360000000000000000000
1212.00000000	1133.20011823501300000000000000000000
1214.00000000	1128.22883071171870000000000000000000
1216.00000000	1123.29186904515800000000000000000000
1218.00000000	1118.38890926607180000000000000000000
1220.00000000	1113.51963125735410000000000000000000
1222.00000000	1108.68371869929250000000000000000000
1224.00000000	1103.88085901571140000000000000000000
1226.00000000	1099.09748034402830000000000000000000
1228.00000000	1094.35987048027570000000000000000000
1230.00000000	1089.65439718721000000000000000000000
1232.00000000	1084.98076234670020000000000000000000
1234.00000000	1080.33867132768800000000000000000000
1236.00000000	1075.72783293737300000000000000000000
1238.00000000	1071.14795937320970000000000000000000
1240.00000000	1066.59876617563580000000000000000000
1242.00000000	1062.07997218161240000000000000000000
1244.00000000	1057.59129947886370000000000000000000
1246.00000000	1053.13247336087030000000000000000000
1248.00000000	1048.70322228259620000000000000000000
1250.00000000	1044.30327781688950000000000000000000
1252.00000000	1039.93237461160790000000000000000000
1254.00000000	1035.59025034739780000000000000000000
1256.00000000	1031.27664569618300000000000000000000
1258.00000000	1026.99130428026140000000000000000000
1260.00000000	1022.73397263208200000000000000000000
1262.00000000	1018.50440015464880000000000000000000
1264.00000000	1014.30233908254070000000000000000000
1266.00000000	1010.12754444355270000000000000000000
1268.00000000	1005.97977402092160000000000000000000
1270.00000000	1001.85878831617470000000000000000000
1272.00000000	997.76435051251830000000000000000000
1274.00000000	993.69622643882790000000000000000000
1276.00000000	989.65418453418240000000000000000000
1278.00000000	985.63799581295060000000000000000000
1280.00000000	981.64743383042510000000000000000000
1282.00000000	977.68227464898040000000000000000000
1284.00000000	973.74229680475240000000000000000000
1286.00000000	969.82728127483930000000000000000000
1288.00000000	965.93701144499330000000000000000000
1290.00000000	962.07127307781820000000000000000000
1292.00000000	958.22985428145010000000000000000000
1294.00000000	954.41254547871570000000000000000000
1296.00000000	950.61913937675880000000000000000000
1298.00000000	946.84943093713260000000000000000000
1300.00000000	943.10321734634560000000000000000000
1302.00000000	939.38029798685010000000000000000000
1304.00000000	935.68047440846710000000000000000000
1306.00000000	932.00355030026260000000000000000000
1308.00000000	928.34933146280470000000000000000000
1310.00000000	924.71762578088940000000000000000000
1312.00000000	921.10824319663750000000000000000000
1314.00000000	917.52099568300950000000000000000000
1316.00000000	913.95569721771150000000000000000000
1318.00000000	910.41216375749710000000000000000000
1320.00000000	906.89021321284020000000000000000000
1322.00000000	903.38966542299910000000000000000000
1324.00000000	899.91034213142730000000000000000000
1326.00000000	896.45206696157910000000000000000000
1328.00000000	893.01466539304480000000000000000000
1330.00000000	889.59796473804990000000000000000000
1332.00000000	886.20179411830160000000000000000000
1334.00000000	882.82598444216390000000000000000000
1336.00000000	879.47036838218370000000000000000000
1338.00000000	876.13478035293280000000000000000000
1340.00000000	872.81905648917420000000000000000000
1342.00000000	869.52303462435030000000000000000000
1344.00000000	866.24655426938660000000000000000000
1346.00000000	862.98945659179130000000000000000000
1348.00000000	859.75158439507310000000000000000000
1350.00000000	856.53278209843880000000000000000000
1352.00000000	853.33289571680070000000000000000000
1354.00000000	850.15177284105790000000000000000000
1356.00000000	846.98926261867030000000000000000000
1358.00000000	843.84521573450980000000000000000000
1360.00000000	840.71948439197760000000000000000000
1362.00000000	837.61192229439980000000000000000000
1364.00000000	834.52238462668370000000000000000000
1366.00000000	831.45072803723970000000000000000000
1368.00000000	828.39681062015170000000000000000000
1370.00000000	825.36049189761160000000000000000000
1372.00000000	822.34163280259220000000000000000000
1374.00000000	819.34009566176510000000000000000000
1376.00000000	816.35574417866760000000000000000000
1378.00000000	813.38844341710090000000000000000000
1380.00000000	810.43805978475730000000000000000000
1382.00000000	807.50446101708220000000000000000000
1384.00000000	804.58751616137000000000000000000000
1386.00000000	801.68709556105330000000000000000000
1388.00000000	798.80307084024740000000000000000000
1390.00000000	795.93531488848700000000000000000000
1392.00000000	793.08370184567460000000000000000000
1394.00000000	790.24810708725420000000000000000000
1396.00000000	787.42840720956680000000000000000000
1398.00000000	784.62448001542090000000000000000000
1400.00000000	781.83620449987100000000000000000000
1402.00000000	779.06346083617270000000000000000000
1404.00000000	776.30613036193570000000000000000000
1406.00000000	773.56409556547760000000000000000000
1408.00000000	770.83724002923490000000000000000000
1410.00000000	768.12544858946460000000000000000000
1412.00000000	765.42860706287870000000000000000000
1414.00000000	762.74660240775360000000000000000000
1416.00000000	760.07932266753890000000000000000000
1418.00000000	757.42665695828240000000000000000000
1420.00000000	754.78849545622200000000000000000000
1422.00000000	752.16472938554270000000000000000000
1424.00000000	749.55525100630560000000000000000000
1426.00000000	746.95995360253240000000000000000000
1428.00000000	744.37873147045250000000000000000000
1430.00000000	741.81147990690720000000000000000000
1432.00000000	739.25809519791240000000000000000000
1434.00000000	736.71847460735980000000000000000000
1436.00000000	734.19251636589480000000000000000000
1438.00000000	731.68011965991240000000000000000000
1440.00000000	729.18118462072240000000000000000000
1442.00000000	726.69561231384090000000000000000000
1444.00000000	724.22330472843880000000000000000000
1446.00000000	721.76416476691720000000000000000000
1448.00000000	719.31809623462300000000000000000000
1450.00000000	716.88500382970850000000000000000000
1452.00000000	714.46479313310780000000000000000000
1454.00000000	712.05737059866120000000000000000000
1456.00000000	709.66264354335830000000000000000000
1458.00000000	707.28052013770540000000000000000000
1460.00000000	704.91090939623510000000000000000000
1462.00000000	702.55372116811880000000000000000000
1464.00000000	700.20886612791340000000000000000000
1466.00000000	697.87625576642520000000000000000000
1468.00000000	695.55580238169080000000000000000000
1470.00000000	693.24741907008050000000000000000000
1472.00000000	690.95101971749670000000000000000000
1474.00000000	688.66651899071530000000000000000000
1476.00000000	686.39383232881460000000000000000000
1478.00000000	684.13287593472200000000000000000000
1480.00000000	681.88356676687000000000000000000000
1482.00000000	679.64582253095980000000000000000000
1484.00000000	677.41956167182160000000000000000000
1486.00000000	675.20470336539010000000000000000000
1488.00000000	673.00116751077210000000000000000000
1490.00000000	670.80887472242180000000000000000000
1492.00000000	668.62774632241160000000000000000000
1494.00000000	666.45770433279430000000000000000000
1496.00000000	664.29867146807860000000000000000000
1498.00000000	662.15057112778210000000000000000000
1500.00000000	660.01332738908580000000000000000000
1502.00000000	657.88686499957360000000000000000000
1504.00000000	655.77110937008520000000000000000000
1506.00000000	653.66598656762280000000000000000000
1508.00000000	651.57142330837530000000000000000000
1510.00000000	649.48734695081760000000000000000000
1512.00000000	647.41368548889000000000000000000000
1514.00000000	645.35036754528490000000000000000000
1516.00000000	643.29732236478410000000000000000000
1518.00000000	641.25447980770880000000000000000000
1520.00000000	639.22177034342170000000000000000000
1522.00000000	637.19912504394560000000000000000000
1524.00000000	635.18647557762030000000000000000000
1526.00000000	633.18375420286470000000000000000000
1528.00000000	631.19089376200740000000000000000000
1530.00000000	629.20782767519050000000000000000000
1532.00000000	627.23448993434920000000000000000000
1534.00000000	625.27081509726900000000000000000000
1536.00000000	623.31673828170730000000000000000000
1538.00000000	621.37219515959400000000000000000000
1540.00000000	619.43712195129580000000000000000000
1542.00000000	617.51145541995540000000000000000000
1544.00000000	615.59513286589650000000000000000000
1546.00000000	613.68809212109660000000000000000000
1548.00000000	611.79027154372930000000000000000000
1550.00000000	609.90161001276010000000000000000000
1552.00000000	608.02204692262920000000000000000000
1554.00000000	606.15152217797810000000000000000000
1556.00000000	604.28997618844440000000000000000000
1558.00000000	602.43734986352390000000000000000000
1560.00000000	600.59358460749120000000000000000000
1562.00000000	598.75862231437770000000000000000000
1564.00000000	596.93240536301830000000000000000000
1566.00000000	595.11487661213850000000000000000000
1568.00000000	593.30597939552000000000000000000000
1570.00000000	591.50565751721630000000000000000000
1572.00000000	589.71385524681830000000000000000000
1574.00000000	587.93051731478410000000000000000000
1576.00000000	586.15558890781570000000000000000000
1578.00000000	584.38901566429850000000000000000000
1580.00000000	582.63074366979270000000000000000000
1582.00000000	580.88071945257150000000000000000000
1584.00000000	579.13888997920980000000000000000000
1586.00000000	577.40520265024520000000000000000000
1588.00000000	575.67960529585320000000000000000000
1590.00000000	573.96204617161300000000000000000000
1592.00000000	572.25247395428410000000000000000000
1594.00000000	570.55083773767080000000000000000000
1596.00000000	568.85708702849390000000000000000000
1598.00000000	567.17117174234300000000000000000000
1600.00000000	565.49304219966200000000000000000000
1602.00000000	563.82264912177360000000000000000000
1604.00000000	562.15994362696470000000000000000000
1606.00000000	560.50487722660890000000000000000000
1608.00000000	558.85740182132690000000000000000000
1610.00000000	557.21746969720720000000000000000000
1612.00000000	555.58503352205500000000000000000000
1614.00000000	553.96004634168870000000000000000000
1616.00000000	552.34246157627960000000000000000000
1618.00000000	550.73223301673440000000000000000000
1620.00000000	549.12931482111740000000000000000000
1622.00000000	547.53366151110900000000000000000000
1624.00000000	545.94522796850970000000000000000000
1626.00000000	544.36396943178190000000000000000000
1628.00000000	542.78984149263230000000000000000000
1630.00000000	541.22280009262490000000000000000000
1632.00000000	539.66280151984700000000000000000000
1634.00000000	538.10980240559250000000000000000000
1636.00000000	536.56375972110560000000000000000000
1638.00000000	535.02463077433580000000000000000000
1640.00000000	533.49237320675330000000000000000000
1642.00000000	531.96694499017870000000000000000000
1644.00000000	530.44830442366500000000000000000000
1646.00000000	528.93641013040390000000000000000000
1648.00000000	527.43122105466910000000000000000000
1650.00000000	525.93269645879260000000000000000000
1652.00000000	524.44079592017750000000000000000000
1654.00000000	522.95547932834010000000000000000000
1656.00000000	521.47670688198760000000000000000000
1658.00000000	520.00443908612570000000000000000000
1660.00000000	518.53863674919480000000000000000000
1662.00000000	517.07926098024830000000000000000000
1664.00000000	515.62627318615220000000000000000000
1666.00000000	514.17963506881370000000000000000000
1668.00000000	512.73930862245030000000000000000000
1670.00000000	511.30525613087775000000000000000000
1672.00000000	509.87744016483566000000000000000000
1674.00000000	508.45582357933610000000000000000000
1676.00000000	507.04036951104690000000000000000000
1678.00000000	505.63104137569750000000000000000000
1680.00000000	504.22780286551380000000000000000000
1682.00000000	502.83061794668293000000000000000000
1684.00000000	501.43945085684805000000000000000000
1686.00000000	500.05426610262367000000000000000000
1688.00000000	498.67502845713680000000000000000000
1690.00000000	497.30170295760695000000000000000000
1692.00000000	495.93425490293254000000000000000000
1694.00000000	494.57264985132326000000000000000000
1696.00000000	493.21685361794040000000000000000000
1698.00000000	491.86683227257635000000000000000000
1700.00000000	490.52255213734630000000000000000000
1702.00000000	489.18397978441743000000000000000000
1704.00000000	487.85108203374700000000000000000000
1706.00000000	486.52382595086306000000000000000000
1708.00000000	485.20217884464364000000000000000000
1710.00000000	483.88610826515310000000000000000000
1712.00000000	482.57558200146200000000000000000000
1714.00000000	481.27056807952570000000000000000000
1716.00000000	479.97103476005935000000000000000000
1718.00000000	478.67695053645100000000000000000000
1720.00000000	477.38828413269080000000000000000000
1722.00000000	476.10500450131514000000000000000000
1724.00000000	474.82708082138840000000000000000000
1726.00000000	473.55448249649044000000000000000000
1728.00000000	472.28717915272930000000000000000000
1730.00000000	471.02514063678694000000000000000000
1732.00000000	469.76833701395685000000000000000000
1734.00000000	468.51673856623640000000000000000000
1736.00000000	467.27031579041204000000000000000000
1738.00000000	466.02903939617700000000000000000000
1740.00000000	464.79288030426590000000000000000000
1742.00000000	463.56180964461277000000000000000000
1744.00000000	462.33579875451070000000000000000000
1746.00000000	461.11481917681870000000000000000000
1748.00000000	459.89884265816250000000000000000000
1750.00000000	458.68784114716420000000000000000000
1752.00000000	457.48178679268890000000000000000000
1754.00000000	456.28065194210706000000000000000000
1756.00000000	455.08440913958367000000000000000000
1758.00000000	453.89303112436653000000000000000000
1760.00000000	452.70649082910984000000000000000000
1762.00000000	451.52476137820840000000000000000000
1764.00000000	450.34781608614430000000000000000000
1766.00000000	449.17562845585434000000000000000000
1768.00000000	448.00817217711720000000000000000000
1770.00000000	446.84542112494944000000000000000000
1772.00000000	445.68734935802450000000000000000000
1774.00000000	444.53393111710403000000000000000000
1776.00000000	443.38514082348377000000000000000000
1778.00000000	442.24095307745506000000000000000000
1780.00000000	441.10134265679244000000000000000000
1782.00000000	439.96628451523500000000000000000000
1784.00000000	438.83575378100560000000000000000000
1786.00000000	437.70972575532824000000000000000000
1788.00000000	436.58817591096994000000000000000000
1790.00000000	435.47107989078796000000000000000000
1792.00000000	434.35841350630620000000000000000000
1794.00000000	433.25015273628760000000000000000000
1796.00000000	432.14627372533620000000000000000000
1798.00000000	431.04675278249910000000000000000000
1800.00000000	429.95156637989870000000000000000000
1802.00000000	428.86069115136220000000000000000000
1804.00000000	427.77410389107166000000000000000000
1806.00000000	426.69178155223216000000000000000000
1808.00000000	425.61370124574154000000000000000000
1810.00000000	424.53984023888690000000000000000000
1812.00000000	423.47017595403815000000000000000000
1814.00000000	422.40468596737236000000000000000000
1816.00000000	421.34334800758984000000000000000000
1818.00000000	420.28613995466560000000000000000000
1820.00000000	419.23303983858943000000000000000000
1822.00000000	418.18402583813975000000000000000000
1824.00000000	417.13907627965386000000000000000000
1826.00000000	416.09816963581690000000000000000000
1828.00000000	415.06128452446023000000000000000000
1830.00000000	414.02839970737807000000000000000000
1832.00000000	412.99949408913915000000000000000000
1834.00000000	411.97454671593175000000000000000000
1836.00000000	410.95353677440190000000000000000000
1838.00000000	409.93644359051270000000000000000000
1840.00000000	408.92324662840790000000000000000000
1842.00000000	407.91392548929330000000000000000000
1844.00000000	406.90845991032273000000000000000000
1846.00000000	405.90682976349905000000000000000000
1848.00000000	404.90901505458464000000000000000000
1850.00000000	403.91499592201590000000000000000000
1852.00000000	402.92475263583924000000000000000000
1854.00000000	401.93826559665166000000000000000000
1856.00000000	400.95551533454520000000000000000000
1858.00000000	399.97648250807407000000000000000000
1860.00000000	399.00114790322130000000000000000000
1862.00000000	398.02949243237725000000000000000000
1864.00000000	397.06149713333360000000000000000000
1866.00000000	396.09714316827996000000000000000000
1868.00000000	395.13641182280970000000000000000000
1870.00000000	394.17928450493960000000000000000000
1872.00000000	393.22574274414030000000000000000000
1874.00000000	392.27576819036700000000000000000000
1876.00000000	391.32934261310570000000000000000000
1878.00000000	390.38644790042890000000000000000000
1880.00000000	389.44706605805650000000000000000000
1882.00000000	388.51117920842853000000000000000000
1884.00000000	387.57876958978284000000000000000000
1886.00000000	386.64981955524600000000000000000000
1888.00000000	385.72431157192900000000000000000000
1890.00000000	384.80222822003430000000000000000000
1892.00000000	383.88355219196785000000000000000000
1894.00000000	382.96826629145890000000000000000000
1896.00000000	382.05635343269510000000000000000000
1898.00000000	381.14779663945336000000000000000000
1900.00000000	380.24257904425326000000000000000000
1902.00000000	379.34068388750353000000000000000000
1904.00000000	378.44209451666900000000000000000000
1906.00000000	377.54679438543450000000000000000000
1908.00000000	376.65476705288836000000000000000000
1910.00000000	375.76599618269910000000000000000000
1912.00000000	374.88046554231045000000000000000000
1914.00000000	373.99815900213866000000000000000000
1916.00000000	373.11906053478356000000000000000000
1918.00000000	372.24315421423427000000000000000000
1920.00000000	371.37042421509625000000000000000000
1922.00000000	370.50085481181540000000000000000000
1924.00000000	369.63443037791250000000000000000000
1926.00000000	368.77113538522735000000000000000000
1928.00000000	367.91095440316040000000000000000000
1930.00000000	367.05387209793850000000000000000000
1932.00000000	366.19987323186630000000000000000000
1934.00000000	365.34894266260120000000000000000000
1936.00000000	364.50106534242300000000000000000000
1938.00000000	363.65622631752115000000000000000000
1940.00000000	362.81441072727563000000000000000000
1942.00000000	361.97560380355924000000000000000000
1944.00000000	361.13979087003065000000000000000000
1946.00000000	360.30695734144370000000000000000000
1948.00000000	359.47708872296204000000000000000000
1950.00000000	358.65017060947497000000000000000000
1952.00000000	357.82618868492650000000000000000000
1954.00000000	357.00512872164063000000000000000000
1956.00000000	356.18697657966200000000000000000000
1958.00000000	355.37171820609984000000000000000000
1960.00000000	354.55933963447114000000000000000000
1962.00000000	353.74982698406120000000000000000000
1964.00000000	352.94316645927840000000000000000000
1966.00000000	352.13934434902260000000000000000000
1968.00000000	351.33834702605490000000000000000000
1970.00000000	350.54016094637360000000000000000000
1972.00000000	349.74477264860144000000000000000000
1974.00000000	348.95216875336416000000000000000000
1976.00000000	348.16233596269166000000000000000000
1978.00000000	347.37526105941070000000000000000000
1980.00000000	346.59093090654930000000000000000000
1982.00000000	345.80933244674867000000000000000000
1984.00000000	345.03045270167080000000000000000000
1986.00000000	344.25427877142430000000000000000000
1988.00000000	343.48079783398060000000000000000000
1990.00000000	342.70999714460960000000000000000000
1992.00000000	341.94186403530700000000000000000000
1994.00000000	341.17638591423906000000000000000000
1996.00000000	340.41355026518016000000000000000000
1998.00000000	339.65334464696710000000000000000000
2000.00000000	338.89575669294595000000000000000000
