100.00000000	451.88129716154100000000000000000000
102.00000000	555.72862399696820000000000000000000
104.00000000	647.38235161616010000000000000000000
106.00000000	728.44674683263910000000000000000000
108.00000000	800.31756143562400000000000000000000
110.00000000	864.20420819759420000000000000000000
112.00000000	921.09169191873320000000000000000000
114.00000000	972.00190218042360000000000000000000
116.00000000	1017.65657466960730000000000000000000
118.00000000	1058.72957577357940000000000000000000
120.00000000	1095.80383935591020000000000000000000
122.00000000	1129.38428017979250000000000000000000
124.00000000	1159.90881372401030000000000000000000
126.00000000	1187.75770540344120000000000000000000
128.00000000	1213.26147324097880000000000000000000
130.00000000	1236.70755467784700000000000000000000
132.00000000	1258.34592779780180000000000000000000
134.00000000	1278.39385421966450000000000000000000
136.00000000	1297.03988787669200000000000000000000
138.00000000	1314.44727228268330000000000000000000
140.00000000	1330.75682939492600000000000000000000
142.00000000	1346.08942609424070000000000000000000
144.00000000	1360.54808962285670000000000000000000
146.00000000	1374.21983091278530000000000000000000
148.00000000	1387.12388661972730000000000000000000
150.00000000	1399.42623708886300000000000000000000
152.00000000	1411.12143163688670000000000000000000
154.00000000	1422.24633746978900000000000000000000
156.00000000	1432.82797310256860000000000000000000
158.00000000	1442.88434964866180000000000000000000
160.00000000	1452.42522712417620000000000000000000
162.00000000	1461.45279963476950000000000000000000
164.00000000	1469.96232150388940000000000000000000
166.00000000	1477.94268501869620000000000000000000
168.00000000	1485.37695945331030000000000000000000
170.00000000	1492.24290033530520000000000000000000
172.00000000	1498.51343752123560000000000000000000
174.00000000	1504.15715052313980000000000000000000
176.00000000	1509.13873967234780000000000000000000
178.00000000	1513.41950211990680000000000000000000
180.00000000	1516.95782236181250000000000000000000
182.00000000	1519.67068530207210000000000000000000
184.00000000	1521.59035009433820000000000000000000
186.00000000	1522.63063416961600000000000000000000
188.00000000	1522.74387236097820000000000000000000
190.00000000	1521.88258356535970000000000000000000
192.00000000	1520.00033064588550000000000000000000
194.00000000	1517.05271043363250000000000000000000
196.00000000	1512.99850273232410000000000000000000
198.00000000	1507.80101240356270000000000000000000
200.00000000	1501.42964488982650000000000000000000
202.00000000	1493.86176322545700000000000000000000
204.00000000	1485.08488412866700000000000000000000
206.00000000	1475.09928278930000000000000000000000
208.00000000	1463.92109138944080000000000000000000
210.00000000	1451.58599658269240000000000000000000
212.00000000	1438.12892162245570000000000000000000
214.00000000	1423.68889892275070000000000000000000
216.00000000	1408.36540685732000000000000000000000
218.00000000	1392.32681337920330000000000000000000
220.00000000	1375.79478762646250000000000000000000
222.00000000	1359.05633871317630000000000000000000
224.00000000	1342.47898882305570000000000000000000
226.00000000	1326.53017323422400000000000000000000
228.00000000	1311.80241761466800000000000000000000
230.00000000	1299.04647221052300000000000000000000
232.00000000	1289.21538211690470000000000000000000
234.00000000	1283.52330800983000000000000000000000
236.00000000	1283.52326049186580000000000000000000
238.00000000	1291.20625289647250000000000000000000
240.00000000	1309.11687029804600000000000000000000
242.00000000	1340.44723928826220000000000000000000
244.00000000	1389.09864255887330000000000000000000
246.00000000	1459.36898523135780000000000000000000
248.00000000	1555.21595970641370000000000000000000
250.00000000	1678.73656439220440000000000000000000
252.00000000	1828.43478046897170000000000000000000
254.00000000	1998.97381188318350000000000000000000
256.00000000	2183.90049956743300000000000000000000
258.00000000	2379.45536655664640000000000000000000
260.00000000	2585.21119021798900000000000000000000
262.00000000	2800.93386282816300000000000000000000
264.00000000	3023.66968325507920000000000000000000
266.00000000	3248.00330165705200000000000000000000
268.00000000	3468.42371391709100000000000000000000
270.00000000	3681.27697042532050000000000000000000
272.00000000	3885.08925074268650000000000000000000
274.00000000	4079.97322379072000000000000000000000
276.00000000	4266.81883177991000000000000000000000
278.00000000	4446.70911351365250000000000000000000
280.00000000	4620.59718173291100000000000000000000
282.00000000	4789.17564463075450000000000000000000
284.00000000	4952.86378673216800000000000000000000
286.00000000	5111.85555324758700000000000000000000
288.00000000	5266.18976745827100000000000000000000
290.00000000	5415.81947978432200000000000000000000
292.00000000	5560.66904782031600000000000000000000
294.00000000	5700.67529277687300000000000000000000
296.00000000	5835.80557083293400000000000000000000
298.00000000	5966.10193998554900000000000000000000
300.00000000	6091.64032192887950000000000000000000
302.00000000	6212.55768875423100000000000000000000
304.00000000	6329.03887519396600000000000000000000
306.00000000	6441.30857531029500000000000000000000
308.00000000	6549.62263605853150000000000000000000
310.00000000	6654.25950209101500000000000000000000
312.00000000	6755.51232683677400000000000000000000
314.00000000	6853.68202088460200000000000000000000
316.00000000	6949.07134226781500000000000000000000
318.00000000	7041.98002618432600000000000000000000
320.00000000	7132.70088789160300000000000000000000
322.00000000	7221.51679889258500000000000000000000
324.00000000	7308.69842298468200000000000000000000
326.00000000	7394.50259784696900000000000000000000
328.00000000	7479.17125432298400000000000000000000
330.00000000	7562.93077584039300000000000000000000
332.00000000	7645.99171217040100000000000000000000
334.00000000	7728.54877355320300000000000000000000
336.00000000	7810.75473701427600000000000000000000
338.00000000	7892.82501176313800000000000000000000
340.00000000	7974.88341671462100000000000000000000
342.00000000	8057.06485280414400000000000000000000
344.00000000	8139.49068369436000000000000000000000
346.00000000	8222.26939499020000000000000000000000
348.00000000	8305.49727220953000000000000000000000
350.00000000	8389.25906916022200000000000000000000
352.00000000	8473.62866019104100000000000000000000
354.00000000	8558.66966678714700000000000000000000
356.00000000	8644.43605252835600000000000000000000
358.00000000	8730.97268270032300000000000000000000
360.00000000	8818.31584675397600000000000000000000
362.00000000	8906.49374337253400000000000000000000
364.00000000	8995.52692915380000000000000000000000
366.00000000	9085.42873287419600000000000000000000
368.00000000	9176.20563799785300000000000000000000
370.00000000	9267.85763656034000000000000000000000
372.00000000	9360.37855782330600000000000000000000
374.00000000	9453.75637519629200000000000000000000
376.00000000	9547.97349488794100000000000000000000
378.00000000	9643.00702960984600000000000000000000
380.00000000	9738.82906044216200000000000000000000
382.00000000	9835.40688970411800000000000000000000
384.00000000	9932.70328737687300000000000000000000
386.00000000	10030.67673331816000000000000000000000
388.00000000	10129.28165720142700000000000000000000
390.00000000	10228.46867781784600000000000000000000
392.00000000	10328.23373499525400000000000000000000
394.00000000	10428.42331541082800000000000000000000
396.00000000	10529.02637139100400000000000000000000
398.00000000	10629.98070017080300000000000000000000
400.00000000	10731.22151454948700000000000000000000
402.00000000	10832.68169920438800000000000000000000
404.00000000	10934.29207162138300000000000000000000
406.00000000	11035.98164783226500000000000000000000
408.00000000	11137.67791308692000000000000000000000
410.00000000	11239.30709754973200000000000000000000
412.00000000	11340.79445709420700000000000000000000
414.00000000	11442.06455927949000000000000000000000
416.00000000	11543.04157462790900000000000000000000
418.00000000	11643.64957338710700000000000000000000
420.00000000	11743.81282805884600000000000000000000
422.00000000	11843.45612211470100000000000000000000
424.00000000	11942.50506550663500000000000000000000
426.00000000	12040.88641782800600000000000000000000
428.00000000	12138.52842030746300000000000000000000
430.00000000	12235.36113824208000000000000000000000
432.00000000	12331.31681603268400000000000000000000
434.00000000	12426.33024770919800000000000000000000
436.00000000	12520.33916678954500000000000000000000
438.00000000	12613.28466057975500000000000000000000
440.00000000	12705.11161571085200000000000000000000
442.00000000	12795.76920398673800000000000000000000
444.00000000	12885.21142072672400000000000000000000
446.00000000	12973.39769209031000000000000000000000
448.00000000	13060.29357391541300000000000000000000
450.00000000	13145.87157323430800000000000000000000
452.00000000	13230.11213619178100000000000000000000
454.00000000	13313.00486474666000000000000000000000
456.00000000	13394.55005290027800000000000000000000
458.00000000	13474.76067744135800000000000000000000
460.00000000	13553.66504928471500000000000000000000
462.00000000	13631.31044958206300000000000000000000
464.00000000	13707.82883655059200000000000000000000
466.00000000	13783.20138276750200000000000000000000
468.00000000	13857.63572803320900000000000000000000
470.00000000	13931.34004357517200000000000000000000
472.00000000	14004.61615138682600000000000000000000
474.00000000	14077.91836387577000000000000000000000
476.00000000	14151.97455934896400000000000000000000
478.00000000	14228.07681197883700000000000000000000
480.00000000	14308.97727299401200000000000000000000
482.00000000	14403.56866232649000000000000000000000
484.00000000	14513.04984678426300000000000000000000
486.00000000	14543.78738411837700000000000000000000
488.00000000	14573.38375550850700000000000000000000
490.00000000	14600.59228226580100000000000000000000
492.00000000	14625.13421331099700000000000000000000
494.00000000	14646.92162472535300000000000000000000
496.00000000	14665.93544805311600000000000000000000
498.00000000	14682.19006856716800000000000000000000
500.00000000	14695.71988567597300000000000000000000
502.00000000	14706.57335879873400000000000000000000
504.00000000	14714.81012409782500000000000000000000
506.00000000	14720.49956016112400000000000000000000
508.00000000	14723.72013073861300000000000000000000
510.00000000	14724.55920733217700000000000000000000
512.00000000	14723.11324203040600000000000000000000
514.00000000	14719.48824677304400000000000000000000
516.00000000	14713.80058789635000000000000000000000
518.00000000	14706.17814620176600000000000000000000
520.00000000	14696.76193517435600000000000000000000
522.00000000	14685.70832316108300000000000000000000
524.00000000	14673.19208076421000000000000000000000
526.00000000	14659.41058964018900000000000000000000
528.00000000	14644.58973265124000000000000000000000
530.00000000	14628.99226963091000000000000000000000
532.00000000	14612.92797082771500000000000000000000
534.00000000	14596.75599963193200000000000000000000
536.00000000	14580.82643764434800000000000000000000
538.00000000	14565.17095600006700000000000000000000
540.00000000	14548.42154537569300000000000000000000
542.00000000	14524.73029710076800000000000000000000
544.00000000	14478.01215378872400000000000000000000
546.00000000	14388.21200719643100000000000000000000
548.00000000	14268.61082027493000000000000000000000
550.00000000	14158.03466436947000000000000000000000
552.00000000	14080.40050191003900000000000000000000
554.00000000	14038.92578861693000000000000000000000
556.00000000	14016.25663178227500000000000000000000
558.00000000	13975.44961319764300000000000000000000
560.00000000	13892.26816617365900000000000000000000
562.00000000	13776.50547155669000000000000000000000
564.00000000	13644.59246642265300000000000000000000
566.00000000	13506.26259258308500000000000000000000
568.00000000	13365.98592986473700000000000000000000
570.00000000	13225.49766005707900000000000000000000
572.00000000	13085.35372031330700000000000000000000
574.00000000	12945.69634467426000000000000000000000
576.00000000	12806.55629082277500000000000000000000
578.00000000	12667.95528211793900000000000000000000
580.00000000	12529.91768658878600000000000000000000
582.00000000	12392.47770808327000000000000000000000
584.00000000	12255.67632348088400000000000000000000
586.00000000	12119.55865368522200000000000000000000
588.00000000	11984.17206614390000000000000000000000
590.00000000	11849.56479088650700000000000000000000
592.00000000	11715.78490468808200000000000000000000
594.00000000	11582.87958399533000000000000000000000
596.00000000	11450.89455720715700000000000000000000
598.00000000	11319.87370685750600000000000000000000
600.00000000	11189.85878582904000000000000000000000
602.00000000	11060.88922114921500000000000000000000
604.00000000	10933.00198557500500000000000000000000
606.00000000	10806.23152195091100000000000000000000
608.00000000	10680.60970880644900000000000000000000
610.00000000	10556.16585823592900000000000000000000
612.00000000	10432.92673903223800000000000000000000
614.00000000	10310.91661951068000000000000000000000
616.00000000	10190.15732558419800000000000000000000
618.00000000	10070.66831052302200000000000000000000
620.00000000	9952.46673351792200000000000000000000
622.00000000	9835.56754470770600000000000000000000
624.00000000	9719.98357476646400000000000000000000
626.00000000	9605.72562749481200000000000000000000
628.00000000	9492.80257414392300000000000000000000
630.00000000	9381.22144843348700000000000000000000
632.00000000	9270.98754141569800000000000000000000
634.00000000	9162.10449549599400000000000000000000
636.00000000	9054.57439705271800000000000000000000
638.00000000	8948.39786720784500000000000000000000
640.00000000	8843.57415039273000000000000000000000
642.00000000	8740.10120043084500000000000000000000
644.00000000	8637.97576392340100000000000000000000
646.00000000	8537.19346077974300000000000000000000
648.00000000	8437.74886177945200000000000000000000
650.00000000	8339.63556309286100000000000000000000
652.00000000	8242.84625771847600000000000000000000
654.00000000	8147.37280382385600000000000000000000
656.00000000	8053.20628999897000000000000000000000
658.00000000	7960.33709745012950000000000000000000
660.00000000	7868.75495917832900000000000000000000
662.00000000	7778.44901619865800000000000000000000
664.00000000	7689.40787086792350000000000000000000
666.00000000	7601.61963739574900000000000000000000
668.00000000	7515.07198962114300000000000000000000
670.00000000	7429.75220614124100000000000000000000
672.00000000	7345.64721288292900000000000000000000
674.00000000	7262.74362320999900000000000000000000
676.00000000	7181.02777566050800000000000000000000
678.00000000	7100.48576940944400000000000000000000
680.00000000	7021.10349755172400000000000000000000
682.00000000	6942.86667830032800000000000000000000
684.00000000	6865.76088419254200000000000000000000
686.00000000	6789.77156939675800000000000000000000
688.00000000	6714.88409520957900000000000000000000
690.00000000	6641.08375383112800000000000000000000
692.00000000	6568.35579050443000000000000000000000
694.00000000	6496.68542410178450000000000000000000
696.00000000	6426.05786623863150000000000000000000
698.00000000	6356.45833899254900000000000000000000
700.00000000	6287.87209130251500000000000000000000
702.00000000	6220.28441412020300000000000000000000
704.00000000	6153.68065438290000000000000000000000
706.00000000	6088.04622787411400000000000000000000
708.00000000	6023.36663103572000000000000000000000
710.00000000	5959.62745179223400000000000000000000
712.00000000	5896.81437944541200000000000000000000
714.00000000	5834.91321369444000000000000000000000
716.00000000	5773.90987283458500000000000000000000
718.00000000	5713.79040118441200000000000000000000
720.00000000	5654.54097578939100000000000000000000
722.00000000	5596.14791244723600000000000000000000
724.00000000	5538.53675924127900000000000000000000
726.00000000	5481.81650978770700000000000000000000
728.00000000	5425.91244991396500000000000000000000
730.00000000	5370.81149841973000000000000000000000
732.00000000	5316.50073425202500000000000000000000
734.00000000	5262.96739928913100000000000000000000
736.00000000	5210.19890070362900000000000000000000
738.00000000	5158.18281293398000000000000000000000
740.00000000	5106.90687929196800000000000000000000
742.00000000	5056.35901323219400000000000000000000
744.00000000	5006.52729930791600000000000000000000
746.00000000	4957.39999383644950000000000000000000
748.00000000	4908.96552529570300000000000000000000
750.00000000	4861.21249447233100000000000000000000
752.00000000	4814.12967438062200000000000000000000
754.00000000	4767.70600997022300000000000000000000
756.00000000	4721.93061763953800000000000000000000
758.00000000	4676.79278457077600000000000000000000
760.00000000	4632.28196790141400000000000000000000
762.00000000	4588.38779374622700000000000000000000
764.00000000	4545.10005608269000000000000000000000
766.00000000	4502.40871551233300000000000000000000
768.00000000	4460.30389790919200000000000000000000
770.00000000	4418.77589296625700000000000000000000
772.00000000	4377.81515264990700000000000000000000
774.00000000	4337.41228957159400000000000000000000
776.00000000	4297.55807528562100000000000000000000
778.00000000	4258.24343852104900000000000000000000
780.00000000	4219.45946335538300000000000000000000
782.00000000	4181.19738733710500000000000000000000
784.00000000	4143.44859956359400000000000000000000
786.00000000	4106.20463872051700000000000000000000
788.00000000	4069.45719108850150000000000000000000
790.00000000	4033.19808852222400000000000000000000
792.00000000	3997.41930640685300000000000000000000
794.00000000	3962.11296159640300000000000000000000
796.00000000	3927.27131033817200000000000000000000
798.00000000	3892.88674618712640000000000000000000
800.00000000	3858.95179791386860000000000000000000
802.00000000	3825.45912740937730000000000000000000
804.00000000	3792.40152758972800000000000000000000
806.00000000	3759.77192030341850000000000000000000
808.00000000	3727.56335424400050000000000000000000
810.00000000	3695.76900287030200000000000000000000
812.00000000	3664.38216233641470000000000000000000
814.00000000	3633.39624943342700000000000000000000
816.00000000	3602.80479954466200000000000000000000
818.00000000	3572.60146461609600000000000000000000
820.00000000	3542.78001114341850000000000000000000
822.00000000	3513.33431817699870000000000000000000
824.00000000	3484.25837534610950000000000000000000
826.00000000	3455.54628090334700000000000000000000
828.00000000	3427.19223979027950000000000000000000
830.00000000	3399.19056172517550000000000000000000
832.00000000	3371.53565931351480000000000000000000
834.00000000	3344.22204618206100000000000000000000
836.00000000	3317.24433513693800000000000000000000
838.00000000	3290.59723634630100000000000000000000
840.00000000	3264.27555554799300000000000000000000
842.00000000	3238.27419228252600000000000000000000
844.00000000	3212.58813815170400000000000000000000
846.00000000	3187.21247510313240000000000000000000
848.00000000	3162.14237374072500000000000000000000
850.00000000	3137.37309166139770000000000000000000
852.00000000	3112.89997181801400000000000000000000
854.00000000	3088.71844090861600000000000000000000
856.00000000	3064.82400779192770000000000000000000
858.00000000	3041.21226192909530000000000000000000
860.00000000	3017.87887185161900000000000000000000
862.00000000	2994.81958365536730000000000000000000
864.00000000	2972.03021952047500000000000000000000
866.00000000	2949.50667625711900000000000000000000
868.00000000	2927.24492387681630000000000000000000
870.00000000	2905.24100418920260000000000000000000
872.00000000	2883.49102927352900000000000000000000
874.00000000	2861.99118073061200000000000000000000
876.00000000	2840.73770744189050000000000000000000
878.00000000	2819.72692487727900000000000000000000
880.00000000	2798.95521366159760000000000000000000
882.00000000	2778.41901831869470000000000000000000
884.00000000	2758.11484603920960000000000000000000
886.00000000	2738.03926547155900000000000000000000
888.00000000	2718.18890553595400000000000000000000
890.00000000	2698.56045426103860000000000000000000
892.00000000	2679.15065764290740000000000000000000
894.00000000	2659.95631852609100000000000000000000
896.00000000	2640.97429550626160000000000000000000
898.00000000	2622.20150185426970000000000000000000
900.00000000	2603.63490446119100000000000000000000
902.00000000	2585.27152280405700000000000000000000
904.00000000	2567.10842793193500000000000000000000
906.00000000	2549.14274147197370000000000000000000
908.00000000	2531.37163465518300000000000000000000
910.00000000	2513.79232736145560000000000000000000
912.00000000	2496.40208718365470000000000000000000
914.00000000	2479.19822851031680000000000000000000
916.00000000	2462.17811162669340000000000000000000
918.00000000	2445.33914183379600000000000000000000
920.00000000	2428.67876858511450000000000000000000
922.00000000	2412.19448464064700000000000000000000
924.00000000	2395.88382523798600000000000000000000
926.00000000	2379.74436728009700000000000000000000
928.00000000	2363.77372853946370000000000000000000
930.00000000	2347.96956687835970000000000000000000
932.00000000	2332.32957948481400000000000000000000
934.00000000	2316.85150212412050000000000000000000
936.00000000	2301.53310840543960000000000000000000
938.00000000	2286.37220906329550000000000000000000
940.00000000	2271.36665125366800000000000000000000
942.00000000	2256.51431786432930000000000000000000
944.00000000	2241.81312683918100000000000000000000
946.00000000	2227.26103051637200000000000000000000
948.00000000	2212.85601497979700000000000000000000
950.00000000	2198.59609942376850000000000000000000
952.00000000	2184.47933553067830000000000000000000
954.00000000	2170.50380686119200000000000000000000
956.00000000	2156.66762825692060000000000000000000
958.00000000	2142.96894525518800000000000000000000
960.00000000	2129.40593351568850000000000000000000
962.00000000	2115.97679825877100000000000000000000
964.00000000	2102.67977371518050000000000000000000
966.00000000	2089.51312258689000000000000000000000
968.00000000	2076.47513551892330000000000000000000
970.00000000	2063.56413058184630000000000000000000
972.00000000	2050.77845276478370000000000000000000
974.00000000	2038.11647347864910000000000000000000
976.00000000	2025.57659006948440000000000000000000
978.00000000	2013.15722534157430000000000000000000
980.00000000	2000.85682709026060000000000000000000
982.00000000	1988.67386764413730000000000000000000
984.00000000	1976.60684341650880000000000000000000
986.00000000	1964.65427446587320000000000000000000
988.00000000	1952.81470406525660000000000000000000
990.00000000	1941.08669828021800000000000000000000
992.00000000	1929.46884555532320000000000000000000
994.00000000	1917.95975630892600000000000000000000
996.00000000	1906.55806253606830000000000000000000
998.00000000	1895.26241741933840000000000000000000
1000.00000000	1884.07149494751400000000000000000000
1002.00000000	1872.98398954182240000000000000000000
1004.00000000	1861.99861568966250000000000000000000
1006.00000000	1851.11410758562350000000000000000000
1008.00000000	1840.32921877965990000000000000000000
1010.00000000	1829.64272183224130000000000000000000
1012.00000000	1819.05340797638180000000000000000000
1014.00000000	1808.56008678632380000000000000000000
1016.00000000	1798.16158585284420000000000000000000
1018.00000000	1787.85675046491450000000000000000000
1020.00000000	1777.64444329769840000000000000000000
1022.00000000	1767.52354410666180000000000000000000
1024.00000000	1757.49294942774830000000000000000000
1026.00000000	1747.55157228341300000000000000000000
1028.00000000	1737.69834189442780000000000000000000
1030.00000000	1727.93220339735720000000000000000000
1032.00000000	1718.25211756754270000000000000000000
1034.00000000	1708.65706054751260000000000000000000
1036.00000000	1699.14602358067600000000000000000000
1038.00000000	1689.71801275021740000000000000000000
1040.00000000	1680.37204872305670000000000000000000
1042.00000000	1671.10716649877900000000000000000000
1044.00000000	1661.92241516343700000000000000000000
1046.00000000	1652.81685764811850000000000000000000
1048.00000000	1643.78957049216160000000000000000000
1050.00000000	1634.83964361095580000000000000000000
1052.00000000	1625.96618006818840000000000000000000
1054.00000000	1617.16829585249020000000000000000000
1056.00000000	1608.44511965835270000000000000000000
1058.00000000	1599.79579267124040000000000000000000
1060.00000000	1591.21946835682140000000000000000000
1062.00000000	1582.71531225418930000000000000000000
1064.00000000	1574.28250177306750000000000000000000
1066.00000000	1565.92022599483240000000000000000000
1068.00000000	1557.62768547733030000000000000000000
1070.00000000	1549.40409206338240000000000000000000
1072.00000000	1541.24866869291440000000000000000000
1074.00000000	1533.16064921863770000000000000000000
1076.00000000	1525.13927822518530000000000000000000
1078.00000000	1517.18381085167060000000000000000000
1080.00000000	1509.29351261755620000000000000000000
1082.00000000	1501.46765925179080000000000000000000
1084.00000000	1493.70553652515290000000000000000000
1086.00000000	1486.00644008570680000000000000000000
1088.00000000	1478.36967529731990000000000000000000
1090.00000000	1470.79455708120580000000000000000000
1092.00000000	1463.28040976038300000000000000000000
1094.00000000	1455.82656690702020000000000000000000
1096.00000000	1448.43237119261970000000000000000000
1098.00000000	1441.09717424092790000000000000000000
1100.00000000	1433.82033648359970000000000000000000
1102.00000000	1426.60122701846880000000000000000000
1104.00000000	1419.43922347045620000000000000000000
1106.00000000	1412.33371185500370000000000000000000
1108.00000000	1405.28408644399560000000000000000000
1110.00000000	1398.28974963414500000000000000000000
1112.00000000	1391.35011181776760000000000000000000
1114.00000000	1384.46459125587880000000000000000000
1116.00000000	1377.63261395363750000000000000000000
1118.00000000	1370.85361353799340000000000000000000
1120.00000000	1364.12703113756900000000000000000000
1122.00000000	1357.45231526471870000000000000000000
1124.00000000	1350.82892169965980000000000000000000
1126.00000000	1344.25631337673550000000000000000000
1128.00000000	1337.73396027268590000000000000000000
1130.00000000	1331.26133929691950000000000000000000
1132.00000000	1324.83793418374000000000000000000000
1134.00000000	1318.46323538649880000000000000000000
1136.00000000	1312.13673997362160000000000000000000
1138.00000000	1305.85795152648070000000000000000000
1140.00000000	1299.62638003906660000000000000000000
1142.00000000	1293.44154181944240000000000000000000
1144.00000000	1287.30295939291860000000000000000000
1146.00000000	1281.21016140695310000000000000000000
1148.00000000	1275.16268253769430000000000000000000
1150.00000000	1269.16006339818000000000000000000000
1152.00000000	1263.20185044811960000000000000000000
1154.00000000	1257.28759590528470000000000000000000
1156.00000000	1251.41685765839840000000000000000000
1158.00000000	1245.58919918156860000000000000000000
1160.00000000	1239.80418945019160000000000000000000
1162.00000000	1234.06140285830880000000000000000000
1164.00000000	1228.36041913740450000000000000000000
1166.00000000	1222.70082327657970000000000000000000
1168.00000000	1217.08220544411100000000000000000000
1170.00000000	1211.50416091036350000000000000000000
1172.00000000	1205.96628997199560000000000000000000
1174.00000000	1200.46819787749770000000000000000000
1176.00000000	1195.00949475395940000000000000000000
1178.00000000	1189.58979553511100000000000000000000
1180.00000000	1184.20871989057700000000000000000000
1182.00000000	1178.86589215633060000000000000000000
1184.00000000	1173.56094126631750000000000000000000
1186.00000000	1168.29350068523800000000000000000000
1188.00000000	1163.06320834246750000000000000000000
1190.00000000	1157.86970656707100000000000000000000
1192.00000000	1152.71264202392170000000000000000000
1194.00000000	1147.59166565089230000000000000000000
1196.00000000	1142.50643259706640000000000000000000
1198.00000000	1137.45660216201990000000000000000000
1200.00000000	1132.44183773607870000000000000000000
1202.00000000	1127.46180674158930000000000000000000
1204.00000000	1122.51618057514860000000000000000000
1206.00000000	1117.60463455079410000000000000000000
1208.00000000	1112.72684784413540000000000000000000
1210.00000000	1107.88250343739630000000000000000000
1212.00000000	1103.07128806536460000000000000000000
1214.00000000	1098.29289216222760000000000000000000
1216.00000000	1093.54700980927710000000000000000000
1218.00000000	1088.83333868346540000000000000000000
1220.00000000	1084.15158000680600000000000000000000
1222.00000000	1079.50143849658910000000000000000000
1224.00000000	1074.88262231640850000000000000000000
1226.00000000	1070.28198306632610000000000000000000
1228.00000000	1065.72501951181680000000000000000000
1230.00000000	1061.19852549902900000000000000000000
1232.00000000	1056.70222250739860000000000000000000
1234.00000000	1052.23583522935560000000000000000000
1236.00000000	1047.79909152588150000000000000000000
1238.00000000	1043.39172238281750000000000000000000
1240.00000000	1039.01346186782030000000000000000000
1242.00000000	1034.66404708805340000000000000000000
1244.00000000	1030.34321814850600000000000000000000
1246.00000000	1026.05071811100600000000000000000000
1248.00000000	1021.78629295387120000000000000000000
1250.00000000	1017.54969153218110000000000000000000
1252.00000000	1013.34066553870990000000000000000000
1254.00000000	1009.15896946542700000000000000000000
1256.00000000	1005.00436056566650000000000000000000
1258.00000000	1000.87659881681460000000000000000000
1260.00000000	996.77544688364140000000000000000000
1262.00000000	992.70067008216870000000000000000000
1264.00000000	988.65203634412260000000000000000000
1266.00000000	984.62931618191740000000000000000000
1268.00000000	980.63228265420180000000000000000000
1270.00000000	976.66071133193270000000000000000000
1272.00000000	972.71438026496010000000000000000000
1274.00000000	968.79306994914900000000000000000000
1276.00000000	964.89656329398720000000000000000000
1278.00000000	961.02464559070460000000000000000000
1280.00000000	957.17710448086950000000000000000000
1282.00000000	953.35372992547950000000000000000000
1284.00000000	949.55431417450570000000000000000000
1286.00000000	945.77865173691750000000000000000000
1288.00000000	942.02653935115300000000000000000000
1290.00000000	938.29777595603880000000000000000000
1292.00000000	934.59216266215180000000000000000000
1294.00000000	930.90950272361740000000000000000000
1296.00000000	927.24960151032130000000000000000000
1298.00000000	923.61226648055160000000000000000000
1300.00000000	919.99730715404640000000000000000000
1302.00000000	916.40453508544390000000000000000000
1304.00000000	912.83376383812820000000000000000000
1306.00000000	909.28480895848240000000000000000000
1308.00000000	905.75748795048730000000000000000000
1310.00000000	902.25162025074580000000000000000000
1312.00000000	898.76702720384030000000000000000000
1314.00000000	895.30353203807110000000000000000000
1316.00000000	891.86095984155210000000000000000000
1318.00000000	888.43913753865680000000000000000000
1320.00000000	885.03789386681000000000000000000000
1322.00000000	881.65705935362920000000000000000000
1324.00000000	878.29646629438010000000000000000000
1326.00000000	874.95594872979170000000000000000000
1328.00000000	871.63534242417360000000000000000000
1330.00000000	868.33448484385190000000000000000000
1332.00000000	865.05321513593670000000000000000000
1334.00000000	861.79137410737460000000000000000000
1336.00000000	858.54880420432640000000000000000000
1338.00000000	855.32534949182700000000000000000000
1340.00000000	852.12085563374500000000000000000000
1342.00000000	848.93516987303340000000000000000000
1344.00000000	845.76814101225990000000000000000000
1346.00000000	842.61961939441540000000000000000000
1348.00000000	839.48945688400780000000000000000000
1350.00000000	836.37750684840990000000000000000000
1352.00000000	833.28362413948230000000000000000000
1354.00000000	830.20766507546490000000000000000000
1356.00000000	827.14948742310580000000000000000000
1358.00000000	824.10895038007020000000000000000000
1360.00000000	821.08591455757150000000000000000000
1362.00000000	818.08024196326530000000000000000000
1364.00000000	815.09179598437710000000000000000000
1366.00000000	812.12044137107360000000000000000000
1368.00000000	809.16604422005620000000000000000000
1370.00000000	806.22847195840150000000000000000000
1372.00000000	803.30759332761260000000000000000000
1374.00000000	800.40327836789230000000000000000000
1376.00000000	797.51539840265350000000000000000000
1378.00000000	794.64382602322920000000000000000000
1380.00000000	791.78843507379130000000000000000000
1382.00000000	788.94910063649290000000000000000000
1384.00000000	786.12569901681670000000000000000000
1386.00000000	783.31810772909470000000000000000000
1388.00000000	780.52620548227290000000000000000000
1390.00000000	777.74987216584210000000000000000000
1392.00000000	774.98898883596280000000000000000000
1394.00000000	772.24343770179790000000000000000000
1396.00000000	769.51310211200970000000000000000000
1398.00000000	766.79786654145690000000000000000000
1400.00000000	764.09761657806850000000000000000000
1402.00000000	761.41223890990020000000000000000000
1404.00000000	758.74162131234750000000000000000000
1406.00000000	756.08565263556340000000000000000000
1408.00000000	753.44422279201930000000000000000000
1410.00000000	750.81722274423990000000000000000000
1412.00000000	748.20454449272200000000000000000000
1414.00000000	745.60608106398670000000000000000000
1416.00000000	743.02172649880800000000000000000000
1418.00000000	740.45137584059990000000000000000000
1420.00000000	737.89492512395790000000000000000000
1422.00000000	735.35227136334400000000000000000000
1424.00000000	732.82331254193420000000000000000000
1426.00000000	730.30794760060960000000000000000000
1428.00000000	727.80607642709000000000000000000000
1430.00000000	725.31759984521830000000000000000000
1432.00000000	722.84241960438080000000000000000000
1434.00000000	720.38043836906750000000000000000000
1436.00000000	717.93155970857920000000000000000000
1438.00000000	715.49568808685340000000000000000000
1440.00000000	713.07272885243610000000000000000000
1442.00000000	710.66258822858160000000000000000000
1444.00000000	708.26517330348270000000000000000000
1446.00000000	705.88039202062430000000000000000000
1448.00000000	703.50815316926620000000000000000000
1450.00000000	701.14836637505220000000000000000000
1452.00000000	698.80094209073170000000000000000000
1454.00000000	696.46579158701240000000000000000000
1456.00000000	694.14282694352630000000000000000000
1458.00000000	691.83196103990470000000000000000000
1460.00000000	689.53310754699010000000000000000000
1462.00000000	687.24618091813240000000000000000000
1464.00000000	684.97109638061610000000000000000000
1466.00000000	682.70776992719820000000000000000000
1468.00000000	680.45611830773960000000000000000000
1470.00000000	678.21605902096040000000000000000000
1472.00000000	675.98751030628050000000000000000000
1474.00000000	673.77039113579020000000000000000000
1476.00000000	671.56462120629760000000000000000000
1478.00000000	669.37012093148890000000000000000000
1480.00000000	667.18681143418720000000000000000000
1482.00000000	665.01461453871270000000000000000000
1484.00000000	662.85345276332450000000000000000000
1486.00000000	660.70324931277630000000000000000000
1488.00000000	658.56392807095160000000000000000000
1490.00000000	656.43541359359930000000000000000000
1492.00000000	654.31763110115810000000000000000000
1494.00000000	652.21050647166320000000000000000000
1496.00000000	650.11396623375780000000000000000000
1498.00000000	648.02793755977300000000000000000000
1500.00000000	645.95234825890990000000000000000000
1502.00000000	643.88712677048840000000000000000000
1504.00000000	641.83220215730580000000000000000000
1506.00000000	639.78750409904650000000000000000000
1508.00000000	637.75296288579480000000000000000000
1510.00000000	635.72850941162570000000000000000000
1512.00000000	633.71407516825510000000000000000000
1514.00000000	631.70959223880280000000000000000000
1516.00000000	629.71499329159210000000000000000000
1518.00000000	627.73021157406330000000000000000000
1520.00000000	625.75518090672200000000000000000000
1522.00000000	623.78983567720410000000000000000000
1524.00000000	621.83411083437870000000000000000000
1526.00000000	619.88794188253270000000000000000000
1528.00000000	617.95126487563690000000000000000000
1530.00000000	616.02401641166640000000000000000000
1532.00000000	614.10613362700200000000000000000000
1534.00000000	612.19755419088540000000000000000000
1536.00000000	610.29821629995510000000000000000000
1538.00000000	608.40805867284110000000000000000000
1540.00000000	606.52702054482120000000000000000000
1542.00000000	604.65504166254800000000000000000000
1544.00000000	602.79206227883800000000000000000000
1546.00000000	600.93802314751740000000000000000000
1548.00000000	599.09286551833700000000000000000000
1550.00000000	597.25653113193610000000000000000000
1552.00000000	595.42896221488510000000000000000000
1554.00000000	593.61010147476760000000000000000000
1556.00000000	591.79989209532660000000000000000000
1558.00000000	589.99827773167610000000000000000000
1560.00000000	588.20520250556220000000000000000000
1562.00000000	586.42061100067340000000000000000000
1564.00000000	584.64444825802750000000000000000000
1566.00000000	582.87665977138420000000000000000000
1568.00000000	581.11719148273230000000000000000000
1570.00000000	579.36598977782570000000000000000000
1572.00000000	577.62300148176340000000000000000000
1574.00000000	575.88817385463300000000000000000000
1576.00000000	574.16145458719070000000000000000000
1578.00000000	572.44279179660330000000000000000000
1580.00000000	570.73213402223940000000000000000000
1582.00000000	569.02943022150210000000000000000000
1584.00000000	567.33462976570520000000000000000000
1586.00000000	565.64768243602590000000000000000000
1588.00000000	563.96853841945610000000000000000000
1590.00000000	562.29714830485270000000000000000000
1592.00000000	560.63346307898680000000000000000000
1594.00000000	558.97743412268030000000000000000000
1596.00000000	557.32901320694370000000000000000000
1598.00000000	555.68815248919650000000000000000000
1600.00000000	554.05480450951030000000000000000000
1602.00000000	552.42892218689170000000000000000000
1604.00000000	550.81045881562370000000000000000000
1606.00000000	549.19936806163400000000000000000000
1608.00000000	547.59560395891040000000000000000000
1610.00000000	545.99912090595420000000000000000000
1612.00000000	544.40987366228390000000000000000000
1614.00000000	542.82781734495850000000000000000000
1616.00000000	541.25290742515660000000000000000000
1618.00000000	539.68509972479180000000000000000000
1620.00000000	538.12435041315880000000000000000000
1622.00000000	536.57061600362110000000000000000000
1624.00000000	535.02385335033660000000000000000000
1626.00000000	533.48401964502120000000000000000000
1628.00000000	531.95107241374250000000000000000000
1630.00000000	530.42496951375530000000000000000000
1632.00000000	528.90566913036960000000000000000000
1634.00000000	527.39312977385240000000000000000000
1636.00000000	525.88731027636820000000000000000000
1638.00000000	524.38816978894500000000000000000000
1640.00000000	522.89566777848370000000000000000000
1642.00000000	521.40976402479070000000000000000000
1644.00000000	519.93041861765520000000000000000000
1646.00000000	518.45759195394430000000000000000000
1648.00000000	516.99124473474220000000000000000000
1650.00000000	515.53133796251260000000000000000000
1652.00000000	514.07783293829680000000000000000000
1654.00000000	512.63069125893750000000000000000000
1656.00000000	511.18987481434450000000000000000000
1658.00000000	509.75534578477294000000000000000000
1660.00000000	508.32706663813970000000000000000000
1662.00000000	506.90500012737750000000000000000000
1664.00000000	505.48910928780510000000000000000000
1666.00000000	504.07935743452504000000000000000000
1668.00000000	502.67570815986130000000000000000000
1670.00000000	501.27812533081385000000000000000000
1672.00000000	499.88657308654720000000000000000000
1674.00000000	498.50101583590055000000000000000000
1676.00000000	497.12141825493110000000000000000000
1678.00000000	495.74774528447625000000000000000000
1680.00000000	494.37996212774596000000000000000000
1682.00000000	493.01803424794144000000000000000000
1684.00000000	491.66192736589930000000000000000000
1686.00000000	490.31160745775800000000000000000000
1688.00000000	488.96704075264710000000000000000000
1690.00000000	487.62819373041580000000000000000000
1692.00000000	486.29503311935910000000000000000000
1694.00000000	484.96752589399705000000000000000000
1696.00000000	483.64563927285390000000000000000000
1698.00000000	482.32934071627740000000000000000000
1700.00000000	481.01859792426586000000000000000000
1702.00000000	479.71337883433840000000000000000000
1704.00000000	478.41365161940115000000000000000000
1706.00000000	477.11938468566350000000000000000000
1708.00000000	475.83054667054836000000000000000000
1710.00000000	474.54710644065756000000000000000000
1712.00000000	473.26903308971730000000000000000000
1714.00000000	471.99629593658520000000000000000000
1716.00000000	470.72886452325105000000000000000000
1718.00000000	469.46670861286950000000000000000000
1720.00000000	468.20979818781177000000000000000000
1722.00000000	466.95810344773247000000000000000000
1724.00000000	465.71159480766937000000000000000000
1726.00000000	464.47024289614360000000000000000000
1728.00000000	463.23401855329644000000000000000000
1730.00000000	462.00289282904004000000000000000000
1732.00000000	460.77683698121730000000000000000000
1734.00000000	459.55582247379937000000000000000000
1736.00000000	458.33982097508360000000000000000000
1738.00000000	457.12880435592047000000000000000000
1740.00000000	455.92274468795733000000000000000000
1742.00000000	454.72161424189870000000000000000000
1744.00000000	453.52538548577570000000000000000000
1746.00000000	452.33403108325500000000000000000000
1748.00000000	451.14752389194217000000000000000000
1750.00000000	449.96583696171280000000000000000000
1752.00000000	448.78894353306090000000000000000000
1754.00000000	447.61681703545860000000000000000000
1756.00000000	446.44943108574324000000000000000000
1758.00000000	445.28675948650556000000000000000000
1760.00000000	444.12877622450634000000000000000000
1762.00000000	442.97545546910334000000000000000000
1764.00000000	441.82677157069640000000000000000000
1766.00000000	440.68269905918320000000000000000000
1768.00000000	439.54321264244027000000000000000000
1770.00000000	438.40828720480650000000000000000000
1772.00000000	437.27789780559530000000000000000000
1774.00000000	436.15201967760940000000000000000000
1776.00000000	435.03062822567705000000000000000000
1778.00000000	433.91369902519990000000000000000000
1780.00000000	432.80120782072190000000000000000000
1782.00000000	431.69313052450104000000000000000000
1784.00000000	430.58944321510610000000000000000000
1786.00000000	429.49012213601680000000000000000000
1788.00000000	428.39514369425250000000000000000000
1790.00000000	427.30448445899270000000000000000000
1792.00000000	426.21812116023597000000000000000000
1794.00000000	425.13603068745150000000000000000000
1796.00000000	424.05819008825890000000000000000000
1798.00000000	422.98457656710445000000000000000000
1800.00000000	421.91516748397060000000000000000000
1802.00000000	420.84994035308050000000000000000000
1804.00000000	419.78887284162450000000000000000000
1806.00000000	418.73194276849597000000000000000000
1808.00000000	417.67912810303886000000000000000000
1810.00000000	416.63040696381290000000000000000000
1812.00000000	415.58575761735847000000000000000000
1814.00000000	414.54515847699287000000000000000000
1816.00000000	413.50858810159150000000000000000000
1818.00000000	412.47602519441260000000000000000000
1820.00000000	411.44744860190120000000000000000000
1822.00000000	410.42283731253230000000000000000000
1824.00000000	409.40217045564450000000000000000000
1826.00000000	408.38542730029920000000000000000000
1828.00000000	407.37258725413830000000000000000000
1830.00000000	406.36362986226726000000000000000000
1832.00000000	405.35853480612980000000000000000000
1834.00000000	404.35728190241707000000000000000000
1836.00000000	403.35985110196460000000000000000000
1838.00000000	402.36622248867480000000000000000000
1840.00000000	401.37637627844026000000000000000000
1842.00000000	400.39029281808640000000000000000000
1844.00000000	399.40795258431320000000000000000000
1846.00000000	398.42933618265823000000000000000000
1848.00000000	397.45442434646430000000000000000000
1850.00000000	396.48319793584903000000000000000000
1852.00000000	395.51563793670056000000000000000000
1854.00000000	394.55172545967010000000000000000000
1856.00000000	393.59144173917633000000000000000000
1858.00000000	392.63476813242330000000000000000000
1860.00000000	391.68168611842350000000000000000000
1862.00000000	390.73217729702947000000000000000000
1864.00000000	389.78622338798080000000000000000000
1866.00000000	388.84380622995100000000000000000000
1868.00000000	387.90490777960900000000000000000000
1870.00000000	386.96951011068680000000000000000000
1872.00000000	386.03759541306350000000000000000000
1874.00000000	385.10914599184190000000000000000000
1876.00000000	384.18414426644784000000000000000000
1878.00000000	383.26257276973580000000000000000000
1880.00000000	382.34441414709420000000000000000000
1882.00000000	381.42965115556893000000000000000000
1884.00000000	380.51826666298850000000000000000000
1886.00000000	379.61024364710150000000000000000000
1888.00000000	378.70556519471836000000000000000000
1890.00000000	377.80421450086510000000000000000000
1892.00000000	376.90617486793900000000000000000000
1894.00000000	376.01142970487660000000000000000000
1896.00000000	375.11996252633054000000000000000000
1898.00000000	374.23175695184600000000000000000000
1900.00000000	373.34679670505700000000000000000000
1902.00000000	372.46506561287606000000000000000000
1904.00000000	371.58654760470240000000000000000000
1906.00000000	370.71122671163210000000000000000000
1908.00000000	369.83908706567910000000000000000000
1910.00000000	368.97011289899430000000000000000000
1912.00000000	368.10428854310265000000000000000000
1914.00000000	367.24159842814066000000000000000000
1916.00000000	366.38202708210565000000000000000000
1918.00000000	365.52555913010350000000000000000000
1920.00000000	364.67217929361266000000000000000000
1922.00000000	363.82187238974876000000000000000000
1924.00000000	362.97462333053710000000000000000000
1926.00000000	362.13041712219250000000000000000000
1928.00000000	361.28923886440260000000000000000000
1930.00000000	360.45107374962663000000000000000000
1932.00000000	359.61590706238640000000000000000000
1934.00000000	358.78372417857580000000000000000000
1936.00000000	357.95451056476844000000000000000000
1938.00000000	357.12825177753854000000000000000000
1940.00000000	356.30493346277750000000000000000000
1942.00000000	355.48454135503310000000000000000000
1944.00000000	354.66706127683284000000000000000000
1946.00000000	353.85247913803280000000000000000000
1948.00000000	353.04078093516233000000000000000000
1950.00000000	352.23195275077350000000000000000000
1952.00000000	351.42598075280483000000000000000000
1954.00000000	350.62285119393890000000000000000000
1956.00000000	349.82255041097520000000000000000000
1958.00000000	349.02506482420563000000000000000000
1960.00000000	348.23038093679070000000000000000000
1962.00000000	347.43848533415115000000000000000000
1964.00000000	346.64936468335213000000000000000000
1966.00000000	345.86300573250610000000000000000000
1968.00000000	345.07939531016865000000000000000000
1970.00000000	344.29852032474900000000000000000000
1972.00000000	343.52036776392396000000000000000000
1974.00000000	342.74492469404646000000000000000000
1976.00000000	341.97217825957820000000000000000000
1978.00000000	341.20211568250926000000000000000000
1980.00000000	340.43472426179096000000000000000000
1982.00000000	339.66999137277844000000000000000000
1984.00000000	338.90790446666390000000000000000000
1986.00000000	338.14845106993215000000000000000000
1988.00000000	337.39161878380213000000000000000000
1990.00000000	336.63739528369285000000000000000000
1992.00000000	335.88576831867540000000000000000000
1994.00000000	335.13672571094475000000000000000000
1996.00000000	334.39025535528530000000000000000000
1998.00000000	333.64634521854964000000000000000000
2000.00000000	332.90498333913120000000000000000000
