100.00000000	-1291.92566404098650000000000000000000
102.00000000	-1145.70938360537120000000000000000000
104.00000000	-1029.67989391299900000000000000000000
106.00000000	-950.02305147273170000000000000000000
108.00000000	-874.57715330166240000000000000000000
110.00000000	-803.16053774586250000000000000000000
112.00000000	-735.62582545400740000000000000000000
114.00000000	-680.89374752014730000000000000000000
116.00000000	-634.50785120088820000000000000000000
118.00000000	-591.07725913889840000000000000000000
120.00000000	-550.32753201640540000000000000000000
122.00000000	-512.01175876969760000000000000000000
124.00000000	-475.72181965301290000000000000000000
126.00000000	-423.93788357747410000000000000000000
128.00000000	-375.65067705243930000000000000000000
130.00000000	-330.50866384751660000000000000000000
132.00000000	-288.20064679011870000000000000000000
134.00000000	-248.45108857424623000000000000000000
136.00000000	-211.01605169285284000000000000000000
138.00000000	-176.75603627404760000000000000000000
140.00000000	-151.77287205003535000000000000000000
142.00000000	-127.92872191878354000000000000000000
144.00000000	-105.13149455745166000000000000000000
146.00000000	-83.30082911591530000000000000000000
148.00000000	-62.40262813065013000000000000000000
150.00000000	-42.30566924712581000000000000000000
152.00000000	-22.99438424119661000000000000000000
154.00000000	-4.42569041742440700000000000000000
156.00000000	11.82228562573776000000000000000000
158.00000000	25.99040948427858700000000000000000
160.00000000	39.66837284256122000000000000000000
162.00000000	52.86124859335394000000000000000000
164.00000000	65.57019584950717000000000000000000
166.00000000	77.79278703262278000000000000000000
168.00000000	89.52332286041393000000000000000000
170.00000000	100.75313955509260000000000000000000
172.00000000	111.47091262906676000000000000000000
174.00000000	121.66296176539349000000000000000000
176.00000000	131.31356160534955000000000000000000
178.00000000	132.66627230437683000000000000000000
180.00000000	124.25341009169020000000000000000000
182.00000000	115.95053200927293000000000000000000
184.00000000	120.78515639361660000000000000000000
186.00000000	127.48963230051821000000000000000000
188.00000000	131.19694362446364000000000000000000
190.00000000	107.21971187049574000000000000000000
192.00000000	83.90859470020877000000000000000000
194.00000000	62.24987472737229000000000000000000
196.00000000	47.42244664994388000000000000000000
198.00000000	32.67691721659825000000000000000000
200.00000000	18.29478431795255000000000000000000
202.00000000	23.04847875236736600000000000000000
204.00000000	26.88124028149189000000000000000000
206.00000000	29.81983972922210300000000000000000
208.00000000	15.23738852847563800000000000000000
210.00000000	-6.88468359356721300000000000000000
212.00000000	-28.59852434554042000000000000000000
214.00000000	-51.71097912262846000000000000000000
216.00000000	-87.73925805837285000000000000000000
218.00000000	-122.30906253878642000000000000000000
220.00000000	-155.24980488465704000000000000000000
222.00000000	-182.36758134554367000000000000000000
224.00000000	-198.63479512919950000000000000000000
226.00000000	-213.05265679500775000000000000000000
228.00000000	-225.20678170314690000000000000000000
230.00000000	-233.51972134527800000000000000000000
232.00000000	-234.32592292639134000000000000000000
234.00000000	-231.10347399873590000000000000000000
236.00000000	-222.94297637063713000000000000000000
238.00000000	-208.68213071729934000000000000000000
240.00000000	-185.54837493452930000000000000000000
242.00000000	-152.36842015058212000000000000000000
244.00000000	-106.79033825716466000000000000000000
246.00000000	-45.61808559531728000000000000000000
248.00000000	34.89243194303137600000000000000000
250.00000000	159.03109943988628000000000000000000
252.00000000	303.71215981759100000000000000000000
254.00000000	465.92708201267010000000000000000000
256.00000000	641.54780956794650000000000000000000
258.00000000	827.98038906210380000000000000000000
260.00000000	1026.09845835116970000000000000000000
262.00000000	1231.34855011529700000000000000000000
264.00000000	1436.01217222893020000000000000000000
266.00000000	1630.47164415053180000000000000000000
268.00000000	1806.59436952191780000000000000000000
270.00000000	1965.99214975982040000000000000000000
272.00000000	2121.55886828676000000000000000000000
274.00000000	2256.48376047762760000000000000000000
276.00000000	2373.63858375286300000000000000000000
278.00000000	2476.19796072111500000000000000000000
280.00000000	2567.16304795000860000000000000000000
282.00000000	2648.72697743258960000000000000000000
284.00000000	2719.86688338851400000000000000000000
286.00000000	2785.12606424087900000000000000000000
288.00000000	2845.85270367715980000000000000000000
290.00000000	2903.05885297003500000000000000000000
292.00000000	2957.49399453457000000000000000000000
294.00000000	3009.70887106253300000000000000000000
296.00000000	3066.89498937806500000000000000000000
298.00000000	3133.08751769866400000000000000000000
300.00000000	3198.61946856338050000000000000000000
302.00000000	3263.53265182142800000000000000000000
304.00000000	3327.84947356697600000000000000000000
306.00000000	3391.58188481340800000000000000000000
308.00000000	3454.73714463860870000000000000000000
310.00000000	3517.61553416194970000000000000000000
312.00000000	3591.46901309763870000000000000000000
314.00000000	3664.87629193302400000000000000000000
316.00000000	3737.82122231378000000000000000000000
318.00000000	3810.29850000625000000000000000000000
320.00000000	3882.31223835439100000000000000000000
322.00000000	3953.87455639920200000000000000000000
324.00000000	4025.00424143032300000000000000000000
326.00000000	4095.72552165743850000000000000000000
328.00000000	4161.50790729106600000000000000000000
330.00000000	4226.23835622439600000000000000000000
332.00000000	4290.64401071404800000000000000000000
334.00000000	4354.76350708394300000000000000000000
336.00000000	4418.62575800556400000000000000000000
338.00000000	4482.29023540768700000000000000000000
340.00000000	4545.78595976532000000000000000000000
342.00000000	4609.15119706209000000000000000000000
344.00000000	4672.42329846583400000000000000000000
346.00000000	4736.49656483719500000000000000000000
348.00000000	4800.75941502934600000000000000000000
350.00000000	4865.03957548009800000000000000000000
352.00000000	4929.36995978032300000000000000000000
354.00000000	4993.78191323673600000000000000000000
356.00000000	5058.30518514164900000000000000000000
358.00000000	5122.96792044475000000000000000000000
360.00000000	5187.79666606861250000000000000000000
362.00000000	5252.81638800793800000000000000000000
364.00000000	5318.05049615537250000000000000000000
366.00000000	5394.14371491228850000000000000000000
368.00000000	5475.62162736954600000000000000000000
370.00000000	5557.43835874499200000000000000000000
372.00000000	5639.61887833737800000000000000000000
374.00000000	5722.18687994027400000000000000000000
376.00000000	5805.16476985569000000000000000000000
378.00000000	5888.57366029273000000000000000000000
380.00000000	5972.43336781618000000000000000000000
382.00000000	6056.76241662198200000000000000000000
384.00000000	6141.57804648973600000000000000000000
386.00000000	6226.89622530423300000000000000000000
388.00000000	6314.63857713959000000000000000000000
390.00000000	6407.75338338241100000000000000000000
392.00000000	6501.37934740031800000000000000000000
394.00000000	6595.47546712586300000000000000000000
396.00000000	6690.06583596732100000000000000000000
398.00000000	6785.15090152273000000000000000000000
400.00000000	6880.72960306114300000000000000000000
402.00000000	6976.79944981784400000000000000000000
404.00000000	7073.35660283338200000000000000000000
406.00000000	7170.39596009827700000000000000000000
408.00000000	7267.91124481906000000000000000000000
410.00000000	7365.89509668090200000000000000000000
412.00000000	7464.33916604931350000000000000000000
414.00000000	7567.14927107551500000000000000000000
416.00000000	7677.12185430959500000000000000000000
418.00000000	7787.45975355901600000000000000000000
420.00000000	7898.14498487374400000000000000000000
422.00000000	8009.15880867481000000000000000000000
424.00000000	8120.48186999483200000000000000000000
426.00000000	8232.09434482287900000000000000000000
428.00000000	8343.97609355374500000000000000000000
430.00000000	8456.10682282937500000000000000000000
432.00000000	8568.46625741895100000000000000000000
434.00000000	8681.03432423582500000000000000000000
436.00000000	8793.79135116974400000000000000000000
438.00000000	8906.71828416608500000000000000000000
440.00000000	9019.79692697817300000000000000000000
442.00000000	9133.01020934737200000000000000000000
444.00000000	9216.41609850564400000000000000000000
446.00000000	9280.12516944961500000000000000000000
448.00000000	9343.38061461157000000000000000000000
450.00000000	9406.17206735487700000000000000000000
452.00000000	9468.49336096299900000000000000000000
454.00000000	9530.34307781109400000000000000000000
456.00000000	9591.72525293978500000000000000000000
458.00000000	9652.65029704296000000000000000000000
460.00000000	9713.13623762767400000000000000000000
462.00000000	9773.21043310318400000000000000000000
464.00000000	9832.95771108748200000000000000000000
466.00000000	9892.34110511248400000000000000000000
468.00000000	9951.48169182806100000000000000000000
470.00000000	10010.48449675718800000000000000000000
472.00000000	10069.49931298892000000000000000000000
474.00000000	10128.74854557462000000000000000000000
476.00000000	10188.58436943330500000000000000000000
478.00000000	10253.70492495173000000000000000000000
480.00000000	10324.03526767099000000000000000000000
482.00000000	10400.73470716092400000000000000000000
484.00000000	10504.18308601497800000000000000000000
486.00000000	10567.17648435221800000000000000000000
488.00000000	10624.33938954928500000000000000000000
490.00000000	10678.17964109254000000000000000000000
492.00000000	10729.40877493522600000000000000000000
494.00000000	10778.36028478793000000000000000000000
496.00000000	10825.23009591574000000000000000000000
498.00000000	10870.15135053078500000000000000000000
500.00000000	10913.22488896038700000000000000000000
502.00000000	10954.53390758176800000000000000000000
504.00000000	10994.15188442880800000000000000000000
506.00000000	11032.14728542214300000000000000000000
508.00000000	11068.58660548479000000000000000000000
510.00000000	11103.53650927064200000000000000000000
512.00000000	11137.06548501786700000000000000000000
514.00000000	11169.24525838539200000000000000000000
516.00000000	11200.15213260891100000000000000000000
518.00000000	11228.30331104696200000000000000000000
520.00000000	11254.83074527907400000000000000000000
522.00000000	11280.49689129561700000000000000000000
524.00000000	11305.41051970834300000000000000000000
526.00000000	11329.69521488028500000000000000000000
528.00000000	11353.49357853439300000000000000000000
530.00000000	11376.97391136222400000000000000000000
532.00000000	11400.34758050239200000000000000000000
534.00000000	11423.90286578785900000000000000000000
536.00000000	11448.11120220722500000000000000000000
538.00000000	11473.82410852624000000000000000000000
540.00000000	11502.38251534874900000000000000000000
542.00000000	11534.59954971873200000000000000000000
544.00000000	11566.29441547054700000000000000000000
546.00000000	11584.57352097393200000000000000000000
548.00000000	11584.79521680959600000000000000000000
550.00000000	11580.22302368180700000000000000000000
552.00000000	11584.18414738087800000000000000000000
554.00000000	11603.03671320253300000000000000000000
556.00000000	11634.27170835829200000000000000000000
558.00000000	11662.50149735731400000000000000000000
560.00000000	11670.22816845092000000000000000000000
562.00000000	11656.78963046501000000000000000000000
564.00000000	11618.22107945026400000000000000000000
566.00000000	11533.55894841296900000000000000000000
568.00000000	11446.60336258929200000000000000000000
570.00000000	11358.80719257341500000000000000000000
572.00000000	11270.71901146488700000000000000000000
574.00000000	11182.53848975262700000000000000000000
576.00000000	11094.35119642135600000000000000000000
578.00000000	11006.21511451368300000000000000000000
580.00000000	10918.17520813953700000000000000000000
582.00000000	10830.27343288980800000000000000000000
584.00000000	10742.54934413487200000000000000000000
586.00000000	10655.04019925556000000000000000000000
588.00000000	10567.78106106620900000000000000000000
590.00000000	10480.80489917641500000000000000000000
592.00000000	10394.14268773065500000000000000000000
594.00000000	10307.82349887163000000000000000000000
596.00000000	10221.87459175563900000000000000000000
598.00000000	10136.32149719625500000000000000000000
600.00000000	10051.18809813319600000000000000000000
602.00000000	9966.49670617293900000000000000000000
604.00000000	9882.26813445942000000000000000000000
606.00000000	9798.52176667486000000000000000000000
608.00000000	9715.27562512830300000000000000000000
610.00000000	9632.54643128152400000000000000000000
612.00000000	9550.34966812419200000000000000000000
614.00000000	9468.69963759908000000000000000000000
616.00000000	9387.60951603980200000000000000000000
618.00000000	9307.09140728415000000000000000000000
620.00000000	9227.41662133047600000000000000000000
622.00000000	9153.28070439139600000000000000000000
624.00000000	9079.74513010256900000000000000000000
626.00000000	9006.81183876386000000000000000000000
628.00000000	8934.48238141603500000000000000000000
630.00000000	8862.75793564695200000000000000000000
632.00000000	8791.63932130211100000000000000000000
634.00000000	8721.12701602104200000000000000000000
636.00000000	8651.22117053772100000000000000000000
638.00000000	8581.92162369619500000000000000000000
640.00000000	8513.22791714284900000000000000000000
642.00000000	8445.13930966639400000000000000000000
644.00000000	8377.65479116285000000000000000000000
646.00000000	8310.77309620971000000000000000000000
648.00000000	8244.49271723738600000000000000000000
650.00000000	8178.81191729129750000000000000000000
652.00000000	8113.72874237984000000000000000000000
654.00000000	8049.24103340759300000000000000000000
656.00000000	7985.34643769477950000000000000000000
658.00000000	7922.04242008572400000000000000000000
660.00000000	7859.32627365103400000000000000000000
662.00000000	7797.19512998929300000000000000000000
664.00000000	7735.64596913514500000000000000000000
666.00000000	7674.67562908131300000000000000000000
668.00000000	7614.28081492308800000000000000000000
670.00000000	7554.45810763397500000000000000000000
672.00000000	7495.20397248200150000000000000000000
674.00000000	7436.51476709595800000000000000000000
676.00000000	7378.38674919168500000000000000000000
678.00000000	7320.81608396800950000000000000000000
680.00000000	7263.79885118249300000000000000000000
682.00000000	7207.33105191708000000000000000000000
684.00000000	7151.40861504324900000000000000000000
686.00000000	7096.02740339702700000000000000000000
688.00000000	7041.18321967344100000000000000000000
690.00000000	6988.16519715531900000000000000000000
692.00000000	6936.45274207477200000000000000000000
694.00000000	6885.20858621575400000000000000000000
696.00000000	6834.42974061268800000000000000000000
698.00000000	6784.11314810668700000000000000000000
700.00000000	6734.25568843331800000000000000000000
702.00000000	6684.85418309056200000000000000000000
704.00000000	6635.90539999428300000000000000000000
706.00000000	6587.40605792888900000000000000000000
708.00000000	6539.35283080008700000000000000000000
710.00000000	6491.74235169687000000000000000000000
712.00000000	6444.57121676959400000000000000000000
714.00000000	6397.83598893071100000000000000000000
716.00000000	6351.53320138486650000000000000000000
718.00000000	6305.65936099434200000000000000000000
720.00000000	6260.21095148645050000000000000000000
722.00000000	6215.18443650842800000000000000000000
724.00000000	6170.55000725705700000000000000000000
726.00000000	6126.35657546033050000000000000000000
728.00000000	6082.57434192628400000000000000000000
730.00000000	6039.19971752032700000000000000000000
732.00000000	5996.22910621957800000000000000000000
734.00000000	5953.65890736957600000000000000000000
736.00000000	5911.48551782585300000000000000000000
738.00000000	5869.70533398466800000000000000000000
740.00000000	5828.31475370777300000000000000000000
742.00000000	5787.31017814524800000000000000000000
744.00000000	5746.68801346065800000000000000000000
746.00000000	5706.44467246270000000000000000000000
748.00000000	5666.57657614700500000000000000000000
750.00000000	5627.08015515206000000000000000000000
752.00000000	5587.95185113271300000000000000000000
754.00000000	5549.18811805485900000000000000000000
756.00000000	5510.78542341452500000000000000000000
758.00000000	5472.74024938490200000000000000000000
760.00000000	5435.04909389394000000000000000000000
762.00000000	5397.70847163606400000000000000000000
764.00000000	5360.71491502040100000000000000000000
766.00000000	5324.06497505875200000000000000000000
768.00000000	5287.75522219554500000000000000000000
770.00000000	5251.78224708269500000000000000000000
772.00000000	5216.14266130167400000000000000000000
774.00000000	5180.83309803515200000000000000000000
776.00000000	5146.97714047214000000000000000000000
778.00000000	5114.28820095720400000000000000000000
780.00000000	5081.87799002445200000000000000000000
782.00000000	5049.74404185541150000000000000000000
784.00000000	5017.88389936340700000000000000000000
786.00000000	4986.29511486659200000000000000000000
788.00000000	4954.97525072346700000000000000000000
790.00000000	4923.92187993242500000000000000000000
792.00000000	4893.13258669652400000000000000000000
794.00000000	4862.60496695532700000000000000000000
796.00000000	4832.33662888469300000000000000000000
798.00000000	4802.32519336619300000000000000000000
800.00000000	4772.56829442722300000000000000000000
802.00000000	4743.06357965307900000000000000000000
804.00000000	4713.80871057216100000000000000000000
806.00000000	4684.80136301544500000000000000000000
808.00000000	4656.03922745130500000000000000000000
810.00000000	4627.52000929674250000000000000000000
812.00000000	4599.24142920595700000000000000000000
814.00000000	4571.20122333742000000000000000000000
816.00000000	4543.39714360016800000000000000000000
818.00000000	4515.82695788028500000000000000000000
820.00000000	4488.48845024856300000000000000000000
822.00000000	4461.37942115004200000000000000000000
824.00000000	4434.49768757622700000000000000000000
826.00000000	4407.84108322083400000000000000000000
828.00000000	4381.40745861979400000000000000000000
830.00000000	4355.19468127616500000000000000000000
832.00000000	4329.20063577065000000000000000000000
834.00000000	4303.42322385857100000000000000000000
836.00000000	4277.86036455353600000000000000000000
838.00000000	4252.50999419885200000000000000000000
840.00000000	4227.37006652696600000000000000000000
842.00000000	4202.43855270760200000000000000000000
844.00000000	4177.71344138518900000000000000000000
846.00000000	4153.19273870600100000000000000000000
848.00000000	4128.87446833551100000000000000000000
850.00000000	4104.75667146658450000000000000000000
852.00000000	4080.83740681871270000000000000000000
854.00000000	4057.11475062910950000000000000000000
856.00000000	4033.58679663556500000000000000000000
858.00000000	4010.25165605207260000000000000000000
860.00000000	3987.10745753706800000000000000000000
862.00000000	3964.15234715507360000000000000000000
864.00000000	3941.38448833181930000000000000000000
866.00000000	3918.80206180336000000000000000000000
868.00000000	3896.40326555948100000000000000000000
870.00000000	3874.18631478154800000000000000000000
872.00000000	3852.14944177545100000000000000000000
874.00000000	3830.29089589960700000000000000000000
876.00000000	3808.60894348833700000000000000000000
878.00000000	3787.10186777123300000000000000000000
880.00000000	3765.76796878820200000000000000000000
882.00000000	3744.60556330093100000000000000000000
884.00000000	3723.61298470075370000000000000000000
886.00000000	3702.44526250087400000000000000000000
888.00000000	3680.20229908128900000000000000000000
890.00000000	3658.15197509682960000000000000000000
892.00000000	3636.29217127906200000000000000000000
894.00000000	3614.62079578472300000000000000000000
896.00000000	3593.13578380450370000000000000000000
898.00000000	3571.83509717726900000000000000000000
900.00000000	3550.71672401007440000000000000000000
902.00000000	3529.77867830353530000000000000000000
904.00000000	3509.01899958278550000000000000000000
906.00000000	3488.43575253369300000000000000000000
908.00000000	3468.02702664449230000000000000000000
910.00000000	3447.79093585261000000000000000000000
912.00000000	3427.72561819670800000000000000000000
914.00000000	3407.82923547381500000000000000000000
916.00000000	3388.09997290155070000000000000000000
918.00000000	3368.53603878526970000000000000000000
920.00000000	3349.13566419022250000000000000000000
922.00000000	3329.89710261842630000000000000000000
924.00000000	3310.81862969050230000000000000000000
926.00000000	3291.89854283208520000000000000000000
928.00000000	3273.13516096496050000000000000000000
930.00000000	3254.52682420280370000000000000000000
932.00000000	3236.07189355141600000000000000000000
934.00000000	3217.76875061347500000000000000000000
936.00000000	3199.61579729758750000000000000000000
938.00000000	3181.61145553186900000000000000000000
940.00000000	3163.75416698160050000000000000000000
942.00000000	3146.04239277127640000000000000000000
944.00000000	3128.47461321065660000000000000000000
946.00000000	3111.04932752509600000000000000000000
948.00000000	3093.76505358974000000000000000000000
950.00000000	3076.62032766782480000000000000000000
952.00000000	3059.61370415283800000000000000000000
954.00000000	3042.74375531458200000000000000000000
956.00000000	3026.00907104903850000000000000000000
958.00000000	3009.40825863196820000000000000000000
960.00000000	2992.93994247620400000000000000000000
962.00000000	2976.60276389263160000000000000000000
964.00000000	2960.39538085474850000000000000000000
966.00000000	2944.31646776668230000000000000000000
968.00000000	2928.36471523481300000000000000000000
970.00000000	2912.53882984272060000000000000000000
972.00000000	2896.83753392955300000000000000000000
974.00000000	2881.25956537177630000000000000000000
976.00000000	2865.80367736805060000000000000000000
978.00000000	2850.46863822751130000000000000000000
980.00000000	2835.25323116111600000000000000000000
982.00000000	2820.15625407611150000000000000000000
984.00000000	2805.17651937369200000000000000000000
986.00000000	2790.31285374955720000000000000000000
988.00000000	2775.56409799754370000000000000000000
990.00000000	2760.92910681618150000000000000000000
992.00000000	2746.40674861811200000000000000000000
994.00000000	2731.99590534241770000000000000000000
996.00000000	2717.69547226971640000000000000000000
998.00000000	2703.50435784001270000000000000000000
1000.00000000	2689.42148347330000000000000000000000
1002.00000000	2675.44578339286500000000000000000000
1004.00000000	2661.57620445112430000000000000000000
1006.00000000	2647.81170595819960000000000000000000
1008.00000000	2634.15125951296200000000000000000000
1010.00000000	2620.59384883655960000000000000000000
1012.00000000	2607.13846960856060000000000000000000
1014.00000000	2593.78412930536930000000000000000000
1016.00000000	2580.52984704118940000000000000000000
1018.00000000	2567.37465341123700000000000000000000
1020.00000000	2554.31759033735600000000000000000000
1022.00000000	2541.35771091588870000000000000000000
1024.00000000	2528.49407926779500000000000000000000
1026.00000000	2515.72577039103400000000000000000000
1028.00000000	2503.05187001507330000000000000000000
1030.00000000	2490.47147445760450000000000000000000
1032.00000000	2477.98369048333200000000000000000000
1034.00000000	2465.58034703036400000000000000000000
1036.00000000	2453.25499030678430000000000000000000
1038.00000000	2441.01594219782300000000000000000000
1040.00000000	2428.86244603949850000000000000000000
1042.00000000	2416.79375302235760000000000000000000
1044.00000000	2404.80912209726560000000000000000000
1046.00000000	2392.90781988256870000000000000000000
1048.00000000	2381.08912057255600000000000000000000
1050.00000000	2369.35230584711200000000000000000000
1052.00000000	2357.69666478264600000000000000000000
1054.00000000	2346.12149376426940000000000000000000
1056.00000000	2334.62609639911850000000000000000000
1058.00000000	2323.20978343091700000000000000000000
1060.00000000	2311.87187265563440000000000000000000
1062.00000000	2300.61168883835800000000000000000000
1064.00000000	2289.42856363125700000000000000000000
1066.00000000	2278.32183549263570000000000000000000
1068.00000000	2267.29084960709500000000000000000000
1070.00000000	2256.33495780681100000000000000000000
1072.00000000	2245.45351849380180000000000000000000
1074.00000000	2234.64589656325460000000000000000000
1076.00000000	2223.91146332790800000000000000000000
1078.00000000	2213.24959644341200000000000000000000
1080.00000000	2202.65967983467700000000000000000000
1082.00000000	2192.14110362323940000000000000000000
1084.00000000	2181.69326405554470000000000000000000
1086.00000000	2171.31556343217430000000000000000000
1088.00000000	2161.00741003808800000000000000000000
1090.00000000	2150.76821807363880000000000000000000
1092.00000000	2140.59740758668700000000000000000000
1094.00000000	2130.49440440536600000000000000000000
1096.00000000	2120.45864007196400000000000000000000
1098.00000000	2110.48955177752440000000000000000000
1100.00000000	2100.58658229731330000000000000000000
1102.00000000	2090.74917992718000000000000000000000
1104.00000000	2080.97679842069800000000000000000000
1106.00000000	2071.26889692714100000000000000000000
1108.00000000	2061.62493993021700000000000000000000
1110.00000000	2052.04439718769850000000000000000000
1112.00000000	2042.52674367168400000000000000000000
1114.00000000	2033.07145950975250000000000000000000
1116.00000000	2023.67802992680230000000000000000000
1118.00000000	2014.34594518765810000000000000000000
1120.00000000	2005.07470054042480000000000000000000
1122.00000000	1995.86379616050570000000000000000000
1124.00000000	1986.71273709542420000000000000000000
1126.00000000	1977.62103321025690000000000000000000
1128.00000000	1968.58819913383580000000000000000000
1130.00000000	1959.61375420555370000000000000000000
1132.00000000	1950.69722242292100000000000000000000
1134.00000000	1941.83813238972500000000000000000000
1136.00000000	1933.03601726487480000000000000000000
1138.00000000	1924.29041471186770000000000000000000
1140.00000000	1915.60086684889120000000000000000000
1142.00000000	1906.96692019959300000000000000000000
1144.00000000	1898.38812564439400000000000000000000
1146.00000000	1889.86403837247640000000000000000000
1148.00000000	1881.39421783433110000000000000000000
1150.00000000	1872.97822769488330000000000000000000
1152.00000000	1864.61563578725550000000000000000000
1154.00000000	1856.30601406707160000000000000000000
1156.00000000	1848.04893856730930000000000000000000
1158.00000000	1839.84398935372360000000000000000000
1160.00000000	1831.69075048083760000000000000000000
1162.00000000	1823.58880994846190000000000000000000
1164.00000000	1815.53775965875120000000000000000000
1166.00000000	1807.53719537376360000000000000000000
1168.00000000	1799.58671667360480000000000000000000
1170.00000000	1791.68592691500380000000000000000000
1172.00000000	1783.83443319044640000000000000000000
1174.00000000	1776.03184628779900000000000000000000
1176.00000000	1768.27778065044500000000000000000000
1178.00000000	1760.57185433782140000000000000000000
1180.00000000	1752.91368898655100000000000000000000
1182.00000000	1745.30290977195000000000000000000000
1184.00000000	1737.73914537007100000000000000000000
1186.00000000	1730.22202792018800000000000000000000
1188.00000000	1722.75119298764800000000000000000000
1190.00000000	1715.32627952734150000000000000000000
1192.00000000	1707.94692984743980000000000000000000
1194.00000000	1700.61278957367560000000000000000000
1196.00000000	1693.32350761404700000000000000000000
1198.00000000	1686.07873612384630000000000000000000
1200.00000000	1678.87813047125770000000000000000000
1202.00000000	1671.72134920322360000000000000000000
1204.00000000	1664.60805401181570000000000000000000
1206.00000000	1657.53790970099040000000000000000000
1208.00000000	1650.51058415366900000000000000000000
1210.00000000	1643.52574829930400000000000000000000
1212.00000000	1636.58307608177070000000000000000000
1214.00000000	1629.68224442766450000000000000000000
1216.00000000	1622.82293321497010000000000000000000
1218.00000000	1616.00482524207810000000000000000000
1220.00000000	1609.22760619719840000000000000000000
1222.00000000	1602.49096462812870000000000000000000
1224.00000000	1595.79459191234300000000000000000000
1226.00000000	1589.12563082841760000000000000000000
1228.00000000	1582.50893496910890000000000000000000
1230.00000000	1575.93159844405140000000000000000000
1232.00000000	1569.39332366034200000000000000000000
1234.00000000	1562.89381571047500000000000000000000
1236.00000000	1556.43278234457940000000000000000000
1238.00000000	1550.00993394278770000000000000000000
1240.00000000	1543.64728806910720000000000000000000
1242.00000000	1537.52023456860230000000000000000000
1244.00000000	1531.42554288982230000000000000000000
1246.00000000	1525.36300813301480000000000000000000
1248.00000000	1519.33242688337260000000000000000000
1250.00000000	1513.33359719860460000000000000000000
1252.00000000	1507.36631859669680000000000000000000
1254.00000000	1501.43039204377420000000000000000000
1256.00000000	1495.52561994208080000000000000000000
1258.00000000	1489.65180611803480000000000000000000
1260.00000000	1483.80875581056100000000000000000000
1262.00000000	1477.99627565937300000000000000000000
1264.00000000	1472.21417369342020000000000000000000
1266.00000000	1466.46225931954800000000000000000000
1268.00000000	1460.74034331114940000000000000000000
1270.00000000	1455.04823779696860000000000000000000
1272.00000000	1449.38575625005430000000000000000000
1274.00000000	1443.75271347679500000000000000000000
1276.00000000	1438.14892560604970000000000000000000
1278.00000000	1432.57421007839410000000000000000000
1280.00000000	1427.02838563552800000000000000000000
1282.00000000	1421.51127230965970000000000000000000
1284.00000000	1416.02269141314220000000000000000000
1286.00000000	1410.56246552811200000000000000000000
1288.00000000	1405.13041849624690000000000000000000
1290.00000000	1399.72637540866320000000000000000000
1292.00000000	1394.35016259586250000000000000000000
1294.00000000	1389.00160761778580000000000000000000
1296.00000000	1383.68053925399160000000000000000000
1298.00000000	1378.38678749390650000000000000000000
1300.00000000	1373.12018352714270000000000000000000
1302.00000000	1367.88055973395970000000000000000000
1304.00000000	1362.66774967580110000000000000000000
1306.00000000	1357.48158808586700000000000000000000
1308.00000000	1352.32191085986870000000000000000000
1310.00000000	1347.18855504678340000000000000000000
1312.00000000	1342.08135883974550000000000000000000
1314.00000000	1337.00016156702080000000000000000000
1316.00000000	1331.94480368302600000000000000000000
1318.00000000	1326.91512675949050000000000000000000
1320.00000000	1321.91097347664500000000000000000000
1322.00000000	1316.93218761450980000000000000000000
1324.00000000	1311.97861404430600000000000000000000
1326.00000000	1307.05009871985570000000000000000000
1328.00000000	1302.14648866913720000000000000000000
1330.00000000	1297.26763198590240000000000000000000
1332.00000000	1292.41337782133400000000000000000000
1334.00000000	1287.58357637582500000000000000000000
1336.00000000	1282.77807889080260000000000000000000
1338.00000000	1277.99673764063400000000000000000000
1340.00000000	1273.23940592461210000000000000000000
1342.00000000	1268.50593805899940000000000000000000
1344.00000000	1263.79618936914600000000000000000000
1346.00000000	1259.11001618169400000000000000000000
1348.00000000	1254.44727581683010000000000000000000
1350.00000000	1249.80782658063050000000000000000000
1352.00000000	1245.19152775743760000000000000000000
1354.00000000	1240.59823960233420000000000000000000
1356.00000000	1236.02782333369150000000000000000000
1358.00000000	1231.48014112573700000000000000000000
1360.00000000	1226.95505610123400000000000000000000
1362.00000000	1222.45243232422670000000000000000000
1364.00000000	1217.97213479278840000000000000000000
1366.00000000	1213.51402943190700000000000000000000
1368.00000000	1209.07798308638980000000000000000000
1370.00000000	1204.66386351383930000000000000000000
1372.00000000	1200.27153937768500000000000000000000
1374.00000000	1195.90088024030400000000000000000000
1376.00000000	1191.55175655614700000000000000000000
1378.00000000	1187.29318310996840000000000000000000
1380.00000000	1183.29457805119250000000000000000000
1382.00000000	1179.31174322289080000000000000000000
1384.00000000	1175.34461152062270000000000000000000
1386.00000000	1171.39311616175860000000000000000000
1388.00000000	1167.45719068305130000000000000000000
1390.00000000	1163.53676893820240000000000000000000
1392.00000000	1159.63178509554590000000000000000000
1394.00000000	1155.74217363564640000000000000000000
1396.00000000	1151.86786934905150000000000000000000
1398.00000000	1148.00880733400700000000000000000000
1400.00000000	1144.16492299422340000000000000000000
1402.00000000	1140.33615203665250000000000000000000
1404.00000000	1136.52243046935040000000000000000000
1406.00000000	1132.72369459930880000000000000000000
1408.00000000	1128.93988103033400000000000000000000
1410.00000000	1125.17092666100760000000000000000000
1412.00000000	1121.41676868257220000000000000000000
1414.00000000	1117.67734457694930000000000000000000
1416.00000000	1113.95259211473760000000000000000000
1418.00000000	1110.24244935321300000000000000000000
1420.00000000	1106.54685463440360000000000000000000
1422.00000000	1102.86574658318950000000000000000000
1424.00000000	1099.19906410538330000000000000000000
1426.00000000	1095.54674638584950000000000000000000
1428.00000000	1091.90873288672400000000000000000000
1430.00000000	1088.28496334552640000000000000000000
1432.00000000	1084.67537777340250000000000000000000
1434.00000000	1081.07991645336500000000000000000000
1436.00000000	1077.49851993851850000000000000000000
1438.00000000	1073.93112905034290000000000000000000
1440.00000000	1070.37768487700740000000000000000000
1442.00000000	1066.83812877167470000000000000000000
1444.00000000	1063.31240235083650000000000000000000
1446.00000000	1059.80044749270970000000000000000000
1448.00000000	1056.30220633557520000000000000000000
1450.00000000	1052.81762127621200000000000000000000
1452.00000000	1049.34663496830880000000000000000000
1454.00000000	1045.88919032090350000000000000000000
1456.00000000	1042.44523049686450000000000000000000
1458.00000000	1039.01469891134800000000000000000000
1460.00000000	1035.59753923031550000000000000000000
1462.00000000	1032.19369536902650000000000000000000
1464.00000000	1028.80311149062850000000000000000000
1466.00000000	1025.42573200463630000000000000000000
1468.00000000	1022.06150156556980000000000000000000
1470.00000000	1018.71036507147450000000000000000000
1472.00000000	1015.37226766261230000000000000000000
1474.00000000	1012.04715471999030000000000000000000
1476.00000000	1008.73497186405470000000000000000000
1478.00000000	1005.43566495332930000000000000000000
1480.00000000	1002.14918008308000000000000000000000
1482.00000000	998.87546358398920000000000000000000
1484.00000000	995.61446202087230000000000000000000
1486.00000000	992.36612219137240000000000000000000
1488.00000000	989.13039112470160000000000000000000
1490.00000000	985.90721608035720000000000000000000
1492.00000000	982.69654454689840000000000000000000
1494.00000000	979.49832424072180000000000000000000
1496.00000000	976.31250310480450000000000000000000
1498.00000000	973.13902930753370000000000000000000
1500.00000000	969.97785124149680000000000000000000
1502.00000000	966.82891752231680000000000000000000
1504.00000000	963.69217698745420000000000000000000
1506.00000000	960.56757869508250000000000000000000
1508.00000000	957.45507192292050000000000000000000
1510.00000000	954.35460616712180000000000000000000
1512.00000000	951.26613114114100000000000000000000
1514.00000000	948.18959677461070000000000000000000
1516.00000000	945.12495321228600000000000000000000
1518.00000000	942.07215081288370000000000000000000
1520.00000000	939.03114014811360000000000000000000
1522.00000000	936.00187200149300000000000000000000
1524.00000000	932.98429736736950000000000000000000
1526.00000000	929.97836744986000000000000000000000
1528.00000000	926.98403366179670000000000000000000
1530.00000000	924.00124762371140000000000000000000
1532.00000000	921.02996116281700000000000000000000
1534.00000000	918.07012631201220000000000000000000
1536.00000000	915.12169530887180000000000000000000
1538.00000000	912.18462059464660000000000000000000
1540.00000000	909.25885481330810000000000000000000
1542.00000000	906.34435081057100000000000000000000
1544.00000000	903.44106163291000000000000000000000
1546.00000000	900.54894052664790000000000000000000
1548.00000000	897.66794093695020000000000000000000
1550.00000000	894.78086345537930000000000000000000
1552.00000000	891.78211757609720000000000000000000
1554.00000000	888.78972849086300000000000000000000
1556.00000000	885.80370984816880000000000000000000
1558.00000000	882.82407516394790000000000000000000
1560.00000000	879.85083781958870000000000000000000
1562.00000000	876.88401106001080000000000000000000
1564.00000000	873.92360799177220000000000000000000
1566.00000000	870.96964158123580000000000000000000
1568.00000000	868.02212465277650000000000000000000
1570.00000000	865.08106988700500000000000000000000
1572.00000000	862.14648981909480000000000000000000
1574.00000000	859.21839683707720000000000000000000
1576.00000000	856.29680318024000000000000000000000
1578.00000000	853.38172093756930000000000000000000
1580.00000000	850.47316204616540000000000000000000
1582.00000000	847.57113828978140000000000000000000
1584.00000000	844.67566129736410000000000000000000
1586.00000000	841.78674254162720000000000000000000
1588.00000000	838.90439328200770000000000000000000
1590.00000000	836.02862478675080000000000000000000
1592.00000000	833.15944799555090000000000000000000
1594.00000000	830.29687374297080000000000000000000
1596.00000000	827.44091270092370000000000000000000
1598.00000000	824.59157537750390000000000000000000
1600.00000000	821.74887211584120000000000000000000
1602.00000000	818.91281309304410000000000000000000
1604.00000000	816.08340831911940000000000000000000
1606.00000000	813.26066763599800000000000000000000
1608.00000000	810.44460071651830000000000000000000
1610.00000000	807.63521706353190000000000000000000
1612.00000000	804.83252600898330000000000000000000
1614.00000000	802.03653671306320000000000000000000
1616.00000000	799.24725816338730000000000000000000
1618.00000000	796.46469917418690000000000000000000
1620.00000000	793.68886838559270000000000000000000
1622.00000000	790.91977426289710000000000000000000
1624.00000000	788.15742509589460000000000000000000
1626.00000000	785.40182899821450000000000000000000
1628.00000000	782.65299390673410000000000000000000
1630.00000000	779.91092758099940000000000000000000
1632.00000000	777.17563760267900000000000000000000
1634.00000000	774.44713137506470000000000000000000
1636.00000000	771.72541612259610000000000000000000
1638.00000000	769.01049889041770000000000000000000
1640.00000000	766.30238654398980000000000000000000
1642.00000000	763.60108576868320000000000000000000
1644.00000000	760.90660306946240000000000000000000
1646.00000000	758.21894477056580000000000000000000
1648.00000000	755.53811701521820000000000000000000
1650.00000000	752.86412576540100000000000000000000
1652.00000000	750.19697680161930000000000000000000
1654.00000000	747.53667572271010000000000000000000
1656.00000000	744.88322794568760000000000000000000
1658.00000000	742.23663870562510000000000000000000
1660.00000000	739.59691305555100000000000000000000
1662.00000000	736.96405586636440000000000000000000
1664.00000000	734.33807182678940000000000000000000
1666.00000000	731.71896544338430000000000000000000
1668.00000000	729.10674104054780000000000000000000
1670.00000000	726.50140276053400000000000000000000
1672.00000000	723.90295456353920000000000000000000
1674.00000000	721.31140022779930000000000000000000
1676.00000000	718.72674334969090000000000000000000
1678.00000000	716.14898734388570000000000000000000
1680.00000000	713.57813544352780000000000000000000
1682.00000000	711.01419070041810000000000000000000
1684.00000000	708.45715598523090000000000000000000
1686.00000000	705.90703398776180000000000000000000
1688.00000000	703.36382721722290000000000000000000
1690.00000000	700.82753800246750000000000000000000
1692.00000000	698.29816849237470000000000000000000
1694.00000000	695.77572065615270000000000000000000
1696.00000000	693.26019628369590000000000000000000
1698.00000000	690.75159698597510000000000000000000
1700.00000000	688.24992419545370000000000000000000
1702.00000000	685.75517916648900000000000000000000
1704.00000000	683.26736297578730000000000000000000
1706.00000000	680.78647652287080000000000000000000
1708.00000000	678.31252053058010000000000000000000
1710.00000000	675.84549554554310000000000000000000
1712.00000000	673.38540193875550000000000000000000
1714.00000000	670.93223990607430000000000000000000
1716.00000000	668.48600946880890000000000000000000
1718.00000000	666.04671047431200000000000000000000
1720.00000000	663.61434259655270000000000000000000
1722.00000000	661.18890533678270000000000000000000
1724.00000000	658.77039802410880000000000000000000
1726.00000000	656.35881981621090000000000000000000
1728.00000000	653.95416969997440000000000000000000
1730.00000000	651.55644649218200000000000000000000
1732.00000000	649.16564884025070000000000000000000
1734.00000000	646.78177522289460000000000000000000
1736.00000000	644.40482395090680000000000000000000
1738.00000000	642.03479316790540000000000000000000
1740.00000000	639.67168085106730000000000000000000
1742.00000000	637.31548481193840000000000000000000
1744.00000000	634.96620269723660000000000000000000
1746.00000000	632.62383198961020000000000000000000
1748.00000000	630.28837000851910000000000000000000
1750.00000000	627.95981391102460000000000000000000
1752.00000000	625.63816069267270000000000000000000
1754.00000000	623.32340718834600000000000000000000
1756.00000000	621.01555007309810000000000000000000
1758.00000000	618.71458586309760000000000000000000
1760.00000000	616.42051091648450000000000000000000
1762.00000000	614.13332143431020000000000000000000
1764.00000000	611.85301346141230000000000000000000
1766.00000000	609.57958288740340000000000000000000
1768.00000000	607.31302544755870000000000000000000
1770.00000000	605.05333672380150000000000000000000
1772.00000000	603.03373440429160000000000000000000
1774.00000000	601.32926472857310000000000000000000
1776.00000000	599.62788430831940000000000000000000
1778.00000000	597.92959191721120000000000000000000
1780.00000000	596.23438634782660000000000000000000
1782.00000000	594.54226641113600000000000000000000
1784.00000000	592.85323093589770000000000000000000
1786.00000000	591.16727876816580000000000000000000
1788.00000000	589.48440877073070000000000000000000
1790.00000000	587.80461982258360000000000000000000
1792.00000000	586.12791081841240000000000000000000
1794.00000000	584.45428066805300000000000000000000
1796.00000000	582.78372829598190000000000000000000
1798.00000000	581.11625264082800000000000000000000
1800.00000000	579.45185265481400000000000000000000
1802.00000000	577.79052730331300000000000000000000
1804.00000000	576.13227556430970000000000000000000
1806.00000000	574.47709642793220000000000000000000
1808.00000000	572.82498889595980000000000000000000
1810.00000000	571.17595198131600000000000000000000
1812.00000000	569.52998470763380000000000000000000
1814.00000000	567.88708610873950000000000000000000
1816.00000000	566.24725522823200000000000000000000
1818.00000000	564.61049111896450000000000000000000
1820.00000000	562.97679284264010000000000000000000
1822.00000000	561.34615946930330000000000000000000
1824.00000000	559.71859007696070000000000000000000
1826.00000000	558.09408375104600000000000000000000
1828.00000000	556.47263958407500000000000000000000
1830.00000000	554.85425667513520000000000000000000
1832.00000000	553.23893412949090000000000000000000
1834.00000000	551.62667105816080000000000000000000
1836.00000000	550.01746657747750000000000000000000
1838.00000000	548.41131980867690000000000000000000
1840.00000000	546.80822987749470000000000000000000
1842.00000000	545.20819591374850000000000000000000
1844.00000000	543.61121705094670000000000000000000
1846.00000000	542.01729242586700000000000000000000
1848.00000000	540.42642117817210000000000000000000
1850.00000000	538.83860245003630000000000000000000
1852.00000000	537.25383538574350000000000000000000
1854.00000000	535.67211913130290000000000000000000
1856.00000000	534.09345283407250000000000000000000
1858.00000000	532.51783564239860000000000000000000
1860.00000000	530.94526670523710000000000000000000
1862.00000000	529.37574517180970000000000000000000
1864.00000000	527.80927019118140000000000000000000
1866.00000000	526.24584091199530000000000000000000
1868.00000000	524.68545648205920000000000000000000
1870.00000000	523.12811604800640000000000000000000
1872.00000000	521.57381875497400000000000000000000
1874.00000000	520.02256374624560000000000000000000
1876.00000000	518.47435016291520000000000000000000
1878.00000000	516.92917714359020000000000000000000
1880.00000000	515.38704382401350000000000000000000
1882.00000000	513.84794933677980000000000000000000
1884.00000000	512.31189281099580000000000000000000
1886.00000000	510.77887337198644000000000000000000
1888.00000000	509.24889014096710000000000000000000
1890.00000000	507.72194223474540000000000000000000
1892.00000000	506.19802876540865000000000000000000
1894.00000000	504.67714884006085000000000000000000
1896.00000000	503.15930156046650000000000000000000
1898.00000000	501.64448602283170000000000000000000
1900.00000000	500.13270131745855000000000000000000
1902.00000000	498.62394652850804000000000000000000
1904.00000000	497.11822073367887000000000000000000
1906.00000000	495.61552300397740000000000000000000
1908.00000000	494.11585240340736000000000000000000
1910.00000000	492.61920798872950000000000000000000
1912.00000000	491.12558880919050000000000000000000
1914.00000000	489.63499390625475000000000000000000
1916.00000000	488.14742231336380000000000000000000
1918.00000000	486.66287305569080000000000000000000
1920.00000000	485.18134514983853000000000000000000
1922.00000000	483.70283760367363000000000000000000
1924.00000000	482.22734941603950000000000000000000
1926.00000000	480.75487957651296000000000000000000
1928.00000000	479.28542706521046000000000000000000
1930.00000000	477.81899085251050000000000000000000
1932.00000000	476.35556989886130000000000000000000
1934.00000000	474.89516315454600000000000000000000
1936.00000000	473.43776955946845000000000000000000
1938.00000000	471.98338804292850000000000000000000
1940.00000000	470.53201752342280000000000000000000
1942.00000000	469.08365690841370000000000000000000
1944.00000000	467.63830509415544000000000000000000
1946.00000000	466.19596096548327000000000000000000
1948.00000000	464.75662339558056000000000000000000
1950.00000000	463.32029124583977000000000000000000
1952.00000000	461.88696336563400000000000000000000
1954.00000000	460.45663859213937000000000000000000
1956.00000000	459.02931575014090000000000000000000
1958.00000000	457.60499365187576000000000000000000
1960.00000000	456.18367109683160000000000000000000
1962.00000000	454.76534687157800000000000000000000
1964.00000000	453.35001974960113000000000000000000
1966.00000000	451.93768849113170000000000000000000
1968.00000000	450.52835184297920000000000000000000
1970.00000000	449.12200853837135000000000000000000
1972.00000000	447.71865729678680000000000000000000
1974.00000000	446.31829682381505000000000000000000
1976.00000000	444.92092581099797000000000000000000
1978.00000000	443.52654293567250000000000000000000
1980.00000000	442.13514686085017000000000000000000
1982.00000000	440.74673623501630000000000000000000
1984.00000000	439.36130969208530000000000000000000
1986.00000000	437.97886585114725000000000000000000
1988.00000000	436.59940331645396000000000000000000
1990.00000000	435.22292067717210000000000000000000
1992.00000000	433.84941650735690000000000000000000
1994.00000000	432.47888936575960000000000000000000
1996.00000000	431.11133779573170000000000000000000
1998.00000000	429.74676032510274000000000000000000
2000.00000000	428.38515546606550000000000000000000
