100.00000000	452.06782695089210000000000000000000
102.00000000	554.39303914112720000000000000000000
104.00000000	644.78023103082170000000000000000000
106.00000000	724.79243277030920000000000000000000
108.00000000	795.79028096139330000000000000000000
110.00000000	858.95353734235430000000000000000000
112.00000000	915.24302716803700000000000000000000
114.00000000	965.65839496242590000000000000000000
116.00000000	1010.90465286034710000000000000000000
118.00000000	1051.64114396632980000000000000000000
120.00000000	1088.43868368362020000000000000000000
122.00000000	1121.79207157341900000000000000000000
124.00000000	1152.13077512230000000000000000000000
126.00000000	1179.82799963899470000000000000000000
128.00000000	1205.20835971866200000000000000000000
130.00000000	1228.55435509823840000000000000000000
132.00000000	1250.11183428603270000000000000000000
134.00000000	1270.09460733684050000000000000000000
136.00000000	1288.68834705799740000000000000000000
138.00000000	1306.05389716021430000000000000000000
140.00000000	1322.33008710663510000000000000000000
142.00000000	1337.63613693787530000000000000000000
144.00000000	1352.07372117968750000000000000000000
146.00000000	1365.72874894824620000000000000000000
148.00000000	1378.62011579567730000000000000000000
150.00000000	1390.91200241706090000000000000000000
152.00000000	1402.59896196075900000000000000000000
154.00000000	1413.71745091216050000000000000000000
156.00000000	1424.29419315207630000000000000000000
158.00000000	1434.34700467052580000000000000000000
160.00000000	1443.88553542480100000000000000000000
162.00000000	1452.91194181910420000000000000000000
164.00000000	1461.42150153425400000000000000000000
166.00000000	1469.40318110273500000000000000000000
168.00000000	1476.84016564799750000000000000000000
170.00000000	1483.71035954621150000000000000000000
172.00000000	1489.98686639554580000000000000000000
174.00000000	1495.63845657626530000000000000000000
176.00000000	1500.63003084695880000000000000000000
178.00000000	1504.92308884910800000000000000000000
180.00000000	1508.47621209153160000000000000000000
182.00000000	1511.20690975142270000000000000000000
184.00000000	1513.14691879903300000000000000000000
186.00000000	1514.21053417618490000000000000000000
188.00000000	1514.35018571494600000000000000000000
190.00000000	1513.51843966906300000000000000000000
192.00000000	1511.66884849084500000000000000000000
194.00000000	1508.75692981607650000000000000000000
196.00000000	1504.74130336358370000000000000000000
198.00000000	1499.58501957669110000000000000000000
200.00000000	1493.25712003690930000000000000000000
202.00000000	1485.73447726407860000000000000000000
204.00000000	1477.00397090491950000000000000000000
206.00000000	1467.06506911359590000000000000000000
208.00000000	1455.93289903761890000000000000000000
210.00000000	1443.64191006621900000000000000000000
212.00000000	1430.22570456926800000000000000000000
214.00000000	1415.82108660657720000000000000000000
216.00000000	1400.52549042019590000000000000000000
218.00000000	1384.50455235323920000000000000000000
220.00000000	1367.97659474470700000000000000000000
222.00000000	1351.22449637786300000000000000000000
224.00000000	1334.61063335473890000000000000000000
226.00000000	1318.59595471187370000000000000000000
228.00000000	1303.76470136054500000000000000000000
230.00000000	1290.85688639576670000000000000000000
232.00000000	1280.81142592704400000000000000000000
234.00000000	1274.82360643020200000000000000000000
236.00000000	1274.42087941333400000000000000000000
238.00000000	1281.55928899604800000000000000000000
240.00000000	1298.73539561334630000000000000000000
242.00000000	1329.07604820245680000000000000000000
244.00000000	1376.39567384106250000000000000000000
246.00000000	1444.88515418814340000000000000000000
248.00000000	1538.38666188585350000000000000000000
250.00000000	1658.90530758643350000000000000000000
252.00000000	1804.92369451462040000000000000000000
254.00000000	1971.18063837927120000000000000000000
256.00000000	2151.35581676280940000000000000000000
258.00000000	2341.78540809154500000000000000000000
260.00000000	2542.02849608470400000000000000000000
262.00000000	2751.72120037535750000000000000000000
264.00000000	2967.70188133880000000000000000000000
266.00000000	3184.33905537595700000000000000000000
268.00000000	3395.98615425695970000000000000000000
270.00000000	3598.98910332529930000000000000000000
272.00000000	3792.00659157852200000000000000000000
274.00000000	3975.37380917277550000000000000000000
276.00000000	4150.24780484993150000000000000000000
278.00000000	4317.98549167670000000000000000000000
280.00000000	4479.79276633669900000000000000000000
282.00000000	4636.57639852482000000000000000000000
284.00000000	4788.92333996421000000000000000000000
286.00000000	4937.14834512414100000000000000000000
288.00000000	5081.36851811378900000000000000000000
290.00000000	5221.57921006242900000000000000000000
292.00000000	5357.71817586136400000000000000000000
294.00000000	5489.71339160604400000000000000000000
296.00000000	5617.50768868942700000000000000000000
298.00000000	5741.10493966978700000000000000000000
300.00000000	5860.53730222684950000000000000000000
302.00000000	5975.89287981231500000000000000000000
304.00000000	6087.30560526039900000000000000000000
306.00000000	6194.94907833322000000000000000000000
308.00000000	6299.02921692839600000000000000000000
310.00000000	6399.77666871736300000000000000000000
312.00000000	6497.43957779227200000000000000000000
314.00000000	6592.27704469800400000000000000000000
316.00000000	6684.55344062436300000000000000000000
318.00000000	6774.53361946232400000000000000000000
320.00000000	6862.47899884407900000000000000000000
322.00000000	6948.64444008567300000000000000000000
324.00000000	7033.27583699722100000000000000000000
326.00000000	7116.60831730435200000000000000000000
328.00000000	7198.86496256387700000000000000000000
330.00000000	7280.25595925604000000000000000000000
332.00000000	7360.97810274744200000000000000000000
334.00000000	7441.21458550282750000000000000000000
336.00000000	7521.11076459638100000000000000000000
338.00000000	7600.87034101115750000000000000000000
340.00000000	7680.61319341493600000000000000000000
342.00000000	7760.46977674547300000000000000000000
344.00000000	7840.55836369564200000000000000000000
346.00000000	7920.98557024912700000000000000000000
348.00000000	8001.84690367861300000000000000000000
350.00000000	8083.22731711193600000000000000000000
352.00000000	8165.20175823270300000000000000000000
354.00000000	8247.83570269614000000000000000000000
356.00000000	8331.18566545290400000000000000000000
358.00000000	8415.29968541656300000000000000000000
360.00000000	8500.21778080904400000000000000000000
362.00000000	8585.97237409544300000000000000000000
364.00000000	8672.58868669572800000000000000000000
366.00000000	8760.08510465916300000000000000000000
368.00000000	8848.47351723326000000000000000000000
370.00000000	8937.75963077942700000000000000000000
372.00000000	9027.94326081292000000000000000000000
374.00000000	9119.01860510478400000000000000000000
376.00000000	9210.97450080885800000000000000000000
378.00000000	9303.79466849713400000000000000000000
380.00000000	9397.45794582802600000000000000000000
382.00000000	9491.93851335936800000000000000000000
384.00000000	9587.20611477130800000000000000000000
386.00000000	9683.22627350209800000000000000000000
388.00000000	9779.96050753476300000000000000000000
390.00000000	9877.36654381662800000000000000000000
392.00000000	9975.44532336584000000000000000000000
394.00000000	10074.05464804057700000000000000000000
396.00000000	10173.18835315891400000000000000000000
398.00000000	10272.79117650944900000000000000000000
400.00000000	10372.80516772737200000000000000000000
402.00000000	10473.16991981063800000000000000000000
404.00000000	10573.82280524729100000000000000000000
406.00000000	10674.69921699203200000000000000000000
408.00000000	10775.73281448346600000000000000000000
410.00000000	10876.85577486763400000000000000000000
412.00000000	10977.99904959026800000000000000000000
414.00000000	11079.09262653780400000000000000000000
416.00000000	11180.06579795011700000000000000000000
418.00000000	11280.84743439614400000000000000000000
420.00000000	11381.36626520370700000000000000000000
422.00000000	11481.55116488187200000000000000000000
424.00000000	11581.33145222509300000000000000000000
426.00000000	11680.63718800077700000000000000000000
428.00000000	11779.39949268863000000000000000000000
430.00000000	11877.55087068418000000000000000000000
432.00000000	11975.02554931747000000000000000000000
434.00000000	12071.75983455476700000000000000000000
436.00000000	12167.69248719957600000000000000000000
438.00000000	12262.76512462346200000000000000000000
440.00000000	12356.92265468069000000000000000000000
442.00000000	12450.11375065373000000000000000000000
444.00000000	12542.29137907442600000000000000000000
446.00000000	12633.41339641619400000000000000000000
448.00000000	12723.44323648652400000000000000000000
450.00000000	12812.35071868516000000000000000000000
452.00000000	12900.11301942522200000000000000000000
454.00000000	12986.71586703766100000000000000000000
456.00000000	13072.15504787739000000000000000000000
458.00000000	13156.43835408781900000000000000000000
460.00000000	13239.58817213379000000000000000000000
462.00000000	13321.64502524337300000000000000000000
464.00000000	13402.73429241003800000000000000000000
466.00000000	13482.82604279347500000000000000000000
468.00000000	13562.11844138864600000000000000000000
470.00000000	13640.80701136198500000000000000000000
472.00000000	13719.17770643358600000000000000000000
474.00000000	13797.66373013607000000000000000000000
476.00000000	13876.96235675689600000000000000000000
478.00000000	13958.31514242136800000000000000000000
480.00000000	14044.37109685225000000000000000000000
482.00000000	14143.69306173660900000000000000000000
484.00000000	14261.83205000604700000000000000000000
486.00000000	14303.53882254078200000000000000000000
488.00000000	14343.02264966122700000000000000000000
490.00000000	14379.76016836812400000000000000000000
492.00000000	14413.65927530451500000000000000000000
494.00000000	14444.70782408075700000000000000000000
496.00000000	14472.92247337092300000000000000000000
498.00000000	14498.33496391884200000000000000000000
500.00000000	14520.98738746282000000000000000000000
502.00000000	14540.93035959394700000000000000000000
504.00000000	14558.22232957780400000000000000000000
506.00000000	14572.92941610097000000000000000000000
508.00000000	14585.12553768065000000000000000000000
510.00000000	14594.89275259278100000000000000000000
512.00000000	14602.32178903910800000000000000000000
514.00000000	14607.51278298959200000000000000000000
516.00000000	14610.57626859121400000000000000000000
518.00000000	14611.63449386725400000000000000000000
520.00000000	14610.82316934295000000000000000000000
522.00000000	14608.29380637308500000000000000000000
524.00000000	14604.21687549229300000000000000000000
526.00000000	14598.78612973688200000000000000000000
528.00000000	14592.22462287039300000000000000000000
530.00000000	14584.79338944863600000000000000000000
532.00000000	14576.80355472221700000000000000000000
534.00000000	14568.62419630064500000000000000000000
536.00000000	14560.64736056653000000000000000000000
538.00000000	14553.04030763393300000000000000000000
540.00000000	14544.78039385036400000000000000000000
542.00000000	14530.68248631249700000000000000000000
544.00000000	14495.41532739350300000000000000000000
546.00000000	14418.56081696268100000000000000000000
548.00000000	14311.34869751177800000000000000000000
550.00000000	14211.25995015074700000000000000000000
552.00000000	14142.28562322299900000000000000000000
554.00000000	14108.41098842479200000000000000000000
556.00000000	14093.37914358789700000000000000000000
558.00000000	14060.99328839932200000000000000000000
560.00000000	13986.42319547964100000000000000000000
562.00000000	13878.60275453417900000000000000000000
564.00000000	13753.79038394435700000000000000000000
566.00000000	13621.84346482184800000000000000000000
568.00000000	13487.36137842162100000000000000000000
570.00000000	13352.16277869357000000000000000000000
572.00000000	13216.85491089177200000000000000000000
574.00000000	13081.61510556843000000000000000000000
576.00000000	12946.50155828545800000000000000000000
578.00000000	12811.55968180220800000000000000000000
580.00000000	12676.83495640483500000000000000000000
582.00000000	12542.38097258203200000000000000000000
584.00000000	12408.25672337845800000000000000000000
586.00000000	12274.52421343177400000000000000000000
588.00000000	12141.24673337628900000000000000000000
590.00000000	12008.48760190493000000000000000000000
592.00000000	11876.30924368566400000000000000000000
594.00000000	11744.77251306075400000000000000000000
596.00000000	11613.93620058888000000000000000000000
598.00000000	11483.85667754922000000000000000000000
600.00000000	11354.58764580761600000000000000000000
602.00000000	11226.17996896040700000000000000000000
604.00000000	11098.68156668418500000000000000000000
606.00000000	10972.13735853647400000000000000000000
608.00000000	10846.58924659895500000000000000000000
610.00000000	10722.07612868577800000000000000000000
612.00000000	10598.63393558670200000000000000000000
614.00000000	10476.29568714388600000000000000000000
616.00000000	10355.09156298562000000000000000000000
618.00000000	10235.04898453635000000000000000000000
620.00000000	10116.19270555142400000000000000000000
622.00000000	9998.54490892462100000000000000000000
624.00000000	9882.12530791913600000000000000000000
626.00000000	9766.95125029843300000000000000000000
628.00000000	9653.03782410069500000000000000000000
630.00000000	9540.39796402054700000000000000000000
632.00000000	9429.04255754419000000000000000000000
634.00000000	9318.98055013687200000000000000000000
636.00000000	9210.21904890920300000000000000000000
638.00000000	9102.76342429704700000000000000000000
640.00000000	8996.61740938045000000000000000000000
642.00000000	8891.78319654503900000000000000000000
644.00000000	8788.26153125444200000000000000000000
646.00000000	8686.05180275869700000000000000000000
648.00000000	8585.15213161086000000000000000000000
650.00000000	8485.55945390479400000000000000000000
652.00000000	8387.26960218129500000000000000000000
654.00000000	8290.27738297902400000000000000000000
656.00000000	8194.57665103131300000000000000000000
658.00000000	8100.16038013064800000000000000000000
660.00000000	8007.02073069993500000000000000000000
662.00000000	7915.14911412409500000000000000000000
664.00000000	7824.53625390760900000000000000000000
666.00000000	7735.17224373271350000000000000000000
668.00000000	7647.04660250146900000000000000000000
670.00000000	7560.14832644999300000000000000000000
672.00000000	7474.46593842893300000000000000000000
674.00000000	7389.98753444629300000000000000000000
676.00000000	7306.70082757217200000000000000000000
678.00000000	7224.59318930550500000000000000000000
680.00000000	7143.65168850376800000000000000000000
682.00000000	7063.86312797660000000000000000000000
684.00000000	6985.21407884307100000000000000000000
686.00000000	6907.69091275179300000000000000000000
688.00000000	6831.27983206096700000000000000000000
690.00000000	6755.96689807355900000000000000000000
692.00000000	6681.73805742088500000000000000000000
694.00000000	6608.57916668512600000000000000000000
696.00000000	6536.47601534885500000000000000000000
698.00000000	6465.41434715664000000000000000000000
700.00000000	6395.37987997149100000000000000000000
702.00000000	6326.35832420529600000000000000000000
704.00000000	6258.33539990007600000000000000000000
706.00000000	6191.29685253337500000000000000000000
708.00000000	6125.22846761872700000000000000000000
710.00000000	6060.11608416845500000000000000000000
712.00000000	5995.94560708401800000000000000000000
714.00000000	5932.70301853533150000000000000000000
716.00000000	5870.37438838858600000000000000000000
718.00000000	5808.94588373851600000000000000000000
720.00000000	5748.40377759907550000000000000000000
722.00000000	5688.73445680341050000000000000000000
724.00000000	5629.86254490390700000000000000000000
726.00000000	5571.89901021461000000000000000000000
728.00000000	5514.76816948449600000000000000000000
730.00000000	5458.45692947681700000000000000000000
732.00000000	5402.95234004405700000000000000000000
734.00000000	5348.24159822079400000000000000000000
736.00000000	5294.31205181764000000000000000000000
738.00000000	5241.15120254968900000000000000000000
740.00000000	5188.74670873085900000000000000000000
742.00000000	5137.08638756397900000000000000000000
744.00000000	5086.15821705449200000000000000000000
746.00000000	5035.95033757445700000000000000000000
748.00000000	4986.45105310160000000000000000000000
750.00000000	4937.64883215700800000000000000000000
752.00000000	4889.53230846356300000000000000000000
754.00000000	4842.09028134594100000000000000000000
756.00000000	4795.31171589171100000000000000000000
758.00000000	4749.18574289204100000000000000000000
760.00000000	4703.70165857907400000000000000000000
762.00000000	4658.84892417653300000000000000000000
764.00000000	4614.61716527843800000000000000000000
766.00000000	4570.99617107047650000000000000000000
768.00000000	4527.97589340728800000000000000000000
770.00000000	4485.54644575818100000000000000000000
772.00000000	4443.69810203319050000000000000000000
774.00000000	4402.42129530022700000000000000000000
776.00000000	4361.70661640379700000000000000000000
778.00000000	4321.54481249478800000000000000000000
780.00000000	4281.92678548029900000000000000000000
782.00000000	4242.84359040195200000000000000000000
784.00000000	4204.28643375043300000000000000000000
786.00000000	4166.24667172351600000000000000000000
788.00000000	4128.71580843447400000000000000000000
790.00000000	4091.68549407707860000000000000000000
792.00000000	4055.14752305308550000000000000000000
794.00000000	4019.09383206766900000000000000000000
796.00000000	3983.51649819793100000000000000000000
798.00000000	3948.40773693906300000000000000000000
800.00000000	3913.75990023262470000000000000000000
802.00000000	3879.56547448094260000000000000000000
804.00000000	3845.81707855130800000000000000000000
806.00000000	3812.50746177352500000000000000000000
808.00000000	3779.62950193388300000000000000000000
810.00000000	3747.17620326855800000000000000000000
812.00000000	3715.14069445909760000000000000000000
814.00000000	3683.51622663249300000000000000000000
816.00000000	3652.29617136810700000000000000000000
818.00000000	3621.47401871350400000000000000000000
820.00000000	3591.04337521116260000000000000000000
822.00000000	3560.99796193769200000000000000000000
824.00000000	3531.33161255727150000000000000000000
826.00000000	3502.03827139057060000000000000000000
828.00000000	3473.11199150064480000000000000000000
830.00000000	3444.54693279678400000000000000000000
832.00000000	3416.33736015747540000000000000000000
834.00000000	3388.47764157341130000000000000000000
836.00000000	3360.96224631133740000000000000000000
838.00000000	3333.78574309947860000000000000000000
840.00000000	3306.94279833526000000000000000000000
842.00000000	3280.42817431578260000000000000000000
844.00000000	3254.23672749165550000000000000000000
846.00000000	3228.36340674452230000000000000000000
848.00000000	3202.80325168864470000000000000000000
850.00000000	3177.55139099689360000000000000000000
852.00000000	3152.60304075129600000000000000000000
854.00000000	3127.95350281837730000000000000000000
856.00000000	3103.59816324941100000000000000000000
858.00000000	3079.53249070566930000000000000000000
860.00000000	3055.75203490869850000000000000000000
862.00000000	3032.25242511568200000000000000000000
864.00000000	3009.02936861979240000000000000000000
866.00000000	2986.07864927553960000000000000000000
868.00000000	2963.39612604895300000000000000000000
870.00000000	2940.97773159260670000000000000000000
872.00000000	2918.81947084516900000000000000000000
874.00000000	2896.91741965549270000000000000000000
876.00000000	2875.26772343094850000000000000000000
878.00000000	2853.86659580985040000000000000000000
880.00000000	2832.71031735773570000000000000000000
882.00000000	2811.79523428727230000000000000000000
884.00000000	2791.11775720157630000000000000000000
886.00000000	2770.67435986061900000000000000000000
888.00000000	2750.46157797053050000000000000000000
890.00000000	2730.47600799545500000000000000000000
892.00000000	2710.71430599173570000000000000000000
894.00000000	2691.17318646405300000000000000000000
896.00000000	2671.84942124334100000000000000000000
898.00000000	2652.73983838603230000000000000000000
900.00000000	2633.84132109443860000000000000000000
902.00000000	2615.15080665790260000000000000000000
904.00000000	2596.66528541442040000000000000000000
906.00000000	2578.38179973237400000000000000000000
908.00000000	2560.29744301216900000000000000000000
910.00000000	2542.40935870730600000000000000000000
912.00000000	2524.71473936468900000000000000000000
914.00000000	2507.21082568378300000000000000000000
916.00000000	2489.89490559432000000000000000000000
918.00000000	2472.76431335226400000000000000000000
920.00000000	2455.81642865365900000000000000000000
922.00000000	2439.04867576607800000000000000000000
924.00000000	2422.45852267737340000000000000000000
926.00000000	2406.04348026138950000000000000000000
928.00000000	2389.80110146033500000000000000000000
930.00000000	2373.72898048352200000000000000000000
932.00000000	2357.82475202213750000000000000000000
934.00000000	2342.08609047980140000000000000000000
936.00000000	2326.51070921854630000000000000000000
938.00000000	2311.09635981995300000000000000000000
940.00000000	2295.84083136122000000000000000000000
942.00000000	2280.74194970572030000000000000000000
944.00000000	2265.79757680793140000000000000000000
946.00000000	2251.00561003237270000000000000000000
948.00000000	2236.36398148626130000000000000000000
950.00000000	2221.87065736565730000000000000000000
952.00000000	2207.52363731485200000000000000000000
954.00000000	2193.32095379862900000000000000000000
956.00000000	2179.26067148727540000000000000000000
958.00000000	2165.34088665399300000000000000000000
960.00000000	2151.55972658449800000000000000000000
962.00000000	2137.91534899853060000000000000000000
964.00000000	2124.40594148310860000000000000000000
966.00000000	2111.02972093716930000000000000000000
968.00000000	2097.78493302748400000000000000000000
970.00000000	2084.66985165551520000000000000000000
972.00000000	2071.68277843508600000000000000000000
974.00000000	2058.82204218053400000000000000000000
976.00000000	2046.08599840524740000000000000000000
978.00000000	2033.47302883025300000000000000000000
980.00000000	2020.98154090275500000000000000000000
982.00000000	2008.60996732433400000000000000000000
984.00000000	1996.35676558865360000000000000000000
986.00000000	1984.22041752845900000000000000000000
988.00000000	1972.19942887167640000000000000000000
990.00000000	1960.29232880642260000000000000000000
992.00000000	1948.49766955474230000000000000000000
994.00000000	1936.81402595487630000000000000000000
996.00000000	1925.23999505191050000000000000000000
998.00000000	1913.77419569659510000000000000000000
1000.00000000	1902.41526815218620000000000000000000
1002.00000000	1891.16187370913260000000000000000000
1004.00000000	1880.01269430744580000000000000000000
1006.00000000	1868.96643216659050000000000000000000
1008.00000000	1858.02180942273480000000000000000000
1010.00000000	1847.17756777320000000000000000000000
1012.00000000	1836.43246812799020000000000000000000
1014.00000000	1825.78529026818680000000000000000000
1016.00000000	1815.23483251115300000000000000000000
1018.00000000	1804.77991138231250000000000000000000
1020.00000000	1794.41936129343980000000000000000000
1022.00000000	1784.15203422726130000000000000000000
1024.00000000	1773.97679942830340000000000000000000
1026.00000000	1763.89254309979130000000000000000000
1028.00000000	1753.89816810649130000000000000000000
1030.00000000	1743.99259368341100000000000000000000
1032.00000000	1734.17475515016550000000000000000000
1034.00000000	1724.44360363095400000000000000000000
1036.00000000	1714.79810577997480000000000000000000
1038.00000000	1705.23724351221560000000000000000000
1040.00000000	1695.76001373947400000000000000000000
1042.00000000	1686.36542811148400000000000000000000
1044.00000000	1677.05251276208700000000000000000000
1046.00000000	1667.82030806031960000000000000000000
1048.00000000	1658.66786827612440000000000000000000
1050.00000000	1649.59426170318060000000000000000000
1052.00000000	1640.59856987841930000000000000000000
1054.00000000	1631.67988771714340000000000000000000
1056.00000000	1622.83732319542720000000000000000000
1058.00000000	1614.06999712859400000000000000000000
1060.00000000	1605.37704295394310000000000000000000
1062.00000000	1596.75760651760700000000000000000000
1064.00000000	1588.21084586549340000000000000000000
1066.00000000	1579.73593103819850000000000000000000
1068.00000000	1571.33204386982040000000000000000000
1070.00000000	1562.99837779058020000000000000000000
1072.00000000	1554.73413763319000000000000000000000
1074.00000000	1546.53853944287680000000000000000000
1076.00000000	1538.41081029099180000000000000000000
1078.00000000	1530.35018809213370000000000000000000
1080.00000000	1522.35592142469520000000000000000000
1082.00000000	1514.42726935479440000000000000000000
1084.00000000	1506.56350126349600000000000000000000
1086.00000000	1498.76389667726310000000000000000000
1088.00000000	1491.02774510156150000000000000000000
1090.00000000	1483.35434585759370000000000000000000
1092.00000000	1475.74300792202400000000000000000000
1094.00000000	1468.19304976971940000000000000000000
1096.00000000	1460.70379921937750000000000000000000
1098.00000000	1453.27459328201080000000000000000000
1100.00000000	1445.90477801223730000000000000000000
1102.00000000	1438.59370836229280000000000000000000
1104.00000000	1431.34074803874230000000000000000000
1106.00000000	1424.14526936180910000000000000000000
1108.00000000	1417.00665312728300000000000000000000
1110.00000000	1409.92428847094150000000000000000000
1112.00000000	1402.89757273547270000000000000000000
1114.00000000	1395.92591133977200000000000000000000
1116.00000000	1389.00871765066880000000000000000000
1118.00000000	1382.14541285692830000000000000000000
1120.00000000	1375.33542584555560000000000000000000
1122.00000000	1368.57819308035280000000000000000000
1124.00000000	1361.87315848261870000000000000000000
1126.00000000	1355.21977331403150000000000000000000
1128.00000000	1348.61749606162330000000000000000000
1130.00000000	1342.06579232480570000000000000000000
1132.00000000	1335.56413470442860000000000000000000
1134.00000000	1329.11200269380400000000000000000000
1136.00000000	1322.70888257168990000000000000000000
1138.00000000	1316.35426729715320000000000000000000
1140.00000000	1310.04765640631900000000000000000000
1142.00000000	1303.78855591092360000000000000000000
1144.00000000	1297.57647819868180000000000000000000
1146.00000000	1291.41094193539950000000000000000000
1148.00000000	1285.29147196880630000000000000000000
1150.00000000	1279.21759923408260000000000000000000
1152.00000000	1273.18886066103690000000000000000000
1154.00000000	1267.20479908290940000000000000000000
1156.00000000	1261.26496314677160000000000000000000
1158.00000000	1255.36890722546130000000000000000000
1160.00000000	1249.51619133109350000000000000000000
1162.00000000	1243.70638103002170000000000000000000
1164.00000000	1237.93904735930760000000000000000000
1166.00000000	1232.21376674461640000000000000000000
1168.00000000	1226.53012091952800000000000000000000
1170.00000000	1220.88769684624620000000000000000000
1172.00000000	1215.28608663765020000000000000000000
1174.00000000	1209.72488748071150000000000000000000
1176.00000000	1204.20370156117810000000000000000000
1178.00000000	1198.72213598958700000000000000000000
1180.00000000	1193.27980272851000000000000000000000
1182.00000000	1187.87631852104400000000000000000000
1184.00000000	1182.51130482050710000000000000000000
1186.00000000	1177.18438772133480000000000000000000
1188.00000000	1171.89519789114180000000000000000000
1190.00000000	1166.64337050391170000000000000000000
1192.00000000	1161.42854517433650000000000000000000
1194.00000000	1156.25036589324580000000000000000000
1196.00000000	1151.10848096410150000000000000000000
1198.00000000	1146.00254294058960000000000000000000
1200.00000000	1140.93220856521600000000000000000000
1202.00000000	1135.89713870895120000000000000000000
1204.00000000	1130.89699831186610000000000000000000
1206.00000000	1125.93145632474760000000000000000000
1208.00000000	1121.00018565169170000000000000000000
1210.00000000	1116.10286309363780000000000000000000
1212.00000000	1111.23916929283360000000000000000000
1214.00000000	1106.40878867820920000000000000000000
1216.00000000	1101.61140941166200000000000000000000
1218.00000000	1096.84672333519920000000000000000000
1220.00000000	1092.11442591896180000000000000000000
1222.00000000	1087.41421621009300000000000000000000
1224.00000000	1082.74579678243140000000000000000000
1226.00000000	1078.09590458534580000000000000000000
1228.00000000	1073.49025208818670000000000000000000
1230.00000000	1068.91551777535910000000000000000000
1232.00000000	1064.37141784541150000000000000000000
1234.00000000	1059.85767178397280000000000000000000
1236.00000000	1055.37400231814170000000000000000000
1238.00000000	1050.92013537160700000000000000000000
1240.00000000	1046.49580002046300000000000000000000
1242.00000000	1042.10072844977280000000000000000000
1244.00000000	1037.73465591077600000000000000000000
1246.00000000	1033.39732067881140000000000000000000
1248.00000000	1029.08846401190360000000000000000000
1250.00000000	1024.80783010998180000000000000000000
1252.00000000	1020.55516607477980000000000000000000
1254.00000000	1016.33022187032730000000000000000000
1256.00000000	1012.13275028412030000000000000000000
1258.00000000	1007.96250688883050000000000000000000
1260.00000000	1003.81925000467970000000000000000000
1262.00000000	999.70274066235830000000000000000000
1264.00000000	995.61274256655660000000000000000000
1266.00000000	991.54902206003520000000000000000000
1268.00000000	987.51134808827160000000000000000000
1270.00000000	983.49949216466220000000000000000000
1272.00000000	979.51322833623730000000000000000000
1274.00000000	975.55233314993630000000000000000000
1276.00000000	971.61658561938220000000000000000000
1278.00000000	967.70576719217590000000000000000000
1280.00000000	963.81966171769350000000000000000000
1282.00000000	959.95805541537720000000000000000000
1284.00000000	956.12073684351290000000000000000000
1286.00000000	952.30749686847750000000000000000000
1288.00000000	948.51812863446570000000000000000000
1290.00000000	944.75242753366830000000000000000000
1292.00000000	941.01019117691010000000000000000000
1294.00000000	937.29121936473000000000000000000000
1296.00000000	933.59531405889740000000000000000000
1298.00000000	929.92227935435710000000000000000000
1300.00000000	926.27192145160680000000000000000000
1302.00000000	922.64404862947600000000000000000000
1304.00000000	919.03847121831890000000000000000000
1306.00000000	915.45500157362220000000000000000000
1308.00000000	911.89345404997130000000000000000000
1310.00000000	908.35364497545490000000000000000000
1312.00000000	904.83539262640420000000000000000000
1314.00000000	901.33851720253600000000000000000000
1316.00000000	897.86284080245300000000000000000000
1318.00000000	894.40818739951350000000000000000000
1320.00000000	890.97438281804310000000000000000000
1322.00000000	887.56125470991860000000000000000000
1324.00000000	884.16863253147160000000000000000000
1326.00000000	880.79634752075960000000000000000000
1328.00000000	877.44423267514070000000000000000000
1330.00000000	874.11212272919890000000000000000000
1332.00000000	870.79985413297940000000000000000000
1334.00000000	867.50726503054110000000000000000000
1336.00000000	864.23419523883130000000000000000000
1338.00000000	860.98048622685420000000000000000000
1340.00000000	857.74598109514650000000000000000000
1342.00000000	854.53052455555120000000000000000000
1344.00000000	851.33396291128210000000000000000000
1346.00000000	848.15614403726850000000000000000000
1348.00000000	844.99691736079980000000000000000000
1350.00000000	841.85613384242310000000000000000000
1352.00000000	838.73364595713360000000000000000000
1354.00000000	835.62930767582830000000000000000000
1356.00000000	832.54297444701640000000000000000000
1358.00000000	829.47450317880670000000000000000000
1360.00000000	826.42375222113230000000000000000000
1362.00000000	823.39058134823430000000000000000000
1364.00000000	820.37485174139870000000000000000000
1366.00000000	817.37642597193190000000000000000000
1368.00000000	814.39516798437190000000000000000000
1370.00000000	811.43094307994900000000000000000000
1372.00000000	808.48361790026390000000000000000000
1374.00000000	805.55306041119490000000000000000000
1376.00000000	802.63913988705050000000000000000000
1378.00000000	799.74172689491570000000000000000000
1380.00000000	796.86069327923240000000000000000000
1382.00000000	793.99591214659040000000000000000000
1384.00000000	791.14725785073760000000000000000000
1386.00000000	788.31460597776980000000000000000000
1388.00000000	785.49783333156610000000000000000000
1390.00000000	782.69681791939630000000000000000000
1392.00000000	779.91143893772830000000000000000000
1394.00000000	777.14157675824970000000000000000000
1396.00000000	774.38711291405540000000000000000000
1398.00000000	771.64793008604020000000000000000000
1400.00000000	768.92391208947860000000000000000000
1402.00000000	766.21494386078480000000000000000000
1404.00000000	763.52091144443800000000000000000000
1406.00000000	760.84170198011500000000000000000000
1408.00000000	758.17720368996640000000000000000000
1410.00000000	755.52730586608830000000000000000000
1412.00000000	752.89189885815590000000000000000000
1414.00000000	750.27087406121550000000000000000000
1416.00000000	747.66412390364830000000000000000000
1418.00000000	745.07154183530040000000000000000000
1420.00000000	742.49302231576460000000000000000000
1422.00000000	739.92846080281730000000000000000000
1424.00000000	737.37775374101970000000000000000000
1426.00000000	734.84079855046120000000000000000000
1428.00000000	732.31749361565820000000000000000000
1430.00000000	729.80773827459710000000000000000000
1432.00000000	727.31143280792580000000000000000000
1434.00000000	724.82847842828300000000000000000000
1436.00000000	722.35877726977960000000000000000000
1438.00000000	719.90223237760130000000000000000000
1440.00000000	717.45874769776760000000000000000000
1442.00000000	715.02822806700620000000000000000000
1444.00000000	712.61057920277770000000000000000000
1446.00000000	710.20570769341900000000000000000000
1448.00000000	707.81352098841720000000000000000000
1450.00000000	705.43392738881890000000000000000000
1452.00000000	703.06683603775130000000000000000000
1454.00000000	700.71215691107680000000000000000000
1456.00000000	698.36980080816580000000000000000000
1458.00000000	696.03967934277880000000000000000000
1460.00000000	693.72170493409210000000000000000000
1462.00000000	691.41579079780940000000000000000000
1464.00000000	689.12185093740420000000000000000000
1466.00000000	686.83980013547510000000000000000000
1468.00000000	684.56955394520700000000000000000000
1470.00000000	682.31102868194380000000000000000000
1472.00000000	680.06414141486440000000000000000000
1474.00000000	677.82880995877450000000000000000000
1476.00000000	675.60495286599500000000000000000000
1478.00000000	673.39248941835440000000000000000000
1480.00000000	671.19133961928430000000000000000000
1482.00000000	669.00142418602060000000000000000000
1484.00000000	666.82266454188720000000000000000000
1486.00000000	664.65498280869660000000000000000000
1488.00000000	662.49830179923150000000000000000000
1490.00000000	660.35254500983200000000000000000000
1492.00000000	658.21763661306650000000000000000000
1494.00000000	656.09350145049520000000000000000000
1496.00000000	653.98006502553780000000000000000000
1498.00000000	651.87725349640860000000000000000000
1500.00000000	649.78499366915790000000000000000000
1502.00000000	647.70321299078560000000000000000000
1504.00000000	645.63183954246130000000000000000000
1506.00000000	643.57080203279840000000000000000000
1508.00000000	641.52002979123840000000000000000000
1510.00000000	639.47945276150630000000000000000000
1512.00000000	637.44900149513470000000000000000000
1514.00000000	635.42860714510080000000000000000000
1516.00000000	633.41820145949800000000000000000000
1518.00000000	631.41771677532850000000000000000000
1520.00000000	629.42708601232810000000000000000000
1522.00000000	627.44624266691450000000000000000000
1524.00000000	625.47512080616470000000000000000000
1526.00000000	623.51365506189460000000000000000000
1528.00000000	621.56178062479900000000000000000000
1530.00000000	619.61943323866610000000000000000000
1532.00000000	617.68654919466050000000000000000000
1534.00000000	615.76306532567710000000000000000000
1536.00000000	613.84891900076000000000000000000000
1538.00000000	611.94404811959370000000000000000000
1540.00000000	610.04839110705630000000000000000000
1542.00000000	608.16188690783620000000000000000000
1544.00000000	606.28447498112400000000000000000000
1546.00000000	604.41609529535410000000000000000000
1548.00000000	602.55668832302020000000000000000000
1550.00000000	600.70619503554290000000000000000000
1552.00000000	598.86455689820970000000000000000000
1554.00000000	597.03171586516790000000000000000000
1556.00000000	595.20761437447210000000000000000000
1558.00000000	593.39219534320330000000000000000000
1560.00000000	591.58540216263840000000000000000000
1562.00000000	589.78717869347080000000000000000000
1564.00000000	587.99746926110540000000000000000000
1566.00000000	586.21621865098550000000000000000000
1568.00000000	584.44337210399100000000000000000000
1570.00000000	582.67887531188940000000000000000000
1572.00000000	580.92267441283320000000000000000000
1574.00000000	579.17471598691490000000000000000000
1576.00000000	577.43494705176820000000000000000000
1578.00000000	575.70331505823010000000000000000000
1580.00000000	573.97976788604710000000000000000000
1582.00000000	572.26425383963170000000000000000000
1584.00000000	570.55672164386240000000000000000000
1586.00000000	568.85712043995370000000000000000000
1588.00000000	567.16539978133860000000000000000000
1590.00000000	565.48150962963710000000000000000000
1592.00000000	563.80540035063640000000000000000000
1594.00000000	562.13702271035210000000000000000000
1596.00000000	560.47632787109540000000000000000000
1598.00000000	558.82326738761890000000000000000000
1600.00000000	557.17779320329490000000000000000000
1602.00000000	555.53985764632520000000000000000000
1604.00000000	553.90941342601580000000000000000000
1606.00000000	552.28641362907710000000000000000000
1608.00000000	550.67081171597160000000000000000000
1610.00000000	549.06256151730900000000000000000000
1612.00000000	547.46161723027140000000000000000000
1614.00000000	545.86793341508580000000000000000000
1616.00000000	544.28146499153390000000000000000000
1618.00000000	542.70216723550560000000000000000000
1620.00000000	541.12999577558380000000000000000000
1622.00000000	539.56490658967430000000000000000000
1624.00000000	538.00685600166740000000000000000000
1626.00000000	536.45580067814480000000000000000000
1628.00000000	534.91169762511410000000000000000000
1630.00000000	533.37450418478690000000000000000000
1632.00000000	531.84417803239250000000000000000000
1634.00000000	530.32067717301820000000000000000000
1636.00000000	528.80395993849920000000000000000000
1638.00000000	527.29398498432850000000000000000000
1640.00000000	525.79071128661110000000000000000000
1642.00000000	524.29409813904610000000000000000000
1644.00000000	522.80410514994740000000000000000000
1646.00000000	521.32069223929170000000000000000000
1648.00000000	519.84381963580350000000000000000000
1650.00000000	518.37344787406600000000000000000000
1652.00000000	516.90953779167160000000000000000000
1654.00000000	515.45205052639740000000000000000000
1656.00000000	514.00094751341690000000000000000000
1658.00000000	512.55619048253640000000000000000000
1660.00000000	511.11774145546036000000000000000000
1662.00000000	509.68556274309924000000000000000000
1664.00000000	508.25961694289344000000000000000000
1666.00000000	506.83986693616583000000000000000000
1668.00000000	505.42627588551505000000000000000000
1670.00000000	504.01880723222420000000000000000000
1672.00000000	502.61742469370466000000000000000000
1674.00000000	501.22209226096504000000000000000000
1676.00000000	499.83277419611010000000000000000000
1678.00000000	498.44943502986126000000000000000000
1680.00000000	497.07203955910705000000000000000000
1682.00000000	495.70055284447940000000000000000000
1684.00000000	494.33494020795916000000000000000000
1686.00000000	492.97516723050023000000000000000000
1688.00000000	491.62119974968056000000000000000000
1690.00000000	490.27300385739005000000000000000000
1692.00000000	488.93054589751910000000000000000000
1694.00000000	487.59379246369830000000000000000000
1696.00000000	486.26271039704150000000000000000000
1698.00000000	484.93726678392494000000000000000000
1700.00000000	483.61742895378205000000000000000000
1702.00000000	482.30316447693014000000000000000000
1704.00000000	480.99444116240880000000000000000000
1706.00000000	479.69122705585330000000000000000000
1708.00000000	478.39349043737536000000000000000000
1710.00000000	477.10119981948880000000000000000000
1712.00000000	475.81432394502500000000000000000000
1714.00000000	474.53283178510480000000000000000000
1716.00000000	473.25669253710300000000000000000000
1718.00000000	471.98587562265180000000000000000000
1720.00000000	470.72035068565830000000000000000000
1722.00000000	469.46008759033873000000000000000000
1724.00000000	468.20505641928554000000000000000000
1726.00000000	466.95522747153970000000000000000000
1728.00000000	465.71057126069120000000000000000000
1730.00000000	464.47105851300360000000000000000000
1732.00000000	463.23666016554000000000000000000000
1734.00000000	462.00734736433390000000000000000000
1736.00000000	460.78309146255407000000000000000000
1738.00000000	459.56386401870480000000000000000000
1740.00000000	458.34963679483950000000000000000000
1742.00000000	457.14038175479260000000000000000000
1744.00000000	455.93607106242050000000000000000000
1746.00000000	454.73667707988320000000000000000000
1748.00000000	453.54217236591893000000000000000000
1750.00000000	452.35252967415050000000000000000000
1752.00000000	451.16772195140203000000000000000000
1754.00000000	449.98772233603745000000000000000000
1756.00000000	448.81250415631890000000000000000000
1758.00000000	447.64204092876570000000000000000000
1760.00000000	446.47630635655247000000000000000000
1762.00000000	445.31527432790400000000000000000000
1764.00000000	444.15891891451840000000000000000000
1766.00000000	443.00721436999726000000000000000000
1768.00000000	441.86013512830250000000000000000000
1770.00000000	440.71765580221637000000000000000000
1772.00000000	439.57975118182700000000000000000000
1774.00000000	438.44639623302265000000000000000000
1776.00000000	437.31756609600310000000000000000000
1778.00000000	436.19323608380324000000000000000000
1780.00000000	435.07338168084226000000000000000000
1782.00000000	433.95797854146906000000000000000000
1784.00000000	432.84700248854006000000000000000000
1786.00000000	431.74042951199385000000000000000000
1788.00000000	430.63823576746130000000000000000000
1790.00000000	429.54039757486294000000000000000000
1792.00000000	428.44689141704674000000000000000000
1794.00000000	427.35769393841740000000000000000000
1796.00000000	426.27278194359815000000000000000000
1798.00000000	425.19213239608290000000000000000000
1800.00000000	424.11572241692960000000000000000000
1802.00000000	423.04352928344080000000000000000000
1804.00000000	421.97553042787035000000000000000000
1806.00000000	420.91170343614270000000000000000000
1808.00000000	419.85202604658025000000000000000000
1810.00000000	418.79647614864500000000000000000000
1812.00000000	417.74503178169040000000000000000000
1814.00000000	416.69767113373460000000000000000000
1816.00000000	415.65437254022555000000000000000000
1818.00000000	414.61511448284570000000000000000000
1820.00000000	413.57987558829780000000000000000000
1822.00000000	412.54863462713240000000000000000000
1824.00000000	411.52137051256074000000000000000000
1826.00000000	410.49806229929777000000000000000000
1828.00000000	409.47868918240340000000000000000000
1830.00000000	408.46323049614585000000000000000000
1832.00000000	407.45166571286256000000000000000000
1834.00000000	406.44397444184943000000000000000000
1836.00000000	405.44013642824400000000000000000000
1838.00000000	404.44013155192880000000000000000000
1840.00000000	403.44393982644100000000000000000000
1842.00000000	402.45154139789670000000000000000000
1844.00000000	401.46291654391960000000000000000000
1846.00000000	400.47804567258480000000000000000000
1848.00000000	399.49690932137300000000000000000000
1850.00000000	398.51948815612530000000000000000000
1852.00000000	397.54576297002250000000000000000000
1854.00000000	396.57571468256214000000000000000000
1856.00000000	395.60932433855083000000000000000000
1858.00000000	394.64657310710305000000000000000000
1860.00000000	393.68744228065356000000000000000000
1862.00000000	392.73191327397313000000000000000000
1864.00000000	391.77996762320180000000000000000000
1866.00000000	390.83158698488006000000000000000000
1868.00000000	389.88675313499830000000000000000000
1870.00000000	388.94544796805116000000000000000000
1872.00000000	388.00765349610470000000000000000000
1874.00000000	387.07335184786297000000000000000000
1876.00000000	386.14252526775346000000000000000000
1878.00000000	385.21515611501695000000000000000000
1880.00000000	384.29122686280340000000000000000000
1882.00000000	383.37072009728020000000000000000000
1884.00000000	382.45361851674465000000000000000000
1886.00000000	381.53990493075040000000000000000000
1888.00000000	380.62956225923570000000000000000000
1890.00000000	379.72257353166276000000000000000000
1892.00000000	378.81892188616660000000000000000000
1894.00000000	377.91859056870520000000000000000000
1896.00000000	377.02156293222820000000000000000000
1898.00000000	376.12782243583854000000000000000000
1900.00000000	375.23735264398070000000000000000000
1902.00000000	374.35013722561445000000000000000000
1904.00000000	373.46615995341670000000000000000000
1906.00000000	372.58540470297504000000000000000000
1908.00000000	371.70785545200056000000000000000000
1910.00000000	370.83349627953720000000000000000000
1912.00000000	369.96231136518400000000000000000000
1914.00000000	369.09428498832415000000000000000000
1916.00000000	368.22940152736334000000000000000000
1918.00000000	367.36764545896690000000000000000000
1920.00000000	366.50900135731300000000000000000000
1922.00000000	365.65345389334624000000000000000000
1924.00000000	364.80098783404130000000000000000000
1926.00000000	363.95158804167147000000000000000000
1928.00000000	363.10523947308180000000000000000000
1930.00000000	362.26192717897925000000000000000000
1932.00000000	361.42163630321187000000000000000000
1934.00000000	360.58435208207015000000000000000000
1936.00000000	359.75005984358430000000000000000000
1938.00000000	358.91874500683520000000000000000000
1940.00000000	358.09039308126250000000000000000000
1942.00000000	357.26498966599326000000000000000000
1944.00000000	356.44252044915780000000000000000000
1946.00000000	355.62297120722660000000000000000000
1948.00000000	354.80632780434820000000000000000000
1950.00000000	353.99257619168980000000000000000000
1952.00000000	353.18170240679030000000000000000000
1954.00000000	352.37369257291033000000000000000000
1956.00000000	351.56853289839665000000000000000000
1958.00000000	350.76620967604754000000000000000000
1960.00000000	349.96670928248260000000000000000000
1962.00000000	349.17001817752320000000000000000000
1964.00000000	348.37612290357280000000000000000000
1966.00000000	347.58501008500420000000000000000000
1968.00000000	346.79666642755640000000000000000000
1970.00000000	346.01107871772837000000000000000000
1972.00000000	345.22823382219025000000000000000000
1974.00000000	344.44811868718420000000000000000000
1976.00000000	343.67072033794450000000000000000000
1978.00000000	342.89602587811380000000000000000000
1980.00000000	342.12402248916743000000000000000000
1982.00000000	341.35469742984660000000000000000000
1984.00000000	340.58803803558584000000000000000000
1986.00000000	339.82403171796017000000000000000000
1988.00000000	339.06266596412024000000000000000000
1990.00000000	338.30392833624930000000000000000000
1992.00000000	337.54780647100960000000000000000000
1994.00000000	336.79428807900564000000000000000000
1996.00000000	336.04336094424383000000000000000000
1998.00000000	335.29501292360370000000000000000000
2000.00000000	334.54923194630270000000000000000000
