100.00000000	452.68633215771666000000000000000000
102.00000000	557.71506000065130000000000000000000
104.00000000	650.34313340992990000000000000000000
106.00000000	732.20933700988340000000000000000000
108.00000000	804.73859756148240000000000000000000
110.00000000	869.16479669689830000000000000000000
112.00000000	926.49272409461580000000000000000000
114.00000000	977.76250406756900000000000000000000
116.00000000	1023.70937541207370000000000000000000
118.00000000	1065.01891529331420000000000000000000
120.00000000	1102.28377805475180000000000000000000
122.00000000	1136.01695029696040000000000000000000
124.00000000	1166.66305444114640000000000000000000
126.00000000	1194.60793223517660000000000000000000
128.00000000	1220.18674020383540000000000000000000
130.00000000	1243.69077481987440000000000000000000
132.00000000	1265.37322377883020000000000000000000
134.00000000	1285.45401577727100000000000000000000
136.00000000	1304.12391728232640000000000000000000
138.00000000	1321.54800239833120000000000000000000
140.00000000	1337.86860179954440000000000000000000
142.00000000	1353.20781907030500000000000000000000
144.00000000	1367.66968767337270000000000000000000
146.00000000	1381.34202900124750000000000000000000
148.00000000	1394.24427419341260000000000000000000
150.00000000	1406.54380788530470000000000000000000
152.00000000	1418.23510686753640000000000000000000
154.00000000	1429.35531546406540000000000000000000
156.00000000	1439.93164103195500000000000000000000
158.00000000	1449.98220836683960000000000000000000
160.00000000	1459.51682742157640000000000000000000
162.00000000	1468.53768852373950000000000000000000
164.00000000	1477.03999741870850000000000000000000
166.00000000	1485.01256104219620000000000000000000
168.00000000	1492.43833387638730000000000000000000
170.00000000	1499.29493402325900000000000000000000
172.00000000	1505.55513770653780000000000000000000
174.00000000	1511.18736077236030000000000000000000
176.00000000	1516.15613588904530000000000000000000
178.00000000	1520.42259454872600000000000000000000
180.00000000	1523.94496365488380000000000000000000
182.00000000	1526.63981057644100000000000000000000
184.00000000	1528.53982383608010000000000000000000
186.00000000	1529.55844825466150000000000000000000
188.00000000	1529.64795837810930000000000000000000
190.00000000	1528.76085532758040000000000000000000
192.00000000	1526.85073513222550000000000000000000
194.00000000	1523.87328798244560000000000000000000
196.00000000	1519.78745749908130000000000000000000
198.00000000	1514.55679434307300000000000000000000
200.00000000	1508.15104484777430000000000000000000
202.00000000	1500.54802315944720000000000000000000
204.00000000	1491.73582507028000000000000000000000
206.00000000	1481.71545397076970000000000000000000
208.00000000	1470.50394508411860000000000000000000
210.00000000	1458.13809478082000000000000000000000
212.00000000	1444.65403035659500000000000000000000
214.00000000	1430.19274811776590000000000000000000
216.00000000	1414.85559112060720000000000000000000
218.00000000	1398.81340442285550000000000000000000
220.00000000	1382.29091202335740000000000000000000
222.00000000	1365.57892282604420000000000000000000
224.00000000	1349.04973664597420000000000000000000
226.00000000	1333.17687319416770000000000000000000
228.00000000	1318.56072005116450000000000000000000
230.00000000	1305.96234846864650000000000000000000
232.00000000	1296.34858110754700000000000000000000
234.00000000	1290.95228342659470000000000000000000
236.00000000	1291.35227033132360000000000000000000
238.00000000	1299.57563936403840000000000000000000
240.00000000	1318.21786048319470000000000000000000
242.00000000	1350.54260260276940000000000000000000
244.00000000	1400.55042390870700000000000000000000
246.00000000	1472.66937928918790000000000000000000
248.00000000	1571.01144232294680000000000000000000
250.00000000	1697.82170830850990000000000000000000
252.00000000	1851.69180751482830000000000000000000
254.00000000	2027.27096627975600000000000000000000
256.00000000	2218.02422679707000000000000000000000
258.00000000	2420.14151120245330000000000000000000
260.00000000	2633.22918216038440000000000000000000
262.00000000	2857.12068364144670000000000000000000
264.00000000	3088.88489744548200000000000000000000
266.00000000	3323.05040389582000000000000000000000
268.00000000	3553.97831108519600000000000000000000
270.00000000	3777.83744840064600000000000000000000
272.00000000	3992.94727717570140000000000000000000
274.00000000	4199.20532447347000000000000000000000
276.00000000	4397.29392644026400000000000000000000
278.00000000	4588.11004216675200000000000000000000
280.00000000	4772.45286052011700000000000000000000
282.00000000	4950.89882096402900000000000000000000
284.00000000	5123.78914773838000000000000000000000
286.00000000	5291.27429853800200000000000000000000
288.00000000	5453.37861252476200000000000000000000
290.00000000	5610.06355844585500000000000000000000
292.00000000	5761.27908349211100000000000000000000
294.00000000	5906.99979999062300000000000000000000
296.00000000	6047.23804391746100000000000000000000
298.00000000	6182.08832608294900000000000000000000
300.00000000	6311.67871545264000000000000000000000
302.00000000	6436.19945248847600000000000000000000
304.00000000	6555.88747724729550000000000000000000
306.00000000	6671.01737684258300000000000000000000
308.00000000	6781.89196006646400000000000000000000
310.00000000	6888.83324571410800000000000000000000
312.00000000	6992.17432206130300000000000000000000
314.00000000	7092.25230015863900000000000000000000
316.00000000	7189.40242548513000000000000000000000
318.00000000	7283.95331286636300000000000000000000
320.00000000	7376.22321230466150000000000000000000
322.00000000	7466.51718538244100000000000000000000
324.00000000	7555.12506311346200000000000000000000
326.00000000	7642.32005914382400000000000000000000
328.00000000	7728.35792185480750000000000000000000
330.00000000	7813.47652170560500000000000000000000
332.00000000	7897.89578385238900000000000000000000
334.00000000	7981.81788937334900000000000000000000
336.00000000	8065.39946608880800000000000000000000
338.00000000	8148.86394577767400000000000000000000
340.00000000	8232.33612872508100000000000000000000
342.00000000	8315.95256426001300000000000000000000
344.00000000	8399.83518402047400000000000000000000
346.00000000	8484.09209046514300000000000000000000
348.00000000	8568.81834318855400000000000000000000
350.00000000	8654.09672853687000000000000000000000
352.00000000	8739.99850166546000000000000000000000
354.00000000	8826.58409330507700000000000000000000
356.00000000	8913.90377617125500000000000000000000
358.00000000	9001.99828820453500000000000000000000
360.00000000	9090.89941170366500000000000000000000
362.00000000	9180.63050893538300000000000000000000
364.00000000	9271.20701600446400000000000000000000
366.00000000	9362.63689767064900000000000000000000
368.00000000	9454.92106643767100000000000000000000
370.00000000	9548.05376964492100000000000000000000
372.00000000	9642.02294849796600000000000000000000
374.00000000	9736.81057301435000000000000000000000
376.00000000	9832.39295676900300000000000000000000
378.00000000	9928.74105512977000000000000000000000
380.00000000	10025.82075040836200000000000000000000
382.00000000	10123.59312703789000000000000000000000
384.00000000	10222.01473954939700000000000000000000
386.00000000	10321.03787577110000000000000000000000
388.00000000	10420.61081733192600000000000000000000
390.00000000	10520.67809922267600000000000000000000
392.00000000	10621.23130569898200000000000000000000
394.00000000	10722.10769772220700000000000000000000
396.00000000	10823.29214023370500000000000000000000
398.00000000	10924.71680256652300000000000000000000
400.00000000	11026.31143268946500000000000000000000
402.00000000	11128.00363288756700000000000000000000
404.00000000	11229.71913986826600000000000000000000
406.00000000	11331.38210942761900000000000000000000
408.00000000	11432.91540573611600000000000000000000
410.00000000	11534.24089525504300000000000000000000
412.00000000	11635.27974527081600000000000000000000
414.00000000	11735.95272703791100000000000000000000
416.00000000	11836.18052355277400000000000000000000
418.00000000	11935.88404204355900000000000000000000
420.00000000	12034.98473135991500000000000000000000
422.00000000	12133.40490458796400000000000000000000
424.00000000	12231.06806740967700000000000000000000
426.00000000	12327.89925298189000000000000000000000
428.00000000	12423.82536444896700000000000000000000
430.00000000	12518.77552664293800000000000000000000
432.00000000	12612.68144910085000000000000000000000
434.00000000	12705.47780327868500000000000000000000
436.00000000	12797.10261782751000000000000000000000
438.00000000	12887.49769709954300000000000000000000
440.00000000	12976.60906978847700000000000000000000
442.00000000	13064.38747694792300000000000000000000
444.00000000	13150.78891182243200000000000000000000
446.00000000	13235.77522833583000000000000000000000
448.00000000	13319.31484127234600000000000000000000
450.00000000	13401.38355002299000000000000000000000
452.00000000	13481.96553062482400000000000000000000
454.00000000	13561.05455991225800000000000000000000
456.00000000	13638.65556462267700000000000000000000
458.00000000	13714.78663357954200000000000000000000
460.00000000	13789.48170383792000000000000000000000
462.00000000	13862.79425258109600000000000000000000
464.00000000	13934.86172837223400000000000000000000
466.00000000	14005.67558033417800000000000000000000
468.00000000	14075.45089567569600000000000000000000
470.00000000	14144.40599114578600000000000000000000
472.00000000	14212.85500500185100000000000000000000
474.00000000	14281.26812722638200000000000000000000
476.00000000	14350.39562300831900000000000000000000
478.00000000	14421.56572186284200000000000000000000
480.00000000	14497.60340074050500000000000000000000
482.00000000	14587.63339708678900000000000000000000
484.00000000	14689.13282252712000000000000000000000
486.00000000	14710.39047359532400000000000000000000
488.00000000	14731.46837770395900000000000000000000
490.00000000	14750.50579716189200000000000000000000
492.00000000	14767.06451636110800000000000000000000
494.00000000	14780.99123731094600000000000000000000
496.00000000	14792.23551729833700000000000000000000
498.00000000	14800.79594143259000000000000000000000
500.00000000	14806.69927152638600000000000000000000
502.00000000	14809.99097679332000000000000000000000
504.00000000	14810.73048241617500000000000000000000
506.00000000	14808.98865420875700000000000000000000
508.00000000	14804.84647215855000000000000000000000
510.00000000	14798.39441474195900000000000000000000
512.00000000	14789.73233008141700000000000000000000
514.00000000	14778.96969759687000000000000000000000
516.00000000	14766.22625792376300000000000000000000
518.00000000	14751.63304176346200000000000000000000
520.00000000	14735.33387698984400000000000000000000
522.00000000	14717.48750981033000000000000000000000
524.00000000	14698.27055259043100000000000000000000
526.00000000	14677.88158573182400000000000000000000
528.00000000	14656.54692302021200000000000000000000
530.00000000	14634.52871118230000000000000000000000
532.00000000	14612.13345113627500000000000000000000
534.00000000	14589.71004529035400000000000000000000
536.00000000	14567.57306500082600000000000000000000
538.00000000	14545.64649965459000000000000000000000
540.00000000	14522.29686065860000000000000000000000
542.00000000	14491.18505816193000000000000000000000
544.00000000	14435.71814828114800000000000000000000
546.00000000	14336.23236513515300000000000000000000
548.00000000	14207.55149139487200000000000000000000
550.00000000	14089.35672131176600000000000000000000
552.00000000	14005.38504357369700000000000000000000
554.00000000	13958.23770814754200000000000000000000
556.00000000	13929.79043504770200000000000000000000
558.00000000	13882.69621806431700000000000000000000
560.00000000	13793.29061591756000000000000000000000
562.00000000	13671.97923998869000000000000000000000
564.00000000	13535.24359032175700000000000000000000
566.00000000	13392.67267777088300000000000000000000
568.00000000	13248.61420596329100000000000000000000
570.00000000	13104.72967348751300000000000000000000
572.00000000	12961.53181860027300000000000000000000
574.00000000	12819.13421660785800000000000000000000
576.00000000	12677.54551226159900000000000000000000
578.00000000	12536.76838271553800000000000000000000
580.00000000	12396.81024611220900000000000000000000
582.00000000	12257.68975636612800000000000000000000
584.00000000	12119.43346919756000000000000000000000
586.00000000	11982.07303114725400000000000000000000
588.00000000	11845.64314881215400000000000000000000
590.00000000	11710.18010544639400000000000000000000
592.00000000	11575.72066959338600000000000000000000
594.00000000	11442.30128958691000000000000000000000
596.00000000	11309.95749977867900000000000000000000
598.00000000	11178.72348569379600000000000000000000
600.00000000	11048.63176984723400000000000000000000
602.00000000	10919.71299004091600000000000000000000
604.00000000	10791.99574908471500000000000000000000
606.00000000	10665.50652000033700000000000000000000
608.00000000	10540.26959449255000000000000000000000
610.00000000	10416.30706522798600000000000000000000
612.00000000	10293.63883452243000000000000000000000
614.00000000	10172.28264360029800000000000000000000
616.00000000	10052.25411778798800000000000000000000
618.00000000	9933.56682392958500000000000000000000
620.00000000	9816.23233704027000000000000000000000
622.00000000	9700.26031378501100000000000000000000
624.00000000	9585.65857082780700000000000000000000
626.00000000	9472.43316646215500000000000000000000
628.00000000	9360.58848423093500000000000000000000
630.00000000	9250.12731748450800000000000000000000
632.00000000	9141.05095402390400000000000000000000
634.00000000	9033.35926013827200000000000000000000
636.00000000	8927.05076348075300000000000000000000
638.00000000	8822.12273433812000000000000000000000
640.00000000	8718.57126494259100000000000000000000
642.00000000	8616.39134655235500000000000000000000
644.00000000	8515.57694409116300000000000000000000
646.00000000	8416.12106819277700000000000000000000
648.00000000	8318.01584454058700000000000000000000
650.00000000	8221.25258043135500000000000000000000
652.00000000	8125.82182852331200000000000000000000
654.00000000	8031.71344775552100000000000000000000
656.00000000	7938.91666144736300000000000000000000
658.00000000	7847.42011260493100000000000000000000
660.00000000	7757.21191647609800000000000000000000
662.00000000	7668.27971040808550000000000000000000
664.00000000	7580.61070107099200000000000000000000
666.00000000	7494.19170911843050000000000000000000
668.00000000	7409.00921136237200000000000000000000
670.00000000	7325.04938054364600000000000000000000
672.00000000	7242.29812278301400000000000000000000
674.00000000	7160.74111279939900000000000000000000
676.00000000	7080.36382698356500000000000000000000
678.00000000	7001.15157441563300000000000000000000
680.00000000	6923.08952591473500000000000000000000
682.00000000	6846.16274120855400000000000000000000
684.00000000	6770.35619430889350000000000000000000
686.00000000	6695.65479717833200000000000000000000
688.00000000	6622.04342177095700000000000000000000
690.00000000	6549.50692052780900000000000000000000
692.00000000	6478.03014540606550000000000000000000
694.00000000	6407.59796551784700000000000000000000
696.00000000	6338.19528345248300000000000000000000
698.00000000	6269.80705003653300000000000000000000
700.00000000	6202.41827950914600000000000000000000
702.00000000	6136.01406038176600000000000000000000
704.00000000	6070.57956847336750000000000000000000
706.00000000	6006.10007733554700000000000000000000
708.00000000	5942.56096807398700000000000000000000
710.00000000	5879.94773829447700000000000000000000
712.00000000	5818.24601022665400000000000000000000
714.00000000	5757.44153807508400000000000000000000
716.00000000	5697.52021464572700000000000000000000
718.00000000	5638.46807729287600000000000000000000
720.00000000	5580.27131322978100000000000000000000
722.00000000	5522.91626424375500000000000000000000
724.00000000	5466.32933120150100000000000000000000
726.00000000	5410.61793280199700000000000000000000
728.00000000	5355.70823770254400000000000000000000
730.00000000	5301.58724240567100000000000000000000
732.00000000	5248.24211392816600000000000000000000
734.00000000	5195.66019168733700000000000000000000
736.00000000	5143.82898902268200000000000000000000
738.00000000	5092.73619437933200000000000000000000
740.00000000	5042.36967217767000000000000000000000
742.00000000	4992.71746339234500000000000000000000
744.00000000	4943.76778586251300000000000000000000
746.00000000	4895.50903435377950000000000000000000
748.00000000	4847.92978039112500000000000000000000
750.00000000	4801.01877188095400000000000000000000
752.00000000	4754.76493253925800000000000000000000
754.00000000	4709.15736114187800000000000000000000
756.00000000	4664.18533061180200000000000000000000
758.00000000	4619.83828695761300000000000000000000
760.00000000	4576.10584807608850000000000000000000
762.00000000	4532.97780243147900000000000000000000
764.00000000	4490.44410762270400000000000000000000
766.00000000	4448.49488884953300000000000000000000
768.00000000	4407.12043728754400000000000000000000
770.00000000	4366.31120838142850000000000000000000
772.00000000	4326.05782006536500000000000000000000
774.00000000	4286.35105091857350000000000000000000
776.00000000	4247.18183826376750000000000000000000
778.00000000	4208.54127621551700000000000000000000
780.00000000	4170.42061368515500000000000000000000
782.00000000	4132.81125234838800000000000000000000
784.00000000	4095.70474458123770000000000000000000
786.00000000	4059.09279136964960000000000000000000
788.00000000	4022.96724019766630000000000000000000
790.00000000	3987.32008291873670000000000000000000
792.00000000	3952.14345361424500000000000000000000
794.00000000	3917.42962644327870000000000000000000
796.00000000	3883.17101348714200000000000000000000
798.00000000	3849.36016259193270000000000000000000
800.00000000	3815.98975521221300000000000000000000
802.00000000	3783.05260425858340000000000000000000
804.00000000	3750.54165195172400000000000000000000
806.00000000	3718.44996768519800000000000000000000
808.00000000	3686.77074589929040000000000000000000
810.00000000	3655.49730396766000000000000000000000
812.00000000	3624.62308009874870000000000000000000
814.00000000	3594.14163125348660000000000000000000
816.00000000	3564.04663108075150000000000000000000
818.00000000	3534.33186787196100000000000000000000
820.00000000	3504.99124253590160000000000000000000
822.00000000	3476.01876659491900000000000000000000
824.00000000	3447.40856020345470000000000000000000
826.00000000	3419.15485018961640000000000000000000
828.00000000	3391.25196812072230000000000000000000
830.00000000	3363.69434839329870000000000000000000
832.00000000	3336.47652634817100000000000000000000
834.00000000	3309.59313641114000000000000000000000
836.00000000	3283.03891025961400000000000000000000
838.00000000	3256.80867501549940000000000000000000
840.00000000	3230.89735146473960000000000000000000
842.00000000	3205.29995230358400000000000000000000
844.00000000	3180.01158041180900000000000000000000
846.00000000	3155.02742715303570000000000000000000
848.00000000	3130.34277070211650000000000000000000
850.00000000	3105.95297439968400000000000000000000
852.00000000	3081.85348513380700000000000000000000
854.00000000	3058.03983174871660000000000000000000
856.00000000	3034.50762348050700000000000000000000
858.00000000	3011.25254841967600000000000000000000
860.00000000	2988.27037200038380000000000000000000
862.00000000	2965.55693551625750000000000000000000
864.00000000	2943.10815466251700000000000000000000
866.00000000	2920.92001810426340000000000000000000
868.00000000	2898.98858607060400000000000000000000
870.00000000	2877.30998897450700000000000000000000
872.00000000	2855.88042605794600000000000000000000
874.00000000	2834.69616406221080000000000000000000
876.00000000	2813.75353592300870000000000000000000
878.00000000	2793.04893949006330000000000000000000
880.00000000	2772.57883627093100000000000000000000
882.00000000	2752.33975019868150000000000000000000
884.00000000	2732.32826642316240000000000000000000
886.00000000	2712.54103012545970000000000000000000
888.00000000	2692.97474535526040000000000000000000
890.00000000	2673.62617389075700000000000000000000
892.00000000	2654.49213412078050000000000000000000
894.00000000	2635.56949994874960000000000000000000
896.00000000	2616.85519971818080000000000000000000
898.00000000	2598.34621515932530000000000000000000
900.00000000	2580.03958035663570000000000000000000
902.00000000	2561.93238073669640000000000000000000
904.00000000	2544.02175207626000000000000000000000
906.00000000	2526.30487953005600000000000000000000
908.00000000	2508.77899667804300000000000000000000
910.00000000	2491.44138459168830000000000000000000
912.00000000	2474.28937091902400000000000000000000
914.00000000	2457.32032898807100000000000000000000
916.00000000	2440.53167692833540000000000000000000
918.00000000	2423.92087681001000000000000000000000
920.00000000	2407.48543380057440000000000000000000
922.00000000	2391.22289533845240000000000000000000
924.00000000	2375.13085032339360000000000000000000
926.00000000	2359.20692832330770000000000000000000
928.00000000	2343.44879879713200000000000000000000
930.00000000	2327.85417033355720000000000000000000
932.00000000	2312.42078990517400000000000000000000
934.00000000	2297.14644213781640000000000000000000
936.00000000	2282.02894859478700000000000000000000
938.00000000	2267.06616707559900000000000000000000
940.00000000	2252.25599092910670000000000000000000
942.00000000	2237.59634838052000000000000000000000
944.00000000	2223.08520187220400000000000000000000
946.00000000	2208.72054741790900000000000000000000
948.00000000	2194.50041397013640000000000000000000
950.00000000	2180.42286280040300000000000000000000
952.00000000	2166.48598689218800000000000000000000
954.00000000	2152.68791034615970000000000000000000
956.00000000	2139.02678779760500000000000000000000
958.00000000	2125.50080384567500000000000000000000
960.00000000	2112.10817249426600000000000000000000
962.00000000	2098.84713660426360000000000000000000
964.00000000	2085.71596735696270000000000000000000
966.00000000	2072.71296372835470000000000000000000
968.00000000	2059.83645197413000000000000000000000
970.00000000	2047.08478512509920000000000000000000
972.00000000	2034.45634249290650000000000000000000
974.00000000	2021.94952918570380000000000000000000
976.00000000	2009.56277563368990000000000000000000
978.00000000	1997.29453712420880000000000000000000
980.00000000	1985.14329334629180000000000000000000
982.00000000	1973.10754794436640000000000000000000
984.00000000	1961.18582808100340000000000000000000
986.00000000	1949.37668400846630000000000000000000
988.00000000	1937.67868864888280000000000000000000
990.00000000	1926.09043718289380000000000000000000
992.00000000	1914.61054664655510000000000000000000
994.00000000	1903.23765553631460000000000000000000
996.00000000	1891.97042342194940000000000000000000
998.00000000	1880.80753056722940000000000000000000
1000.00000000	1869.74767755817580000000000000000000
1002.00000000	1858.78958493875170000000000000000000
1004.00000000	1847.93199285382820000000000000000000
1006.00000000	1837.17366069924400000000000000000000
1008.00000000	1826.51336677886050000000000000000000
1010.00000000	1815.94990796839920000000000000000000
1012.00000000	1805.48209938598800000000000000000000
1014.00000000	1795.10877406920050000000000000000000
1016.00000000	1784.82878265851970000000000000000000
1018.00000000	1774.64099308702900000000000000000000
1020.00000000	1764.54429027624900000000000000000000
1022.00000000	1754.53757583794070000000000000000000
1024.00000000	1744.61976778181860000000000000000000
1026.00000000	1734.78980022895600000000000000000000
1028.00000000	1725.04662313083700000000000000000000
1030.00000000	1715.38920199390240000000000000000000
1032.00000000	1705.81651760949510000000000000000000
1034.00000000	1696.32756578904950000000000000000000
1036.00000000	1686.92135710446300000000000000000000
1038.00000000	1677.59691663350030000000000000000000
1040.00000000	1668.35328371017180000000000000000000
1042.00000000	1659.18951167990300000000000000000000
1044.00000000	1650.10466765948880000000000000000000
1046.00000000	1641.09783230166750000000000000000000
1048.00000000	1632.16809956422660000000000000000000
1050.00000000	1623.31457648357330000000000000000000
1052.00000000	1614.53638295263140000000000000000000
1054.00000000	1605.83265150302670000000000000000000
1056.00000000	1597.20252709143370000000000000000000
1058.00000000	1588.64516688999200000000000000000000
1060.00000000	1580.15974008075180000000000000000000
1062.00000000	1571.74542765400130000000000000000000
1064.00000000	1563.40142221045470000000000000000000
1066.00000000	1555.12692776718900000000000000000000
1068.00000000	1546.92115956724300000000000000000000
1070.00000000	1538.78334389283280000000000000000000
1072.00000000	1530.71271788208580000000000000000000
1074.00000000	1522.70852934922250000000000000000000
1076.00000000	1514.77003660812870000000000000000000
1078.00000000	1506.89650829923700000000000000000000
1080.00000000	1499.08722321964100000000000000000000
1082.00000000	1491.34147015639100000000000000000000
1084.00000000	1483.65854772291410000000000000000000
1086.00000000	1476.03776419845990000000000000000000
1088.00000000	1468.47843737052950000000000000000000
1090.00000000	1460.97989438026250000000000000000000
1092.00000000	1453.54147157062860000000000000000000
1094.00000000	1446.16251433748800000000000000000000
1096.00000000	1438.84237698335230000000000000000000
1098.00000000	1431.58042257384890000000000000000000
1100.00000000	1424.37602279683690000000000000000000
1102.00000000	1417.22855782408990000000000000000000
1104.00000000	1410.13741617551450000000000000000000
1106.00000000	1403.10199458585270000000000000000000
1108.00000000	1396.12169787380840000000000000000000
1110.00000000	1389.19593881355040000000000000000000
1112.00000000	1382.32413800856720000000000000000000
1114.00000000	1375.50572376777360000000000000000000
1116.00000000	1368.74013198390620000000000000000000
1118.00000000	1362.02680601404930000000000000000000
1120.00000000	1355.36519656237370000000000000000000
1122.00000000	1348.75476156495000000000000000000000
1124.00000000	1342.19496607662750000000000000000000
1126.00000000	1335.68528215994800000000000000000000
1128.00000000	1329.22518877604400000000000000000000
1130.00000000	1322.81417167747440000000000000000000
1132.00000000	1316.45172330297100000000000000000000
1134.00000000	1310.13734267404900000000000000000000
1136.00000000	1303.87053529346240000000000000000000
1138.00000000	1297.65081304543500000000000000000000
1140.00000000	1291.47769409767600000000000000000000
1142.00000000	1285.35070280508850000000000000000000
1144.00000000	1279.26936961520690000000000000000000
1146.00000000	1273.23323097526850000000000000000000
1148.00000000	1267.24182924091300000000000000000000
1150.00000000	1261.29471258648660000000000000000000
1152.00000000	1255.39143491690360000000000000000000
1154.00000000	1249.53155578104360000000000000000000
1156.00000000	1243.71464028664760000000000000000000
1158.00000000	1237.94025901668370000000000000000000
1160.00000000	1232.20798794718210000000000000000000
1162.00000000	1226.51740836645060000000000000000000
1164.00000000	1220.86810679572160000000000000000000
1166.00000000	1215.25967491112600000000000000000000
1168.00000000	1209.69170946702570000000000000000000
1170.00000000	1204.16381222065620000000000000000000
1172.00000000	1198.67558985804540000000000000000000
1174.00000000	1193.22665392120940000000000000000000
1176.00000000	1187.81662073656800000000000000000000
1178.00000000	1182.44511134459230000000000000000000
1180.00000000	1177.11175143063450000000000000000000
1182.00000000	1171.81617125693220000000000000000000
1184.00000000	1166.55800559574410000000000000000000
1186.00000000	1161.33689366363000000000000000000000
1188.00000000	1156.15247905683260000000000000000000
1190.00000000	1151.00440968771680000000000000000000
1192.00000000	1145.89233772230930000000000000000000
1194.00000000	1140.81591951885900000000000000000000
1196.00000000	1135.77481556741210000000000000000000
1198.00000000	1130.76869043041940000000000000000000
1200.00000000	1125.79721268430030000000000000000000
1202.00000000	1120.86005486199520000000000000000000
1204.00000000	1115.95689339644970000000000000000000
1206.00000000	1111.08740856504400000000000000000000
1208.00000000	1106.25128443492740000000000000000000
1210.00000000	1101.44820880925840000000000000000000
1212.00000000	1096.67787317431360000000000000000000
1214.00000000	1091.93997264747420000000000000000000
1216.00000000	1087.23420592605180000000000000000000
1218.00000000	1082.56027523694800000000000000000000
1220.00000000	1077.91788628713930000000000000000000
1222.00000000	1073.30674821495840000000000000000000
1224.00000000	1068.72657354216100000000000000000000
1226.00000000	1064.16430356639240000000000000000000
1228.00000000	1059.64526981472110000000000000000000
1230.00000000	1055.15635638834920000000000000000000
1232.00000000	1050.69728888334880000000000000000000
1234.00000000	1046.26779605084240000000000000000000
1236.00000000	1041.86760975351830000000000000000000
1238.00000000	1037.49646492283200000000000000000000
1240.00000000	1033.15409951688280000000000000000000
1242.00000000	1028.84025447898560000000000000000000
1244.00000000	1024.55467369685700000000000000000000
1246.00000000	1020.29710396248450000000000000000000
1248.00000000	1016.06729493261660000000000000000000
1250.00000000	1011.86499908986160000000000000000000
1252.00000000	1007.68997170442570000000000000000000
1254.00000000	1003.54197079640960000000000000000000
1256.00000000	999.42075709876060000000000000000000
1258.00000000	995.32609402072810000000000000000000
1260.00000000	991.25774761194410000000000000000000
1262.00000000	987.21548652703610000000000000000000
1264.00000000	983.19908199080200000000000000000000
1266.00000000	979.20830776391680000000000000000000
1268.00000000	975.24294010917060000000000000000000
1270.00000000	971.30275775823610000000000000000000
1272.00000000	967.38754187893370000000000000000000
1274.00000000	963.49707604301340000000000000000000
1276.00000000	959.63114619442430000000000000000000
1278.00000000	955.78954061806420000000000000000000
1280.00000000	951.97204990902410000000000000000000
1282.00000000	948.17846694227990000000000000000000
1284.00000000	944.40858684286450000000000000000000
1286.00000000	940.66220695648000000000000000000000
1288.00000000	936.93912682056110000000000000000000
1290.00000000	933.23914813577300000000000000000000
1292.00000000	929.56207473794340000000000000000000
1294.00000000	925.90771257041440000000000000000000
1296.00000000	922.27586965681180000000000000000000
1298.00000000	918.66635607421840000000000000000000
1300.00000000	915.07898392675780000000000000000000
1302.00000000	911.51356731956510000000000000000000
1304.00000000	907.96992233314640000000000000000000
1306.00000000	904.44786699813140000000000000000000
1308.00000000	900.94722127037260000000000000000000
1310.00000000	897.46780700645460000000000000000000
1312.00000000	894.00944793953020000000000000000000
1314.00000000	890.57196965553100000000000000000000
1316.00000000	887.15519956972310000000000000000000
1318.00000000	883.75896690361230000000000000000000
1320.00000000	880.38310266217970000000000000000000
1322.00000000	877.02743961146110000000000000000000
1324.00000000	873.69181225644310000000000000000000
1326.00000000	870.37605681929670000000000000000000
1328.00000000	867.08001121791160000000000000000000
1330.00000000	863.80351504475120000000000000000000
1332.00000000	860.54640954601510000000000000000000
1334.00000000	857.30853760109700000000000000000000
1336.00000000	854.08974370234770000000000000000000
1338.00000000	850.88987393512620000000000000000000
1340.00000000	847.70877595812980000000000000000000
1342.00000000	844.54629898402270000000000000000000
1344.00000000	841.40229376032880000000000000000000
1346.00000000	838.27661255060650000000000000000000
1348.00000000	835.16910911588510000000000000000000
1350.00000000	832.07963869637050000000000000000000
1352.00000000	829.00805799341200000000000000000000
1354.00000000	825.95422515171990000000000000000000
1356.00000000	822.91799974183800000000000000000000
1358.00000000	819.89924274286810000000000000000000
1360.00000000	816.89781652543270000000000000000000
1362.00000000	813.91358483487620000000000000000000
1364.00000000	810.94641277470530000000000000000000
1366.00000000	807.99616679026970000000000000000000
1368.00000000	805.06271465265000000000000000000000
1370.00000000	802.14592544279920000000000000000000
1372.00000000	799.24566953588200000000000000000000
1374.00000000	796.36181858583540000000000000000000
1376.00000000	793.49424551016250000000000000000000
1378.00000000	790.64282447491340000000000000000000
1380.00000000	787.80743087988860000000000000000000
1382.00000000	784.98794134403820000000000000000000
1384.00000000	782.18423369108030000000000000000000
1386.00000000	779.39618693528030000000000000000000
1388.00000000	776.62368126747100000000000000000000
1390.00000000	773.86659804123590000000000000000000
1392.00000000	771.12481975928000000000000000000000
1394.00000000	768.39823006001070000000000000000000
1396.00000000	765.68671370426920000000000000000000
1398.00000000	762.99015656226980000000000000000000
1400.00000000	760.30844560070390000000000000000000
1402.00000000	757.64146887002390000000000000000000
1404.00000000	754.98911549188630000000000000000000
1406.00000000	752.35127564678660000000000000000000
1408.00000000	749.72784056183930000000000000000000
1410.00000000	747.11870249873440000000000000000000
1412.00000000	744.52375474185940000000000000000000
1414.00000000	741.94289158656440000000000000000000
1416.00000000	739.37600832759630000000000000000000
1418.00000000	736.82300124768860000000000000000000
1420.00000000	734.28376760629790000000000000000000
1422.00000000	731.75820562848760000000000000000000
1424.00000000	729.24621449397160000000000000000000
1426.00000000	726.74769432628970000000000000000000
1428.00000000	724.26254618213190000000000000000000
1430.00000000	721.79067204080630000000000000000000
1432.00000000	719.33197479384110000000000000000000
1434.00000000	716.88635823472230000000000000000000
1436.00000000	714.45372704877740000000000000000000
1438.00000000	712.03398680317590000000000000000000
1440.00000000	709.62704393707270000000000000000000
1442.00000000	707.23280575186990000000000000000000
1444.00000000	704.85118040162170000000000000000000
1446.00000000	702.48207688354230000000000000000000
1448.00000000	700.12540502865680000000000000000000
1450.00000000	697.78107549256160000000000000000000
1452.00000000	695.44899974631020000000000000000000
1454.00000000	693.12909006741020000000000000000000
1456.00000000	690.82125953094670000000000000000000
1458.00000000	688.52542200080610000000000000000000
1460.00000000	686.24149212102980000000000000000000
1462.00000000	683.96938530726270000000000000000000
1464.00000000	681.70901773831790000000000000000000
1466.00000000	679.46030634785120000000000000000000
1468.00000000	677.22316881614070000000000000000000
1470.00000000	674.99752356197080000000000000000000
1472.00000000	672.78328973461010000000000000000000
1474.00000000	670.58038720591090000000000000000000
1476.00000000	668.38873656249130000000000000000000
1478.00000000	666.20825909802340000000000000000000
1480.00000000	664.03887680561410000000000000000000
1482.00000000	661.88051237029460000000000000000000
1484.00000000	659.73308916158370000000000000000000
1486.00000000	657.59653122616280000000000000000000
1488.00000000	655.47076328063550000000000000000000
1490.00000000	653.35571070437300000000000000000000
1492.00000000	651.25129953246140000000000000000000
1494.00000000	649.15745644871960000000000000000000
1496.00000000	647.07410877882170000000000000000000
1498.00000000	645.00118448349380000000000000000000
1500.00000000	642.93861215179700000000000000000000
1502.00000000	640.88632099448970000000000000000000
1504.00000000	638.84424083749290000000000000000000
1506.00000000	636.81230211540050000000000000000000
1508.00000000	634.79043586509940000000000000000000
1510.00000000	632.77857371945820000000000000000000
1512.00000000	630.77664790108110000000000000000000
1514.00000000	628.78459121616830000000000000000000
1516.00000000	626.80233704841300000000000000000000
1518.00000000	624.82981935300940000000000000000000
1520.00000000	622.86697265070120000000000000000000
1522.00000000	620.91373202193230000000000000000000
1524.00000000	618.97003310104560000000000000000000
1526.00000000	617.03581207056320000000000000000000
1528.00000000	615.11100565552970000000000000000000
1530.00000000	613.19555111793700000000000000000000
1532.00000000	611.28938625119530000000000000000000
1534.00000000	609.39244937468770000000000000000000
1536.00000000	607.50467932838550000000000000000000
1538.00000000	605.62601546752440000000000000000000
1540.00000000	603.75639765734660000000000000000000
1542.00000000	601.89576626790770000000000000000000
1544.00000000	600.04406216894480000000000000000000
1546.00000000	598.20122672480110000000000000000000
1548.00000000	596.36720178942080000000000000000000
1550.00000000	594.54192970138760000000000000000000
1552.00000000	592.72535327904260000000000000000000
1554.00000000	590.91741581564320000000000000000000
1556.00000000	589.11806107458090000000000000000000
1558.00000000	587.32723328466620000000000000000000
1560.00000000	585.54487713546140000000000000000000
1562.00000000	583.77093777266160000000000000000000
1564.00000000	582.00536079355000000000000000000000
1566.00000000	580.24809224248040000000000000000000
1568.00000000	578.49907860643280000000000000000000
1570.00000000	576.75826681061290000000000000000000
1572.00000000	575.02560421410320000000000000000000
1574.00000000	573.30103860556590000000000000000000
1576.00000000	571.58451819899140000000000000000000
1578.00000000	569.87599162950260000000000000000000
1580.00000000	568.17540794920660000000000000000000
1582.00000000	566.48271662308910000000000000000000
1584.00000000	564.79786752495690000000000000000000
1586.00000000	563.12081093344050000000000000000000
1588.00000000	561.45149752801390000000000000000000
1590.00000000	559.78987838509860000000000000000000
1592.00000000	558.13590497417110000000000000000000
1594.00000000	556.48952915395580000000000000000000
1596.00000000	554.85070316862150000000000000000000
1598.00000000	553.21937964405240000000000000000000
1600.00000000	551.59551158415080000000000000000000
1602.00000000	549.97905236716990000000000000000000
1604.00000000	548.36995574211020000000000000000000
1606.00000000	546.76817582514170000000000000000000
1608.00000000	545.17366709606500000000000000000000
1610.00000000	543.58638439482600000000000000000000
1612.00000000	542.00628291805900000000000000000000
1614.00000000	540.43331821566600000000000000000000
1616.00000000	538.86744618744570000000000000000000
1618.00000000	537.30862307975190000000000000000000
1620.00000000	535.75680548219250000000000000000000
1622.00000000	534.21195032436250000000000000000000
1624.00000000	532.67401487261700000000000000000000
1626.00000000	531.14295672687710000000000000000000
1628.00000000	529.61873381747500000000000000000000
1630.00000000	528.10130440202830000000000000000000
1632.00000000	526.59062706235850000000000000000000
1634.00000000	525.08666070142930000000000000000000
1636.00000000	523.58936454033500000000000000000000
1638.00000000	522.09869811530680000000000000000000
1640.00000000	520.61462127476810000000000000000000
1642.00000000	519.13709417640250000000000000000000
1644.00000000	517.66607728427470000000000000000000
1646.00000000	516.20153136596830000000000000000000
1648.00000000	514.74341748976160000000000000000000
1650.00000000	513.29169702183030000000000000000000
1652.00000000	511.84633162348365000000000000000000
1654.00000000	510.40728324843104000000000000000000
1656.00000000	508.97451414007696000000000000000000
1658.00000000	507.54798682884575000000000000000000
1660.00000000	506.12766412953005000000000000000000
1662.00000000	504.71350913868014000000000000000000
1664.00000000	503.30548523201315000000000000000000
1666.00000000	501.90355606184625000000000000000000
1668.00000000	500.50768555456620000000000000000000
1670.00000000	499.11783790812340000000000000000000
1672.00000000	497.73397758954920000000000000000000
1674.00000000	496.35606933250410000000000000000000
1676.00000000	494.98407813485255000000000000000000
1678.00000000	493.61796925625830000000000000000000
1680.00000000	492.25770821580903000000000000000000
1682.00000000	490.90326078966630000000000000000000
1684.00000000	489.55459300874554000000000000000000
1686.00000000	488.21167115640810000000000000000000
1688.00000000	486.87446176618530000000000000000000
1690.00000000	485.54293161953590000000000000000000
1692.00000000	484.21704774360340000000000000000000
1694.00000000	482.89677740902400000000000000000000
1696.00000000	481.58208812773530000000000000000000
1698.00000000	480.27294765082570000000000000000000
1700.00000000	478.96932396639050000000000000000000
1702.00000000	477.67118529742714000000000000000000
1704.00000000	476.37850009973414000000000000000000
1706.00000000	475.09123705985100000000000000000000
1708.00000000	473.80936509299914000000000000000000
1710.00000000	472.53285334107040000000000000000000
1712.00000000	471.26167117060305000000000000000000
1714.00000000	469.99578817081380000000000000000000
1716.00000000	468.73517415162235000000000000000000
1718.00000000	467.47979914171320000000000000000000
1720.00000000	466.22963338661070000000000000000000
1722.00000000	464.98464734677253000000000000000000
1724.00000000	463.74481169571135000000000000000000
1726.00000000	462.51009731812290000000000000000000
1728.00000000	461.28047530804434000000000000000000
1730.00000000	460.05591696703120000000000000000000
1732.00000000	458.83639380233825000000000000000000
1734.00000000	457.62187752514257000000000000000000
1736.00000000	456.41234004876316000000000000000000
1738.00000000	455.20775348691220000000000000000000
1740.00000000	454.00809015195875000000000000000000
1742.00000000	452.81332255321360000000000000000000
1744.00000000	451.62342339522020000000000000000000
1746.00000000	450.43836557608450000000000000000000
1748.00000000	449.25812218579966000000000000000000
1750.00000000	448.08266650460010000000000000000000
1752.00000000	446.91197200132860000000000000000000
1754.00000000	445.74601233181770000000000000000000
1756.00000000	444.58476133729940000000000000000000
1758.00000000	443.42819304280863000000000000000000
1760.00000000	442.27628165562385000000000000000000
1762.00000000	441.12900156371387000000000000000000
1764.00000000	439.98632733419845000000000000000000
1766.00000000	438.84823371182880000000000000000000
1768.00000000	437.71469561748256000000000000000000
1770.00000000	436.58568814667035000000000000000000
1772.00000000	435.46118656806380000000000000000000
1774.00000000	434.34116632202876000000000000000000
1776.00000000	433.22560301918270000000000000000000
1778.00000000	432.11447243895600000000000000000000
1780.00000000	431.00775052818350000000000000000000
1782.00000000	429.90541339968880000000000000000000
1784.00000000	428.80743733090230000000000000000000
1786.00000000	427.71379876247730000000000000000000
1788.00000000	426.62447429693435000000000000000000
1790.00000000	425.53944069729965000000000000000000
1792.00000000	424.45867488578256000000000000000000
1794.00000000	423.38215394243900000000000000000000
1796.00000000	422.30985510387035000000000000000000
1798.00000000	421.24175576191500000000000000000000
1800.00000000	420.17783346237650000000000000000000
1802.00000000	419.11806590373794000000000000000000
1804.00000000	418.06243093590810000000000000000000
1806.00000000	417.01090655897290000000000000000000
1808.00000000	415.96347092195435000000000000000000
1810.00000000	414.92010232159527000000000000000000
1812.00000000	413.88077920113574000000000000000000
1814.00000000	412.84548014912440000000000000000000
1816.00000000	411.81418389821630000000000000000000
1818.00000000	410.78686932400876000000000000000000
1820.00000000	409.76351544386125000000000000000000
1822.00000000	408.74410141575330000000000000000000
1824.00000000	407.72860653712950000000000000000000
1826.00000000	406.71701024377370000000000000000000
1828.00000000	405.70929210868115000000000000000000
1830.00000000	404.70543184095320000000000000000000
1832.00000000	403.70540928468637000000000000000000
1834.00000000	402.70920441789474000000000000000000
1836.00000000	401.71679735141720000000000000000000
1838.00000000	400.72816832785566000000000000000000
1840.00000000	399.74329772051163000000000000000000
1842.00000000	398.76216603233695000000000000000000
1844.00000000	397.78475389489300000000000000000000
1846.00000000	396.81104206732180000000000000000000
1848.00000000	395.84101143532900000000000000000000
1850.00000000	394.87464301016260000000000000000000
1852.00000000	393.91191792762140000000000000000000
1854.00000000	392.95281744706136000000000000000000
1856.00000000	391.99732295040850000000000000000000
1858.00000000	391.04541594118905000000000000000000
1860.00000000	390.09707804356510000000000000000000
1862.00000000	389.15229100137606000000000000000000
1864.00000000	388.21103667719660000000000000000000
1866.00000000	387.27329705139624000000000000000000
1868.00000000	386.33905422120950000000000000000000
1870.00000000	385.40829039981475000000000000000000
1872.00000000	384.48098791542947000000000000000000
1874.00000000	383.55712921039780000000000000000000
1876.00000000	382.63669684029890000000000000000000
1878.00000000	381.71967347306224000000000000000000
1880.00000000	380.80604188808553000000000000000000
1882.00000000	379.89578497536590000000000000000000
1884.00000000	378.98888573463717000000000000000000
1886.00000000	378.08532727451400000000000000000000
1888.00000000	377.18509281164614000000000000000000
1890.00000000	376.28816566988115000000000000000000
1892.00000000	375.39452927942870000000000000000000
1894.00000000	374.50416717603747000000000000000000
1896.00000000	373.61706300018443000000000000000000
1898.00000000	372.73320049625620000000000000000000
1900.00000000	371.85256351175764000000000000000000
1902.00000000	370.97513599650830000000000000000000
1904.00000000	370.10090200186215000000000000000000
1906.00000000	369.22984567992420000000000000000000
1908.00000000	368.36195128277950000000000000000000
1910.00000000	367.49720316172510000000000000000000
1912.00000000	366.63558576651064000000000000000000
1914.00000000	365.77708364458730000000000000000000
1916.00000000	364.92168144036503000000000000000000
1918.00000000	364.06936389446724000000000000000000
1920.00000000	363.22011584300510000000000000000000
1922.00000000	362.37392221684803000000000000000000
1924.00000000	361.53076804090420000000000000000000
1926.00000000	360.69063843341200000000000000000000
1928.00000000	359.85351860522660000000000000000000
1930.00000000	359.01939385912806000000000000000000
1932.00000000	358.18824958912097000000000000000000
1934.00000000	357.36007127975120000000000000000000
1936.00000000	356.53484450541885000000000000000000
1938.00000000	355.71255492971005000000000000000000
1940.00000000	354.89318830471933000000000000000000
1942.00000000	354.07673047039464000000000000000000
1944.00000000	353.26316735387013000000000000000000
1946.00000000	352.45248496882090000000000000000000
1948.00000000	351.64466941481476000000000000000000
1950.00000000	350.83970687666965000000000000000000
1952.00000000	350.03758362382376000000000000000000
1954.00000000	349.23828600969875000000000000000000
1956.00000000	348.44180047108110000000000000000000
1958.00000000	347.64811352750354000000000000000000
1960.00000000	346.85721178062850000000000000000000
1962.00000000	346.06908191364460000000000000000000
1964.00000000	345.28371069065923000000000000000000
1966.00000000	344.50108495610710000000000000000000
1968.00000000	343.72119163415266000000000000000000
1970.00000000	342.94401772810670000000000000000000
1972.00000000	342.16955031984510000000000000000000
1974.00000000	341.39777656922780000000000000000000
1976.00000000	340.62868371353204000000000000000000
1978.00000000	339.86225906688156000000000000000000
1980.00000000	339.09849001968540000000000000000000
1982.00000000	338.33736403808535000000000000000000
1984.00000000	337.57886866339420000000000000000000
1986.00000000	336.82299151155910000000000000000000
1988.00000000	336.06972027260775000000000000000000
1990.00000000	335.31904271012040000000000000000000
1992.00000000	334.57094666068730000000000000000000
1994.00000000	333.82542003338540000000000000000000
1996.00000000	333.08245080925060000000000000000000
1998.00000000	332.34202704076180000000000000000000
2000.00000000	331.60413685131820000000000000000000
