24.78622	0.90774	3.81333E-4
24.79862	0.90764	3.82E-4
24.81104	0.90754	3.82667E-4
24.82347	0.90745	3.83E-4
24.83591	0.90735	3.83667E-4
24.84837	0.90726	3.84333E-4
24.86084	0.90716	3.85E-4
24.87332	0.90706	3.85667E-4
24.88581	0.90697	3.86333E-4
24.89832	0.90687	3.86667E-4
24.91083	0.90677	3.87333E-4
24.92336	0.90668	3.88E-4
24.93591	0.90658	3.88667E-4
24.94846	0.90648	3.89333E-4
24.96103	0.90638	3.9E-4
24.97361	0.90629	3.90667E-4
24.98621	0.90619	3.91E-4
24.99881	0.90609	3.91667E-4
25.01143	0.90599	3.92333E-4
25.02406	0.90589	3.93E-4
25.03671	0.9058	3.93667E-4
25.04937	0.9057	3.94333E-4
25.06204	0.9056	3.95E-4
25.07472	0.9055	3.95667E-4
25.08742	0.9054	3.96333E-4
25.10013	0.9053	3.96667E-4
25.11285	0.9052	3.97333E-4
25.12558	0.9051	3.98E-4
25.13833	0.905	3.98667E-4
25.15109	0.9049	3.99333E-4
25.16386	0.9048	4E-4
25.17665	0.9047	4.00667E-4
25.18945	0.9046	4.01333E-4
25.20226	0.9045	4.02E-4
25.21509	0.9044	4.02667E-4
25.22793	0.9043	4.03333E-4
25.24078	0.9042	4.04E-4
25.25364	0.9041	4.04667E-4
25.26652	0.904	4.05333E-4
25.27941	0.9039	4.06E-4
25.29232	0.90379	4.06333E-4
25.30523	0.90369	4.07333E-4
25.31816	0.90359	4.07667E-4
25.33111	0.90349	4.08333E-4
25.34407	0.90339	4.09333E-4
25.35704	0.90328	4.09667E-4
25.37002	0.90318	4.10333E-4
25.38302	0.90308	4.11333E-4
25.39603	0.90297	4.11667E-4
25.40905	0.90287	4.12333E-4
25.42209	0.90277	4.13333E-4
25.43514	0.90267	4.13667E-4
25.4482	0.90256	4.14333E-4
25.46128	0.90246	4.15333E-4
25.47437	0.90235	4.16E-4
25.48747	0.90225	4.16333E-4
25.50059	0.90215	4.17333E-4
25.51372	0.90204	4.18E-4
25.52687	0.90194	4.18667E-4
25.54003	0.90183	4.19333E-4
25.5532	0.90173	4.2E-4
25.56638	0.90162	4.20667E-4
25.57958	0.90152	4.21333E-4
25.59279	0.90141	4.22E-4
25.60602	0.9013	4.22667E-4
25.61926	0.9012	4.23333E-4
25.63251	0.90109	4.24E-4
25.64578	0.90099	4.24667E-4
25.65906	0.90088	4.25333E-4
25.67236	0.90077	4.26333E-4
25.68567	0.90067	4.27E-4
25.69899	0.90056	4.27667E-4
25.71232	0.90045	4.28333E-4
25.72567	0.90035	4.29E-4
25.73904	0.90024	4.29667E-4
25.75242	0.90013	4.30333E-4
25.76581	0.90002	4.31333E-4
25.77921	0.89992	4.32E-4
25.79263	0.89981	4.32333E-4
25.80607	0.8997	4.33333E-4
25.81952	0.89959	4.34E-4
25.83298	0.89948	4.34667E-4
25.84645	0.89937	4.35333E-4
25.85994	0.89926	4.36333E-4
25.87345	0.89915	4.37E-4
25.88696	0.89904	4.37667E-4
25.9005	0.89893	4.38333E-4
25.91404	0.89883	4.39E-4
25.9276	0.89872	4.4E-4
25.94118	0.8986	4.40333E-4
25.95477	0.8985	4.41333E-4
25.96837	0.89838	4.42E-4
25.98199	0.89827	4.42667E-4
25.99562	0.89816	4.43333E-4
26.00926	0.89805	4.44333E-4
26.02292	0.89794	4.45E-4
26.0366	0.89783	4.45667E-4
26.05029	0.89772	4.46333E-4
26.06399	0.89761	4.47333E-4
26.07771	0.89749	4.48E-4
26.09144	0.89738	4.48667E-4
26.10519	0.89727	4.49333E-4
26.11895	0.89716	4.50333E-4
26.13273	0.89704	4.51E-4
26.14652	0.89693	4.52E-4
26.16032	0.89682	4.52333E-4
26.17414	0.8967	4.53333E-4
26.18798	0.89659	4.54E-4
26.20182	0.89648	4.55E-4
26.21569	0.89636	4.55333E-4
26.22957	0.89625	4.56333E-4
26.24346	0.89614	4.57333E-4
26.25737	0.89602	4.58E-4
26.27129	0.89591	4.58667E-4
26.28522	0.89579	4.59333E-4
26.29918	0.89568	4.60333E-4
26.31314	0.89556	4.61E-4
26.32713	0.89544	4.62E-4
26.34112	0.89533	4.62333E-4
26.35513	0.89521	4.63333E-4
26.36916	0.8951	4.64333E-4
26.3832	0.89498	4.65E-4
26.39726	0.89486	4.66E-4
26.41133	0.89475	4.66333E-4
26.42541	0.89463	4.67333E-4
26.43951	0.89451	4.68333E-4
26.45363	0.8944	4.69E-4
26.46776	0.89428	4.7E-4
26.48191	0.89416	4.70333E-4
26.49607	0.89404	4.71333E-4
26.51025	0.89393	4.72333E-4
26.52444	0.89381	4.73E-4
26.53864	0.89369	4.74E-4
26.55287	0.89357	4.74333E-4
26.5671	0.89345	4.75333E-4
26.58136	0.89333	4.76333E-4
26.59562	0.89321	4.77E-4
26.60991	0.89309	4.78E-4
26.62421	0.89297	4.78667E-4
26.63852	0.89285	4.79333E-4
26.65285	0.89273	4.80333E-4
26.6672	0.89261	4.81333E-4
26.68156	0.89249	4.82E-4
26.69593	0.89237	4.83E-4
26.71032	0.89225	4.83333E-4
26.72473	0.89213	4.84333E-4
26.73915	0.89201	4.85333E-4
26.75359	0.89189	4.86333E-4
26.76804	0.89177	4.87E-4
26.78251	0.89164	4.88E-4
26.797	0.89152	4.89E-4
26.8115	0.8914	4.89333E-4
26.82601	0.89128	4.90333E-4
26.84055	0.89115	4.91333E-4
26.85509	0.89103	4.92333E-4
26.86966	0.89091	4.93E-4
26.88424	0.89078	4.94E-4
26.89883	0.89066	4.95E-4
26.91344	0.89054	4.95333E-4
26.92807	0.89041	4.96333E-4
26.94271	0.89029	4.97333E-4
26.95737	0.89016	4.98333E-4
26.97205	0.89004	4.99333E-4
26.98674	0.88991	5E-4
27.00144	0.88979	5.01E-4
27.01617	0.88966	5.01667E-4
27.0309	0.88954	5.02333E-4
27.04566	0.88941	5.03333E-4
27.06043	0.88929	5.04333E-4
27.07522	0.88916	5.05333E-4
27.09002	0.88903	5.06333E-4
27.10484	0.88891	5.07E-4
27.11968	0.88878	5.08E-4
27.13453	0.88865	5.09E-4
27.1494	0.88852	5.09667E-4
27.16428	0.8884	5.10333E-4
27.17918	0.88827	5.11333E-4
27.1941	0.88814	5.12333E-4
27.20903	0.88801	5.13333E-4
27.22398	0.88788	5.14333E-4
27.23895	0.88776	5.15333E-4
27.25393	0.88763	5.16333E-4
27.26893	0.8875	5.17E-4
27.28395	0.88737	5.18E-4
27.29898	0.88724	5.19E-4
27.31403	0.88711	5.2E-4
27.3291	0.88698	5.20667E-4
27.34418	0.88685	5.21333E-4
27.35928	0.88672	5.22333E-4
27.37439	0.88659	5.23333E-4
27.38952	0.88645	5.24333E-4
27.40467	0.88632	5.25333E-4
27.41984	0.88619	5.26333E-4
27.43502	0.88606	5.27333E-4
27.45022	0.88593	5.28333E-4
27.46544	0.8858	5.29333E-4
27.48067	0.88566	5.30333E-4
27.49592	0.88553	5.31333E-4
27.51119	0.8854	5.32E-4
27.52647	0.88526	5.33E-4
27.54177	0.88513	5.34E-4
27.55709	0.885	5.35E-4
27.57243	0.88486	5.36E-4
27.58778	0.88473	5.37E-4
27.60315	0.88459	5.37667E-4
27.61853	0.88446	5.38667E-4
27.63394	0.88432	5.39667E-4
27.64936	0.88419	5.40667E-4
27.6648	0.88405	5.41667E-4
27.68025	0.88392	5.42667E-4
27.69572	0.88378	5.43667E-4
27.71121	0.88365	5.44667E-4
27.72672	0.88351	5.45333E-4
27.74224	0.88337	5.46333E-4
27.75779	0.88324	5.47333E-4
27.77335	0.8831	5.48333E-4
27.78892	0.88296	5.49333E-4
27.80452	0.88282	5.50333E-4
27.82013	0.88269	5.51667E-4
27.83576	0.88255	5.52667E-4
27.8514	0.88241	5.53667E-4
27.86707	0.88227	5.54667E-4
27.88275	0.88213	5.55667E-4
27.89845	0.88199	5.56667E-4
27.91417	0.88185	5.57667E-4
27.9299	0.88171	5.58667E-4
27.94566	0.88157	5.59667E-4
27.96143	0.88143	5.60667E-4
27.97722	0.88129	5.61667E-4
27.99302	0.88115	5.63E-4
28.00885	0.88101	5.64E-4
28.02469	0.88087	5.65E-4
28.04055	0.88073	5.66E-4
28.05643	0.88059	5.67333E-4
28.07232	0.88044	5.68333E-4
28.08824	0.8803	5.69333E-4
28.10417	0.88016	5.70333E-4
28.12012	0.88002	5.71333E-4
28.13609	0.87987	5.72333E-4
28.15207	0.87973	5.73333E-4
28.16808	0.87959	5.74333E-4
28.1841	0.87944	5.75333E-4
28.20014	0.8793	5.76333E-4
28.2162	0.87915	5.77667E-4
28.23228	0.87901	5.78667E-4
28.24837	0.87887	5.79667E-4
28.26449	0.87872	5.81E-4
28.28062	0.87857	5.82E-4
28.29677	0.87843	5.83333E-4
28.31294	0.87828	5.84333E-4
28.32913	0.87814	5.85333E-4
28.34534	0.87799	5.86333E-4
28.36156	0.87784	5.87333E-4
28.37781	0.8777	5.88667E-4
28.39407	0.87755	5.89667E-4
28.41035	0.8774	5.90667E-4
28.42665	0.87725	5.92E-4
28.44297	0.8771	5.93333E-4
28.4593	0.87696	5.94333E-4
28.47566	0.87681	5.95333E-4
28.49204	0.87666	5.96333E-4
28.50843	0.87651	5.97333E-4
28.52484	0.87636	5.98667E-4
28.54127	0.87621	5.99667E-4
28.55772	0.87606	6.01E-4
28.57419	0.87591	6.02333E-4
28.59068	0.87576	6.03333E-4
28.60719	0.87561	6.04333E-4
28.62371	0.87546	6.05333E-4
28.64026	0.8753	6.06667E-4
28.65682	0.87515	6.07667E-4
28.67341	0.875	6.09333E-4
28.69001	0.87485	6.10333E-4
28.70663	0.87469	6.11333E-4
28.72327	0.87454	6.12333E-4
28.73994	0.87439	6.13667E-4
28.75662	0.87423	6.14667E-4
28.77332	0.87408	6.16333E-4
28.79003	0.87393	6.17333E-4
28.80677	0.87377	6.18333E-4
28.82353	0.87362	6.19667E-4
28.84031	0.87346	6.20667E-4
28.8571	0.87331	6.22333E-4
28.87392	0.87315	6.23333E-4
28.89076	0.87299	6.24333E-4
28.90761	0.87284	6.25667E-4
28.92449	0.87268	6.26667E-4
28.94138	0.87252	6.28333E-4
28.9583	0.87237	6.29333E-4
28.97523	0.87221	6.30333E-4
28.99219	0.87205	6.31667E-4
29.00916	0.87189	6.33E-4
29.02616	0.87173	6.34333E-4
29.04317	0.87157	6.35333E-4
29.0602	0.87142	6.36667E-4
29.07726	0.87126	6.37667E-4
29.09433	0.8711	6.39333E-4
29.11143	0.87094	6.40333E-4
29.12854	0.87078	6.41667E-4
29.14568	0.87062	6.43E-4
29.16283	0.87045	6.44333E-4
29.18001	0.87029	6.45333E-4
29.1972	0.87013	6.46667E-4
29.21442	0.86997	6.48333E-4
29.23165	0.86981	6.49333E-4
29.24891	0.86964	6.50667E-4
29.26618	0.86948	6.51667E-4
29.28348	0.86932	6.53333E-4
29.3008	0.86915	6.54667E-4
29.31814	0.86899	6.55667E-4
29.33549	0.86883	6.57333E-4
29.35287	0.86866	6.58333E-4
29.37027	0.8685	6.59667E-4
29.38769	0.86833	6.61333E-4
29.40513	0.86817	6.62333E-4
29.42259	0.868	6.63667E-4
29.44008	0.86783	6.65E-4
29.45758	0.86767	6.66333E-4
29.4751	0.8675	6.67667E-4
29.49265	0.86733	6.69E-4
29.51021	0.86717	6.70333E-4
29.5278	0.867	6.71667E-4
29.54541	0.86683	6.73333E-4
29.56304	0.86666	6.74333E-4
29.58069	0.86649	6.75667E-4
29.59836	0.86632	6.77333E-4
29.61605	0.86615	6.78667E-4
29.63376	0.86598	6.8E-4
29.6515	0.86581	6.81333E-4
29.66925	0.86564	6.82667E-4
29.68703	0.86547	6.84333E-4
29.70483	0.8653	6.85667E-4
29.72264	0.86513	6.86667E-4
29.74049	0.86496	6.88333E-4
29.75835	0.86478	6.89667E-4
29.77623	0.86461	6.91333E-4
29.79414	0.86444	6.92667E-4
29.81206	0.86426	6.94E-4
29.83001	0.86409	6.95667E-4
29.84798	0.86392	6.96667E-4
29.86597	0.86374	6.98333E-4
29.88399	0.86357	6.99667E-4
29.90202	0.86339	7.01333E-4
29.92008	0.86322	7.02667E-4
29.93816	0.86304	7.04333E-4
29.95626	0.86286	7.05667E-4
29.97438	0.86269	7.07333E-4
29.99252	0.86251	7.08667E-4
30.01069	0.86233	7.1E-4
30.02888	0.86215	7.11667E-4
30.04709	0.86198	7.13E-4
30.06532	0.8618	7.14667E-4
30.08358	0.86162	7.16333E-4
30.10185	0.86144	7.17667E-4
30.12015	0.86126	7.19333E-4
30.13847	0.86108	7.20667E-4
30.15682	0.8609	7.22333E-4
30.17518	0.86072	7.23667E-4
30.19357	0.86054	7.25333E-4
30.21198	0.86035	7.26667E-4
30.23041	0.86017	7.28667E-4
30.24887	0.85999	7.3E-4
30.26735	0.85981	7.31667E-4
30.28585	0.85962	7.33333E-4
30.30437	0.85944	7.34667E-4
30.32292	0.85926	7.36333E-4
30.34149	0.85907	7.38E-4
30.36008	0.85889	7.39667E-4
30.37869	0.8587	7.41333E-4
30.39733	0.85852	7.42667E-4
30.41599	0.85833	7.44667E-4
30.43467	0.85814	7.46333E-4
30.45338	0.85796	7.47667E-4
30.47211	0.85777	7.49667E-4
30.49086	0.85758	7.51333E-4
30.50964	0.85739	7.52667E-4
30.52843	0.8572	7.54667E-4
30.54726	0.85702	7.56333E-4
30.5661	0.85683	7.58E-4
30.58497	0.85664	7.59667E-4
30.60386	0.85645	7.61667E-4
30.62277	0.85626	7.63333E-4
30.64171	0.85606	7.65E-4
30.66067	0.85587	7.66667E-4
30.67966	0.85568	7.68667E-4
30.69867	0.85549	7.70667E-4
30.7177	0.85529	7.72333E-4
30.73676	0.8551	7.74E-4
30.75583	0.85491	7.76E-4
30.77494	0.85471	7.77667E-4
30.79406	0.85452	7.79667E-4
30.81321	0.85432	7.81667E-4
30.83239	0.85413	7.83667E-4
30.85159	0.85393	7.85667E-4
30.87081	0.85373	7.87667E-4
30.89006	0.85354	7.89667E-4
30.90933	0.85334	7.91667E-4
30.92862	0.85314	7.94E-4
30.94794	0.85294	7.96E-4
30.96728	0.85274	7.98333E-4
30.98665	0.85254	8.00667E-4
31.00604	0.85234	8.02667E-4
31.02545	0.85214	8.05E-4
31.04489	0.85194	8.07667E-4
31.06436	0.85174	8.1E-4
31.08384	0.85154	8.12667E-4
31.10336	0.85133	8.15333E-4
31.12289	0.85113	8.18333E-4
31.14246	0.85092	8.21333E-4
31.16204	0.85072	8.24667E-4
31.18165	0.85051	8.28333E-4
31.20129	0.85031	8.32333E-4
31.22095	0.8501	8.36333E-4
31.24064	0.8499	8.41E-4
31.26035	0.84969	8.45667E-4
31.28008	0.84948	8.50667E-4
31.29984	0.84927	8.54667E-4
31.31963	0.84907	8.59667E-4
31.33944	0.84886	8.64333E-4
31.35927	0.84865	8.7E-4
31.37913	0.84844	8.75333E-4
31.39902	0.84823	8.81E-4
31.41893	0.84802	8.86333E-4
31.43886	0.8478	8.91667E-4
31.45882	0.84759	8.97667E-4
31.47881	0.84738	9.03667E-4
31.49882	0.84717	9.11E-4
31.51886	0.84695	9.18333E-4
31.53892	0.84674	9.26667E-4
31.55901	0.84652	9.35667E-4
31.57913	0.84631	9.46E-4
31.59927	0.84609	9.56667E-4
31.61943	0.84588	9.68333E-4
31.63962	0.84567	9.79667E-4
31.65984	0.84545	9.90333E-4
31.68008	0.84524	0.001
31.70035	0.84503	0.00101
31.72065	0.84482	0.00102
31.74097	0.84461	0.00103
31.76131	0.84439	0.00104
31.78169	0.84418	0.00105
31.80209	0.84397	0.00105
31.82251	0.84375	0.00106
31.84296	0.84354	0.00106
31.86344	0.84332	0.00107
31.88394	0.8431	0.00108
31.90447	0.84288	0.00108
31.92503	0.84266	0.00109
31.94562	0.84244	0.0011
31.96623	0.84222	0.00111
31.98686	0.842	0.00111
32.00753	0.84179	0.00112
32.02822	0.84157	0.00113
32.04893	0.84135	0.00113
32.06968	0.84112	0.00114
32.09045	0.8409	0.00115
32.11124	0.84068	0.00115
32.13207	0.84045	0.00116
32.15292	0.84022	0.00116
32.1738	0.84	0.00117
32.1947	0.83977	0.00118
32.21564	0.83954	0.00119
32.2366	0.83931	0.0012
32.25758	0.83908	0.00121
32.2786	0.83885	0.00122
32.29964	0.83862	0.00124
32.32071	0.83839	0.00125
32.34181	0.83817	0.00126
32.36293	0.83794	0.00127
32.38408	0.83771	0.00128
32.40526	0.83748	0.0013
32.42647	0.83726	0.00131
32.44771	0.83703	0.00132
32.46897	0.8368	0.00133
32.49026	0.83657	0.00134
32.51158	0.83634	0.00136
32.53293	0.83611	0.00137
32.5543	0.83589	0.00137
32.57571	0.83566	0.00138
32.59714	0.83543	0.00139
32.6186	0.83519	0.00139
32.64008	0.83496	0.0014
32.6616	0.83472	0.00141
32.68315	0.83449	0.00142
32.70472	0.83425	0.00143
32.72632	0.83402	0.00144
32.74795	0.83378	0.00145
32.76961	0.83354	0.00145
32.7913	0.83331	0.00146
32.81301	0.83307	0.00147
32.83476	0.83282	0.00148
32.85653	0.83258	0.00149
32.87833	0.83234	0.0015
32.90017	0.8321	0.00151
32.92203	0.83185	0.00153
32.94392	0.83161	0.00154
32.96583	0.83137	0.00156
32.98778	0.83113	0.00157
33.00976	0.83089	0.00159
33.03177	0.83066	0.0016
33.0538	0.83041	0.00161
33.07587	0.83017	0.00162
33.09796	0.82993	0.00163
33.12009	0.82969	0.00164
33.14224	0.82945	0.00165
33.16442	0.8292	0.00166
33.18664	0.82896	0.00168
33.20888	0.82872	0.00169
33.23115	0.82848	0.0017
33.25346	0.82824	0.0017
33.27579	0.82799	0.00171
33.29815	0.82775	0.00171
33.32054	0.8275	0.00171
33.34297	0.82724	0.00171
33.36542	0.82698	0.00171
33.3879	0.82673	0.00172
33.41042	0.82646	0.00173
33.43296	0.8262	0.00174
33.45554	0.82594	0.00176
33.47814	0.82569	0.00177
33.50078	0.82543	0.00179
33.52344	0.82517	0.00181
33.54614	0.82492	0.00182
33.56887	0.82466	0.00183
33.59163	0.82441	0.00185
33.61442	0.82415	0.00187
33.63724	0.82389	0.00188
33.66009	0.82364	0.0019
33.68297	0.82339	0.00191
33.70588	0.82313	0.00192
33.72883	0.82288	0.00193
33.7518	0.82262	0.00194
33.77481	0.82235	0.00194
33.79785	0.82209	0.00195
33.82092	0.82182	0.00197
33.84402	0.82155	0.00198
33.86716	0.82129	0.002
33.89032	0.82103	0.00202
33.91352	0.82077	0.00203
33.93675	0.8205	0.00205
33.96001	0.82024	0.00206
33.9833	0.81998	0.00207
34.00662	0.81971	0.00209
34.02998	0.81945	0.0021
34.05337	0.81918	0.00211
34.07679	0.81891	0.00212
34.10024	0.81864	0.00213
34.12373	0.81837	0.00215
34.14724	0.8181	0.00216
34.17079	0.81782	0.00217
34.19437	0.81755	0.00219
34.21799	0.81727	0.0022
34.24164	0.81699	0.00223
34.26532	0.81672	0.00225
34.28903	0.81645	0.00228
34.31278	0.81618	0.00231
34.33655	0.81592	0.00233
34.36037	0.81566	0.00235
34.38421	0.8154	0.00237
34.40809	0.81514	0.00238
34.432	0.81488	0.00239
34.45594	0.81461	0.0024
34.47992	0.81434	0.00241
34.50393	0.81407	0.00242
34.52798	0.81381	0.00242
34.55206	0.81354	0.00243
34.57617	0.81327	0.00242
34.60031	0.81299	0.00242
34.62449	0.81271	0.00242
34.64871	0.81242	0.00242
34.67295	0.81213	0.00242
34.69723	0.81184	0.00242
34.72155	0.81155	0.00244
34.7459	0.81126	0.00245
34.77028	0.81097	0.00246
34.7947	0.81068	0.00247
34.81915	0.8104	0.00247
34.84363	0.81011	0.00248
34.86816	0.80981	0.00249
34.89271	0.80951	0.00249
34.9173	0.80921	0.0025
34.94192	0.80891	0.00252
34.96658	0.80861	0.00254
34.99128	0.80831	0.00257
35.01601	0.80802	0.00259
35.04077	0.80773	0.00262
35.06557	0.80745	0.00263
35.0904	0.80716	0.00265
35.11527	0.80687	0.00266
35.14018	0.80658	0.00267
35.16512	0.80629	0.00268
35.19009	0.806	0.00268
35.2151	0.8057	0.00269
35.24015	0.80539	0.00269
35.26523	0.80509	0.00271
35.29035	0.80478	0.00272
35.3155	0.80448	0.00274
35.34069	0.80418	0.00275
35.36592	0.80389	0.00277
35.39118	0.80359	0.00277
35.41648	0.80329	0.00277
35.44181	0.80298	0.00277
35.46718	0.80267	0.00278
35.49258	0.80235	0.00279
35.51803	0.80204	0.0028
35.54351	0.80173	0.00281
35.56902	0.80142	0.00283
35.59458	0.80111	0.00283
35.62016	0.80079	0.00284
35.64579	0.80047	0.00284
35.67145	0.80014	0.00285
35.69715	0.79981	0.00287
35.72289	0.79949	0.00289
35.74866	0.79917	0.00292
35.77448	0.79885	0.00294
35.80032	0.79853	0.00296
35.82621	0.79822	0.00298
35.85213	0.7979	0.003
35.87809	0.79759	0.00302
35.90409	0.79728	0.00304
35.93013	0.79697	0.00304
35.9562	0.79665	0.00305
35.98232	0.79633	0.00305
36.00847	0.796	0.00306
36.03465	0.79567	0.00306
36.06088	0.79534	0.00307
36.08714	0.79501	0.00308
36.11345	0.79467	0.00309
36.13979	0.79434	0.0031
36.16617	0.794	0.00311
36.19258	0.79366	0.00313
36.21904	0.79332	0.00314
36.24554	0.79298	0.00315
36.27207	0.79263	0.00317
36.29864	0.79229	0.00318
36.32526	0.79194	0.0032
36.35191	0.79158	0.00322
36.3786	0.79124	0.00325
36.40533	0.79089	0.00328
36.43209	0.79055	0.00331
36.4589	0.79021	0.00335
36.48575	0.78988	0.00337
36.51264	0.78955	0.00339
36.53956	0.78921	0.0034
36.56653	0.78888	0.00341
36.59354	0.78853	0.00341
36.62058	0.78818	0.00342
36.64767	0.78781	0.00342
36.6748	0.78744	0.00343
36.70196	0.78707	0.00346
36.72917	0.78671	0.00349
36.75642	0.78634	0.00352
36.7837	0.78598	0.00354
36.81103	0.78562	0.00357
36.8384	0.78525	0.0036
36.86581	0.78489	0.00363
36.89326	0.78452	0.00366
36.92075	0.78415	0.00369
36.94828	0.78378	0.00373
36.97586	0.78342	0.00377
37.00347	0.78305	0.00381
37.03113	0.78269	0.00385
37.05883	0.78233	0.00389
37.08656	0.78197	0.00393
37.11434	0.78161	0.00397
37.14217	0.78125	0.004
37.17003	0.78089	0.00404
37.19793	0.78053	0.00408
37.22588	0.78017	0.00412
37.25387	0.77982	0.00415
37.2819	0.77947	0.00417
37.30998	0.77912	0.00419
37.33809	0.77875	0.00419
37.36625	0.77836	0.0042
37.39445	0.77797	0.00422
37.42269	0.77756	0.00425
37.45098	0.77716	0.0043
37.47931	0.77677	0.00435
37.50768	0.77639	0.00441
37.5361	0.77601	0.00446
37.56456	0.77564	0.00451
37.59306	0.77527	0.00456
37.6216	0.77489	0.0046
37.65019	0.77452	0.00464
37.67882	0.77415	0.00468
37.7075	0.77377	0.00472
37.73621	0.77339	0.00475
37.76498	0.773	0.00479
37.79378	0.77261	0.00482
37.82263	0.77222	0.00486
37.85153	0.77182	0.0049
37.88047	0.77141	0.00495
37.90945	0.771	0.005
37.93848	0.77059	0.00507
37.96755	0.77018	0.00515
37.99666	0.76979	0.00524
38.02582	0.76941	0.00533
38.05503	0.76904	0.00542
38.08428	0.76869	0.0055
38.11358	0.76834	0.00556
38.14292	0.76798	0.00562
38.1723	0.76761	0.00567
38.20173	0.76724	0.00573
38.23121	0.76687	0.00579
38.26073	0.76651	0.00587
38.2903	0.76616	0.00594
38.31991	0.76583	0.006
38.34957	0.7655	0.00604
38.37928	0.76516	0.00606
38.40903	0.76482	0.00607
38.43883	0.76446	0.00608
38.46867	0.76409	0.0061
38.49856	0.76371	0.00611
38.5285	0.76334	0.00613
38.55848	0.76296	0.00615
38.58851	0.76259	0.00616
38.61859	0.76221	0.00617
38.64871	0.76183	0.00618
38.67888	0.76144	0.00618
38.7091	0.76104	0.00618
38.73937	0.76064	0.00618
38.76968	0.76023	0.0062
38.80004	0.75982	0.00621
38.83045	0.75941	0.00623
38.8609	0.759	0.00624
38.8914	0.75859	0.00626
38.92196	0.75818	0.00628
38.95255	0.75778	0.0063
38.9832	0.75737	0.00631
39.0139	0.75697	0.00631
39.04464	0.75655	0.00631
39.07543	0.75612	0.0063
39.10627	0.75569	0.0063
39.13716	0.75524	0.00629
39.1681	0.75479	0.00629
39.19909	0.75433	0.0063
39.23013	0.75386	0.00631
39.26121	0.75338	0.00633
39.29235	0.7529	0.00637
39.32353	0.75242	0.00642
39.35476	0.75196	0.00648
39.38605	0.7515	0.00654
39.41738	0.75105	0.00661
39.44876	0.75061	0.00667
39.4802	0.75018	0.00672
39.51168	0.74975	0.00676
39.54321	0.74931	0.00679
39.5748	0.74886	0.00682
39.60643	0.74841	0.00685
39.63812	0.74795	0.00688
39.66986	0.74748	0.00691
39.70164	0.747	0.00695
39.73348	0.74652	0.00701
39.76537	0.74606	0.00708
39.79731	0.7456	0.00714
39.8293	0.74515	0.00719
39.86134	0.74469	0.00724
39.89344	0.74423	0.00729
39.92558	0.74377	0.00733
39.95778	0.74331	0.00737
39.99003	0.74284	0.00741
40.02233	0.74237	0.00744
40.05469	0.74187	0.00748
40.08709	0.74137	0.00752
40.11955	0.74087	0.00759
40.15207	0.74036	0.00766
40.18463	0.73986	0.00774
40.21725	0.73937	0.00783
40.24992	0.73889	0.00793
40.28264	0.73842	0.00802
40.31542	0.73796	0.0081
40.34825	0.73749	0.00818
40.38113	0.73702	0.00826
40.41407	0.73654	0.00834
40.44706	0.73607	0.00842
40.4801	0.7356	0.00851
40.5132	0.73514	0.0086
40.54636	0.73469	0.00869
40.57956	0.73425	0.00876
40.61283	0.73381	0.00882
40.64614	0.73336	0.00887
40.67952	0.73289	0.00891
40.71294	0.73241	0.00896
40.74642	0.73193	0.00901
40.77996	0.73145	0.00908
40.81355	0.73097	0.00914
40.8472	0.7305	0.00919
40.8809	0.73002	0.00924
40.91466	0.72953	0.00929
40.94847	0.72903	0.00934
40.98234	0.72853	0.00941
41.01627	0.72803	0.00948
41.05025	0.72756	0.00955
41.08429	0.72709	0.00961
41.11838	0.72662	0.00965
41.15253	0.72613	0.00967
41.18674	0.72563	0.00968
41.22101	0.7251	0.0097
41.25533	0.72455	0.00973
41.28971	0.72399	0.00978
41.32414	0.72343	0.00984
41.35864	0.72287	0.00992
41.39319	0.72232	0.01001
41.4278	0.72177	0.0101
41.46247	0.72123	0.01021
41.49719	0.72071	0.01032
41.53198	0.72019	0.01042
41.56682	0.71968	0.0105
41.60172	0.71916	0.01057
41.63668	0.71861	0.01064
41.6717	0.71806	0.01073
41.70678	0.71751	0.01082
41.74191	0.71697	0.01093
41.77711	0.71642	0.01103
41.81236	0.71586	0.01113
41.84768	0.7153	0.01125
41.88305	0.71474	0.01139
41.91848	0.7142	0.01154
41.95398	0.71368	0.01171
41.98953	0.71319	0.01187
42.02515	0.71272	0.012
42.06082	0.71225	0.0121
42.09656	0.71177	0.01218
42.13235	0.71126	0.01226
42.16821	0.71075	0.01234
42.20413	0.71023	0.01242
42.24011	0.70969	0.01249
42.27615	0.70914	0.01257
42.31225	0.70858	0.01267
42.34842	0.70801	0.0128
42.38464	0.70747	0.01295
42.42093	0.70696	0.0131
42.45728	0.70647	0.01323
42.4937	0.70598	0.01333
42.53017	0.70548	0.01342
42.56671	0.70496	0.0135
42.60331	0.70442	0.01358
42.63997	0.70388	0.01369
42.6767	0.70335	0.0138
42.71349	0.70282	0.01392
42.75034	0.70231	0.01403
42.78726	0.70181	0.01414
42.82424	0.7013	0.01422
42.86129	0.70078	0.0143
42.8984	0.70025	0.01437
42.93557	0.69971	0.01446
42.97281	0.69916	0.01455
43.01011	0.69862	0.01464
43.04748	0.69808	0.01474
43.08491	0.69755	0.01484
43.12241	0.69703	0.01493
43.15997	0.69651	0.015
43.1976	0.69599	0.01506
43.2353	0.69544	0.0151
43.27306	0.69487	0.01513
43.31088	0.69427	0.01517
43.34877	0.69364	0.01524
43.38673	0.69299	0.01534
43.42476	0.69236	0.01548
43.46285	0.69175	0.01564
43.50101	0.69117	0.01581
43.53923	0.69062	0.01597
43.57753	0.69008	0.01613
43.61589	0.68956	0.01627
43.65432	0.68904	0.01639
43.69281	0.68853	0.01648
43.73138	0.688	0.01656
43.77001	0.68744	0.01662
43.80871	0.68685	0.01669
43.84748	0.68624	0.01679
43.88631	0.68563	0.01693
43.92522	0.68504	0.01709
43.9642	0.6845	0.01727
44.00324	0.684	0.01743
44.04235	0.68352	0.01755
44.08154	0.68303	0.01763
44.12079	0.68253	0.01768
44.16012	0.682	0.01771
44.19951	0.68144	0.01775
44.23897	0.68087	0.01779
44.27851	0.68028	0.01784
44.31811	0.67968	0.01791
44.35779	0.6791	0.01799
44.39753	0.67853	0.01807
44.43735	0.67797	0.01814
44.47724	0.6774	0.01819
44.5172	0.67683	0.01823
44.55724	0.67625	0.01826
44.59734	0.67566	0.01827
44.63752	0.67503	0.01828
44.67777	0.67438	0.01831
44.71809	0.67372	0.01835
44.75849	0.67307	0.01841
44.79896	0.6724	0.01846
44.8395	0.67173	0.01853
44.88012	0.67105	0.01861
44.92081	0.67037	0.01872
44.96157	0.66971	0.01884
45.00241	0.66908	0.01895
45.04332	0.66846	0.01905
45.0843	0.66783	0.01913
45.12536	0.66719	0.0192
45.1665	0.66652	0.01927
45.20771	0.66586	0.01937
45.24899	0.66521	0.01948
45.29035	0.66459	0.01957
45.33179	0.66396	0.01963
45.3733	0.66331	0.01968
45.41489	0.66264	0.01972
45.45656	0.66194	0.01976
45.4983	0.66123	0.01982
45.54012	0.66052	0.01989
45.58201	0.6598	0.01998
45.62399	0.65909	0.02006
45.66604	0.65837	0.02013
45.70816	0.65763	0.02021
45.75037	0.65687	0.02029
45.79265	0.65608	0.02041
45.83501	0.65531	0.02057
45.87745	0.65455	0.02075
45.91997	0.65381	0.02094
45.96257	0.65309	0.02113
46.00525	0.65239	0.02133
46.048	0.65171	0.02152
46.09084	0.65104	0.0217
46.13375	0.65037	0.02186
46.17675	0.64971	0.02202
46.21982	0.64905	0.02216
46.26298	0.64838	0.02229
46.30621	0.64771	0.02241
46.34953	0.64702	0.02252
46.39293	0.64631	0.02264
46.43641	0.6456	0.02276
46.47997	0.64489	0.02289
46.52361	0.64417	0.02302
46.56734	0.64344	0.02316
46.61115	0.64271	0.02333
46.65504	0.64202	0.0235
46.69901	0.64135	0.02365
46.74306	0.64068	0.02376
46.7872	0.63998	0.02383
46.83143	0.63922	0.02391
46.87573	0.63843	0.02403
46.92012	0.63764	0.02418
46.9646	0.63686	0.02437
47.00916	0.63611	0.02457
47.0538	0.63536	0.02477
47.09852	0.63464	0.02499
47.14334	0.63395	0.02521
47.18824	0.63329	0.02542
47.23322	0.63266	0.02559
47.27829	0.63205	0.02571
47.32345	0.63141	0.02578
47.36869	0.63073	0.02579
47.41402	0.62997	0.0258
47.45943	0.62914	0.02583
47.50494	0.62828	0.02593
47.55053	0.62741	0.02608
47.5962	0.62657	0.02626
47.64197	0.62574	0.02647
47.68782	0.62494	0.02671
47.73377	0.62418	0.02695
47.7798	0.62345	0.02719
47.82592	0.62275	0.02739
47.87212	0.62204	0.02755
47.91842	0.6213	0.02771
47.96481	0.62055	0.02789
48.01129	0.61982	0.02808
48.05785	0.61913	0.02825
48.10451	0.61843	0.02837
48.15126	0.6177	0.02847
48.1981	0.61694	0.02857
48.24503	0.61615	0.02866
48.29206	0.61533	0.02877
48.33917	0.61448	0.02891
48.38638	0.61363	0.02909
48.43367	0.6128	0.02931
48.48107	0.61201	0.02955
48.52855	0.61125	0.02977
48.57613	0.61051	0.02999
48.6238	0.60979	0.0302
48.67156	0.6091	0.03037
48.71942	0.60839	0.03049
48.76737	0.60765	0.0306
48.81542	0.60689	0.0307
48.86356	0.60611	0.0308
48.9118	0.60533	0.0309
48.96013	0.60453	0.03098
49.00856	0.60369	0.03107
49.05708	0.60282	0.03117
49.1057	0.60193	0.0313
49.15441	0.60104	0.03147
49.20323	0.60016	0.03169
49.25214	0.59931	0.03194
49.30114	0.59853	0.03219
49.35025	0.5978	0.03241
49.39945	0.59708	0.03258
49.44875	0.59637	0.0327
49.49815	0.59564	0.03277
49.54765	0.59487	0.03279
49.59725	0.59405	0.03279
49.64694	0.59314	0.03278
49.69674	0.59217	0.03281
49.74663	0.59116	0.0329
49.79663	0.59014	0.03308
49.84673	0.58918	0.03333
49.89693	0.58829	0.03358
49.94723	0.58745	0.03379
49.99763	0.58661	0.03394
50.04813	0.58573	0.03406
50.09873	0.5848	0.03419
50.14944	0.58386	0.03435
50.20025	0.58293	0.03452
50.25116	0.58201	0.03469
50.30218	0.58108	0.03486
50.3533	0.58013	0.03501
50.40452	0.57916	0.03517
50.45585	0.57815	0.03536
50.50729	0.57714	0.03559
50.55883	0.57614	0.03585
50.61047	0.57516	0.03614
50.66222	0.57421	0.03643
50.71407	0.57327	0.03671
50.76603	0.57232	0.03699
50.8181	0.57137	0.03729
50.87028	0.57042	0.03762
50.92256	0.56951	0.03798
50.97495	0.56862	0.03834
51.02744	0.56779	0.03872
51.08005	0.56701	0.03909
51.13277	0.56629	0.0394
51.18559	0.56557	0.03964
51.23852	0.56482	0.03983
51.29156	0.56406	0.04001
51.34471	0.5633	0.04015
51.39798	0.56252	0.04026
51.45135	0.56169	0.04033
51.50483	0.56082	0.0404
51.55843	0.5599	0.04048
51.61213	0.55897	0.04058
51.66595	0.55802	0.0407
51.71988	0.55706	0.04081
51.77393	0.55607	0.04093
51.82809	0.55504	0.0411
51.88235	0.55403	0.04134
51.93674	0.55309	0.04161
51.99124	0.55221	0.04185
52.04585	0.55136	0.04202
52.10058	0.55048	0.04213
52.15542	0.54954	0.04223
52.21038	0.54856	0.04235
52.26545	0.54759	0.04249
52.32064	0.54663	0.04261
52.37595	0.54565	0.04272
52.43137	0.54463	0.04282
52.48692	0.54357	0.04295
52.54258	0.54252	0.04311
52.59835	0.54148	0.04328
52.65425	0.54043	0.04344
52.71027	0.53934	0.04359
52.7664	0.5382	0.04382
52.82265	0.53709	0.04415
52.87903	0.53609	0.04454
52.93552	0.53524	0.0449
52.99214	0.53449	0.04514
53.04887	0.53375	0.04521
53.10573	0.53291	0.04514
53.16271	0.53191	0.04501
53.21982	0.53079	0.04492
53.27704	0.52958	0.04489
53.33439	0.52835	0.04494
53.39186	0.52711	0.04505
53.44946	0.52588	0.04518
53.50718	0.52465	0.04531
53.56503	0.52337	0.04546
53.623	0.52206	0.04568
53.68109	0.52076	0.04597
53.73931	0.51952	0.04632
53.79766	0.51833	0.04668
53.85614	0.51716	0.04703
53.91474	0.51601	0.04739
53.97347	0.51489	0.04778
54.03233	0.51384	0.04819
54.09132	0.5129	0.04855
54.15044	0.512	0.04878
54.20968	0.51106	0.04887
54.26906	0.50998	0.04889
54.32856	0.50876	0.04893
54.3882	0.50747	0.04906
54.44797	0.50614	0.04927
54.50786	0.50483	0.04959
54.5679	0.50358	0.04997
54.62806	0.50239	0.05037
54.68836	0.50127	0.05077
54.74878	0.5002	0.05116
54.80935	0.49918	0.0515
54.87004	0.4982	0.05179
54.93087	0.49722	0.05199
54.99184	0.49621	0.05214
55.05294	0.49517	0.05225
55.11418	0.49408	0.05232
55.17556	0.49294	0.05236
55.23707	0.49175	0.0524
55.29871	0.49051	0.05243
55.3605	0.48922	0.05245
55.42243	0.48784	0.05247
55.48449	0.48637	0.05253
55.54669	0.48484	0.05269
55.60903	0.48329	0.05295
55.67152	0.48175	0.05329
55.73414	0.48023	0.05372
55.7969	0.47875	0.05423
55.85981	0.47735	0.05483
55.92285	0.47606	0.05546
55.98604	0.47489	0.0561
56.04938	0.47386	0.05668
56.11285	0.47293	0.05714
56.17647	0.47202	0.05744
56.24024	0.47105	0.05761
56.30415	0.46998	0.05769
56.3682	0.46878	0.05774
56.4324	0.46745	0.05784
56.49675	0.46609	0.05804
56.56124	0.46477	0.05832
56.62588	0.46351	0.05861
56.69067	0.46229	0.05887
56.75561	0.46107	0.05906
56.8207	0.45982	0.05919
56.88594	0.4585	0.05929
56.95132	0.45708	0.05941
57.01686	0.45561	0.05961
57.08255	0.45419	0.05988
57.14838	0.45282	0.06014
57.21438	0.45148	0.06032
57.28052	0.45007	0.06043
57.34681	0.44853	0.06052
57.41327	0.44687	0.06067
57.47987	0.44512	0.06093
57.54663	0.44334	0.06134
57.61355	0.44159	0.06192
57.68061	0.43997	0.06262
57.74784	0.43849	0.06338
57.81523	0.43716	0.06412
57.88277	0.43594	0.06482
57.95047	0.43481	0.06545
58.01832	0.43379	0.06597
58.08634	0.43281	0.06631
58.15452	0.43178	0.06644
58.22285	0.43057	0.06643
58.29135	0.42913	0.06639
58.36001	0.42749	0.06644
58.42883	0.42572	0.06666
58.49781	0.42392	0.06708
58.56696	0.42216	0.06769
58.63627	0.42053	0.06845
58.70575	0.41907	0.06929
58.77538	0.41781	0.07015
58.84519	0.41673	0.07094
58.91516	0.41579	0.07159
58.98529	0.41491	0.07207
59.0556	0.41404	0.07241
59.12607	0.41315	0.07261
59.19671	0.41223	0.07266
59.26752	0.41121	0.07256
59.3385	0.41002	0.07235
59.40965	0.40864	0.07214
59.48097	0.40711	0.072
59.55246	0.40552	0.07196
59.62413	0.40392	0.07199
59.69596	0.40232	0.07204
59.76797	0.40068	0.07209
59.84016	0.39899	0.07215
59.91251	0.39725	0.07226
59.98505	0.39545	0.07242
60.05776	0.39363	0.07269
60.13064	0.39183	0.07307
60.2037	0.39013	0.07353
60.27694	0.38856	0.07399
60.35037	0.38708	0.07436
60.42396	0.38559	0.07461
60.49774	0.384	0.07481
60.5717	0.38232	0.07507
60.64584	0.38065	0.07546
60.72016	0.37911	0.07592
60.79466	0.37773	0.07631
60.86935	0.37644	0.07655
60.94422	0.37512	0.07662
61.01927	0.37372	0.07654
61.09451	0.37218	0.07638
61.16994	0.3705	0.07619
61.24555	0.36868	0.07602
61.32135	0.36674	0.07592
61.39733	0.36473	0.0759
61.47351	0.36268	0.07599
61.54988	0.36066	0.0762
61.62643	0.35875	0.07645
61.70317	0.35693	0.07664
61.78011	0.35512	0.0767
61.85724	0.3532	0.07665
61.93456	0.35112	0.07657
62.01208	0.34888	0.07656
62.08978	0.34653	0.07668
62.16769	0.34417	0.07695
62.24579	0.34186	0.07735
62.32409	0.33963	0.07781
62.40258	0.33746	0.0783
62.48127	0.33537	0.07877
62.56016	0.33329	0.07917
62.63925	0.33116	0.07954
62.71854	0.32897	0.07995
62.79803	0.32677	0.08044
62.87773	0.32461	0.08098
62.95762	0.32251	0.08155
63.03772	0.32049	0.08211
63.11802	0.31851	0.08259
63.19853	0.3165	0.08301
63.27925	0.31443	0.08345
63.36016	0.31237	0.08394
63.44129	0.3104	0.08444
63.52263	0.30851	0.08487
63.60417	0.30665	0.08517
63.68592	0.30475	0.08532
63.76789	0.30273	0.08537
63.85006	0.30059	0.08539
63.93245	0.29836	0.08539
64.01505	0.29603	0.08533
64.09786	0.29353	0.08523
64.18089	0.29079	0.08517
64.26414	0.28786	0.08527
64.3476	0.28481	0.0856
64.43127	0.28175	0.08615
64.51517	0.27873	0.08691
64.59928	0.27579	0.08783
64.68361	0.27296	0.08889
64.76817	0.27028	0.09007
64.85294	0.2678	0.09133
64.93794	0.26554	0.09257
65.02316	0.26347	0.0937
65.1086	0.26151	0.09469
65.19428	0.25963	0.09551
65.28017	0.25776	0.09613
65.36629	0.2558	0.09657
65.45264	0.25369	0.09693
65.53922	0.2515	0.0973
65.62603	0.24929	0.09765
65.71306	0.24706	0.09789
65.80033	0.24471	0.09802
65.88783	0.24218	0.0981
65.97556	0.23948	0.09822
66.06353	0.23664	0.09842
66.15173	0.2337	0.09872
66.24017	0.23067	0.09915
66.32885	0.22764	0.09974
66.41776	0.22469	0.10046
66.50691	0.22186	0.10122
66.5963	0.21912	0.10192
66.68593	0.21642	0.10253
66.77581	0.21367	0.10302
66.86592	0.21083	0.10344
66.95628	0.20787	0.10381
67.04689	0.20473	0.10416
67.13774	0.20138	0.10459
67.22883	0.19786	0.10524
67.32018	0.19434	0.10618
67.41177	0.19103	0.10733
67.50361	0.18797	0.10845
67.5957	0.18501	0.10936
67.68804	0.18193	0.11009
67.78064	0.17863	0.1108
67.87349	0.17515	0.11164
67.96659	0.17163	0.11267
68.05996	0.16816	0.11384
68.15357	0.16476	0.11507
68.24745	0.1614	0.11633
68.34158	0.15805	0.11762
68.43598	0.15473	0.11898
68.53064	0.15149	0.12043
68.62555	0.14844	0.12188
68.72073	0.14557	0.12317
68.81618	0.14273	0.12414
68.91189	0.13968	0.12483
69.00787	0.13626	0.12537
69.10411	0.1324	0.126
69.20063	0.12819	0.12697
69.29741	0.12389	0.12844
69.39447	0.11979	0.13037
69.49179	0.11611	0.13253
69.5894	0.11286	0.13467
69.68727	0.10997	0.13657
69.78542	0.1073	0.13803
69.88385	0.10457	0.13893
69.98255	0.10143	0.13933
70.08154	0.09762	0.13951
70.18081	0.0931	0.13985
70.28035	0.08804	0.14067
70.38018	0.08277	0.14213
70.4803	0.07761	0.14416
70.5807	0.07271	0.14654
70.68138	0.06809	0.14907
70.78235	0.06369	0.1516
70.88362	0.05937	0.15402
70.98517	0.05496	0.15633
71.08702	0.05029	0.15863
71.18915	0.04528	0.16114
71.29158	0.04002	0.1641
71.39431	0.03472	0.16769
71.49733	0.02973	0.17192
71.60065	0.02528	0.17655
71.70427	0.02137	0.18133
71.80819	0.01799	0.18617
71.91241	0.01522	0.19091
72.01693	0.01296	0.19522
72.12176	0.01081	0.19892
72.22689	0.00843	0.20225
72.33233	0.00584	0.20555
72.43808	0.00324	0.20886
72.54414	6.55E-4	0.21208
72.65051	-0.00197	0.21519
72.7572	-0.00471	0.21819
72.86419	-0.00769	0.22117
72.9715	-0.01089	0.22434
73.07913	-0.01417	0.22783
73.18707	-0.0173	0.23168
73.29534	-0.02008	0.23578
73.40392	-0.02238	0.2399
73.51283	-0.02422	0.24371
73.62207	-0.0259	0.24695
73.73162	-0.0279	0.24963
73.8415	-0.03057	0.25218
73.95172	-0.03377	0.25515
74.06225	-0.0371	0.2588
74.17312	-0.04013	0.26314
74.28433	-0.04242	0.26801
74.39587	-0.04355	0.27291
74.50774	-0.04356	0.27701
74.61995	-0.04315	0.27969
74.7325	-0.04318	0.28099
74.84539	-0.04422	0.28143
74.95862	-0.04638	0.28156
75.07219	-0.04955	0.28183
75.18611	-0.05349	0.28246
75.30038	-0.05804	0.2835
75.41499	-0.06319	0.28505
75.52995	-0.06885	0.28738
75.64526	-0.07466	0.2907
75.76093	-0.08017	0.2949
75.87695	-0.08515	0.29961
75.99333	-0.08966	0.30447
76.11006	-0.09401	0.30928
76.22715	-0.09854	0.3142
76.34461	-0.10329	0.31963
76.46242	-0.10797	0.32586
76.5806	-0.11215	0.33289
76.69915	-0.11553	0.34049
76.81806	-0.118	0.34828
76.93735	-0.11971	0.356
77.057	-0.12084	0.3636
77.17702	-0.12143	0.37113
77.29743	-0.12142	0.37864
77.4182	-0.12056	0.38603
77.53935	-0.11875	0.39287
77.66089	-0.11634	0.39872
77.78281	-0.11386	0.40357
77.90511	-0.1116	0.40778
78.02779	-0.10945	0.41157
78.15086	-0.10736	0.41495
78.27433	-0.10535	0.41797
78.39818	-0.10328	0.42067
78.52242	-0.10101	0.42274
78.64706	-0.09892	0.42382
78.7721	-0.09758	0.424
78.89753	-0.09729	0.42365
79.02336	-0.09829	0.42317
79.1496	-0.10071	0.42329
79.27624	-0.10396	0.42484
79.40328	-0.10696	0.42793
79.53073	-0.10903	0.43197
79.6586	-0.10999	0.43636
79.78687	-0.10977	0.44067
79.91556	-0.10831	0.44423
80.04467	-0.10612	0.44621
80.17419	-0.10429	0.44623
80.30413	-0.10399	0.44478
80.43449	-0.1058	0.44295
80.56529	-0.10953	0.44184
80.6965	-0.11456	0.44215
80.82814	-0.12015	0.44417
80.96021	-0.1257	0.44787
81.09271	-0.13074	0.45318
81.22565	-0.13473	0.46006
81.35903	-0.13687	0.46816
81.49284	-0.1366	0.47648
81.6271	-0.13414	0.48392
81.7618	-0.13009	0.48983
81.89694	-0.12508	0.49379
82.03253	-0.11988	0.49556
82.16857	-0.11538	0.49526
82.30506	-0.11234	0.49348
82.44201	-0.11101	0.49111
82.57941	-0.11114	0.48885
82.71728	-0.11229	0.48705
82.8556	-0.1141	0.48579
82.99438	-0.1164	0.48504
83.13364	-0.11903	0.48492
83.27336	-0.12168	0.48543
83.41355	-0.12414	0.48638
83.55421	-0.12639	0.48767
83.69535	-0.12828	0.4893
83.83697	-0.12947	0.49107
83.97907	-0.12987	0.49242
84.12164	-0.12984	0.49288
84.26471	-0.12983	0.49237
84.40826	-0.13004	0.49085
84.5523	-0.13092	0.48806
84.69684	-0.13338	0.48413
84.84186	-0.13819	0.47999
84.98739	-0.14531	0.47703
85.13342	-0.15371	0.47636
85.27994	-0.16193	0.47806
85.42698	-0.16897	0.48124
85.57452	-0.1748	0.48489
85.72257	-0.17991	0.48847
85.87114	-0.18482	0.49205
86.02022	-0.18956	0.49604
86.16983	-0.19361	0.50053
86.31995	-0.19667	0.50487
86.47059	-0.19927	0.50847
86.62177	-0.20209	0.51161
86.77346	-0.20503	0.51484
86.9257	-0.20763	0.51811
87.07847	-0.20985	0.52092
87.23177	-0.21219	0.52287
87.38563	-0.21549	0.52419
87.54002	-0.22013	0.5259
87.69495	-0.22539	0.529
87.85044	-0.23002	0.53341
88.00648	-0.2335	0.53817
88.16308	-0.23622	0.5425
88.32023	-0.23886	0.54623
88.47794	-0.24195	0.54973
88.63623	-0.24558	0.55367
88.79507	-0.24921	0.55869
88.95448	-0.25186	0.56483
89.11448	-0.25261	0.57135
89.27504	-0.25128	0.57678
89.43619	-0.24894	0.5798
89.59792	-0.2474	0.58031
89.76023	-0.24791	0.57951
89.92314	-0.25051	0.57892
90.08663	-0.25434	0.57959
90.25072	-0.25819	0.58161
90.41542	-0.26138	0.58425
90.58071	-0.26406	0.58679
90.74661	-0.2667	0.58912
90.91312	-0.26945	0.59151
91.08023	-0.2721	0.59415
91.24797	-0.2743	0.59685
91.41633	-0.27603	0.59916
91.5853	-0.27769	0.60076
91.75491	-0.27967	0.60172
91.92514	-0.28222	0.60221
92.096	-0.28561	0.60248
92.2675	-0.28989	0.60301
92.43964	-0.29474	0.60414
92.61243	-0.29994	0.60591
92.78586	-0.30533	0.60853
92.95994	-0.31037	0.61215
93.13468	-0.31444	0.6164
93.31007	-0.31735	0.62048
93.48613	-0.31948	0.62377
93.66285	-0.32141	0.62593
93.84024	-0.32386	0.62695
94.01831	-0.3275	0.62724
94.19705	-0.33268	0.62764
94.37648	-0.33915	0.62902
94.55658	-0.3462	0.63199
94.73738	-0.35287	0.63663
94.91887	-0.35837	0.64242
95.10105	-0.36241	0.64853
95.28394	-0.3652	0.65426
95.46753	-0.36724	0.65917
95.65183	-0.36918	0.66329
95.83685	-0.37127	0.66713
96.02258	-0.37311	0.6711
96.20902	-0.37399	0.67495
96.39621	-0.37354	0.67762
96.58411	-0.37257	0.67778
96.77275	-0.37286	0.67505
96.96213	-0.37604	0.67036
97.15225	-0.38285	0.66527
97.34312	-0.39322	0.66138
97.53474	-0.40662	0.65998
97.72712	-0.42218	0.66236
97.92026	-0.43822	0.6697
98.11416	-0.45224	0.68214
98.30882	-0.46183	0.69824
98.50427	-0.4658	0.71542
98.70049	-0.46453	0.73089
98.89751	-0.4598	0.74266
99.0953	-0.45406	0.75019
99.29388	-0.44914	0.75449
99.49327	-0.44542	0.75696
99.69346	-0.4424	0.75815
99.89445	-0.43991	0.75762
100.09626	-0.43875	0.75489
100.29888	-0.44028	0.7504
100.50233	-0.44526	0.74561
100.7066	-0.45336	0.74204
100.91171	-0.46376	0.74053
101.11765	-0.47578	0.74155
101.32443	-0.48874	0.74567
101.53207	-0.50157	0.75339
101.74055	-0.51276	0.76482
101.94989	-0.52052	0.77923
102.1601	-0.52351	0.79473
102.37118	-0.52185	0.80863
102.58312	-0.51757	0.81911
102.79595	-0.51296	0.82665
103.00966	-0.50825	0.83282
103.22427	-0.5022	0.83751
103.43977	-0.49485	0.83893
103.65617	-0.48821	0.83589
103.87348	-0.48464	0.82912
104.0917	-0.48531	0.82045
104.31084	-0.49036	0.81141
104.53091	-0.49999	0.80338
104.7519	-0.5139	0.79844
104.97384	-0.53021	0.79849
105.19671	-0.5464	0.80383
105.42053	-0.56051	0.81375
105.64531	-0.57095	0.8272
105.87104	-0.5763	0.84243
106.09774	-0.576	0.85678
106.32543	-0.57113	0.8673
106.55408	-0.56475	0.87204
106.78373	-0.56057	0.87178
107.01436	-0.56042	0.86959
107.24599	-0.56338	0.86819
107.47863	-0.5676	0.86856
107.71228	-0.57151	0.87054
107.94694	-0.57387	0.87311
108.18264	-0.57446	0.87452
108.41936	-0.57443	0.87334
108.65713	-0.57555	0.8693
108.89593	-0.57938	0.86319
109.13579	-0.58676	0.85663
109.37671	-0.59724	0.85146
109.61869	-0.60932	0.84847
109.86175	-0.62185	0.8472
110.10589	-0.63463	0.84689
110.35111	-0.64806	0.8472
110.59743	-0.66251	0.84834
110.84485	-0.67814	0.85074
111.09338	-0.69495	0.85492
111.34303	-0.71281	0.8617
111.5938	-0.73078	0.87208
111.84571	-0.74715	0.88642
112.09875	-0.76006	0.90394
112.35294	-0.76829	0.9228
112.6083	-0.77184	0.94079
112.8648	-0.77192	0.95607
113.12248	-0.77047	0.96796
113.38135	-0.76901	0.97712
113.64139	-0.76785	0.98452
113.90265	-0.76668	0.99023
114.16509	-0.76602	0.99369
114.42875	-0.76722	0.99528
114.69363	-0.77062	0.99666
114.95974	-0.7749	0.99864
115.22709	-0.77928	1.00014
115.49569	-0.78498	1.00032
115.76553	-0.79338	1.00034
116.03665	-0.80414	1.00206
116.30904	-0.8157	1.00627
116.5827	-0.82677	1.0124
116.85767	-0.83703	1.0195
117.13392	-0.84691	1.02698
117.41148	-0.8571	1.03496
117.69038	-0.86783	1.04445
117.97059	-0.87812	1.05654
118.25215	-0.88611	1.07132
118.53505	-0.89006	1.0876
118.8193	-0.8889	1.10315
119.10493	-0.88288	1.11486
119.39192	-0.87472	1.11976
119.68031	-0.86911	1.11751
119.9701	-0.86962	1.11145
120.26128	-0.87614	1.10594
120.55389	-0.8861	1.10325
120.84792	-0.89707	1.10322
121.14339	-0.90806	1.10448
121.44032	-0.91959	1.10605
121.73869	-0.93258	1.10824
122.03855	-0.947	1.11209
122.33987	-0.96194	1.11812
122.64269	-0.97674	1.12589
122.94702	-0.99181	1.13514
123.25286	-1.00747	1.14707
123.56022	-1.02201	1.16332
123.86912	-1.03228	1.18344
124.17957	-1.03617	1.20474
124.49159	-1.03322	1.22395
124.80516	-1.02447	1.23725
125.12032	-1.01392	1.24128
125.43709	-1.00755	1.23641
125.75545	-1.00928	1.22706
126.07544	-1.01883	1.21825
126.39707	-1.03365	1.21239
126.72033	-1.05211	1.2098
127.04526	-1.07367	1.21127
127.37185	-1.09679	1.21826
127.70012	-1.11867	1.23102
128.0301	-1.13696	1.24774
128.36178	-1.1514	1.26589
128.69519	-1.16326	1.28437
129.03034	-1.17305	1.30378
129.36723	-1.17955	1.32454
129.70589	-1.1809	1.34538
130.04632	-1.17617	1.36317
130.38854	-1.16689	1.37373
130.73259	-1.15799	1.37413
131.07843	-1.15617	1.36562
131.42612	-1.16602	1.3542
131.77566	-1.18666	1.34765
132.12706	-1.21233	1.35056
132.48035	-1.2369	1.36225
132.83552	-1.2575	1.37937
133.1926	-1.27392	1.39956
133.55162	-1.28574	1.4218
133.91256	-1.29181	1.44429
134.27548	-1.2922	1.46383
134.64035	-1.28945	1.47743
135.00721	-1.2878	1.48469
135.3761	-1.29009	1.48815
135.74698	-1.29649	1.49063
136.11991	-1.30611	1.49341
136.4949	-1.31854	1.49704
136.87196	-1.33366	1.50235
137.25111	-1.35074	1.51036
137.63236	-1.36872	1.52143
138.01573	-1.38698	1.53572
138.40126	-1.40458	1.55399
138.78893	-1.41938	1.57638
139.17878	-1.42934	1.6014
139.57084	-1.43342	1.62695
139.96511	-1.43105	1.65028
140.36162	-1.42343	1.66771
140.76037	-1.41456	1.67666
141.16139	-1.40951	1.67799
141.56472	-1.41114	1.67568
141.97034	-1.41876	1.67366
142.37829	-1.43037	1.67337
142.78862	-1.44518	1.67521
143.20129	-1.46243	1.68032
143.61638	-1.48028	1.6897
144.03386	-1.49599	1.70308
144.45378	-1.50705	1.71791
144.87617	-1.51371	1.72988
145.30102	-1.5197	1.73646
145.72837	-1.52866	1.73887
146.15826	-1.54159	1.7395
146.59067	-1.55818	1.73934
147.02567	-1.57906	1.7385
147.46324	-1.60573	1.73809
147.90342	-1.63926	1.74074
148.34626	-1.67889	1.75037
148.79174	-1.7207	1.77004
149.2399	-1.75954	1.79912
149.69078	-1.79266	1.83409
150.14439	-1.82039	1.87172
150.60076	-1.84419	1.91077
151.0599	-1.86496	1.95133
151.52185	-1.8827	1.99403
151.98666	-1.89619	2.03914
152.4543	-1.90402	2.08525
152.92485	-1.9066	2.13013
153.3983	-1.90572	2.17317
153.87468	-1.90208	2.21545
154.35405	-1.89457	2.25765
154.8364	-1.88185	2.29883
155.32178	-1.86335	2.33747
155.81022	-1.83879	2.37153
156.30173	-1.80953	2.39817
156.79637	-1.77883	2.41671
157.29412	-1.74773	2.42865
157.79505	-1.71529	2.43317
158.2992	-1.68305	2.42715
158.80657	-1.65568	2.40941
159.31719	-1.63757	2.38216
159.83113	-1.63063	2.34902
160.34837	-1.63493	2.31241
160.869	-1.65149	2.27323
161.39299	-1.68334	2.23407
161.92041	-1.73194	2.20116
162.45131	-1.79404	2.18135
162.98569	-1.86294	2.17779
163.52358	-1.93301	2.18943
164.06507	-2.00123	2.21429
164.61012	-2.06534	2.25092
165.15884	-2.12323	2.29737
165.7112	-2.17399	2.35139
166.26727	-2.21736	2.41158
166.82711	-2.25262	2.47721
167.3907	-2.27817	2.54743
167.95812	-2.29128	2.61998
168.52942	-2.29027	2.6892
169.1046	-2.27854	2.74856
169.68374	-2.26248	2.79589
170.26683	-2.24678	2.8319
170.85395	-2.23619	2.85754
171.44516	-2.23622	2.87735
172.04044	-2.24786	2.90009
172.6399	-2.26475	2.93276
173.24353	-2.27737	2.97485
173.85139	-2.28063	3.01852
174.46356	-2.27796	3.05568
175.08003	-2.2768	3.08466
175.70087	-2.28192	3.10891
176.32616	-2.29491	3.13187
176.95588	-2.31744	3.15687
177.59015	-2.35012	3.18991
178.22896	-2.38845	3.23802
178.87237	-2.42297	3.30374
179.52048	-2.44481	3.38208
180.17327	-2.45157	3.46419
180.83082	-2.4468	3.54388
181.49322	-2.43497	3.61976
182.16047	-2.41851	3.69279
182.83266	-2.39803	3.76413
183.50981	-2.3729	3.83425
184.19199	-2.34215	3.90182
184.8793	-2.30729	3.96414
185.57172	-2.27281	4.02142
186.26934	-2.24056	4.07897
186.97226	-2.20531	4.14065
187.68048	-2.16139	4.20192
188.39411	-2.11172	4.25569
189.11316	-2.06378	4.30195
189.83773	-2.02117	4.34628
190.56789	-1.98302	4.39443
191.30366	-1.94552	4.45079
192.04514	-1.90294	4.51712
192.79241	-1.85009	4.59222
193.5455	-1.78331	4.67511
194.30452	-1.69534	4.76587
195.06948	-1.57377	4.85677
195.8405	-1.41337	4.9277
196.61766	-1.22519	4.95822
197.40099	-1.02983	4.93964
198.19058	-0.84653	4.8761
198.98655	-0.68668	4.77819
199.7889	-0.55527	4.65637
200.59778	-0.45416	4.52017
201.41321	-0.38211	4.37823
202.23529	-0.33539	4.23711
203.06414	-0.30838	4.1007
203.89978	-0.29524	3.96781
204.74237	-0.29597	3.83324
205.59191	-0.3178	3.69663
206.44853	-0.36574	3.56683
207.31235	-0.43557	3.45467
208.1834	-0.5168	3.36433
209.0618	-0.6014	3.29149
209.94767	-0.68954	3.23074
210.84105	-0.78423	3.18325
211.74211	-0.88402	3.15389
212.65086	-0.9832	3.14623
213.56744	-1.073	3.16074
214.492	-1.14342	3.19138
215.42456	-1.19045	3.2248
216.36526	-1.2213	3.24848
217.31426	-1.24933	3.26
218.27157	-1.28339	3.26814
219.2374	-1.32005	3.28422
220.21177	-1.34757	3.30989
221.19485	-1.35893	3.33575
222.18678	-1.35731	3.35156
223.1876	-1.35081	3.35357
224.19749	-1.34558	3.34422
225.21659	-1.34255	3.32722
226.24496	-1.33975	3.30252
227.28281	-1.3378	3.26594
228.33018	-1.3428	3.21391
229.38725	-1.3638	3.14852
230.45419	-1.40663	3.0782
231.53106	-1.47011	3.01247
232.61805	-1.54861	2.95616
233.71533	-1.63815	2.909
234.82297	-1.73907	2.87057
235.9412	-1.85268	2.84436
237.07009	-1.97664	2.83619
238.20983	-2.10465	2.84952
239.36063	-2.2307	2.88363
240.52256	-2.35166	2.93723
241.69587	-2.46418	3.0112
242.88064	-2.56153	3.10601
244.07708	-2.63508	3.21796
245.28541	-2.67779	3.33849
246.50571	-2.68665	3.45566
247.73822	-2.66477	3.55611
248.98317	-2.62212	3.62993
250.24064	-2.5703	3.67473
251.51093	-2.51716	3.69144
252.79413	-2.47036	3.68011
254.09049	-2.44003	3.64453
255.40027	-2.43251	3.59493
256.72357	-2.44576	3.54128
258.06065	-2.47461	3.48671
259.41179	-2.51803	3.43004
260.77709	-2.57982	3.37243
262.1569	-2.66309	3.32159
263.55133	-2.76256	3.28781
264.96067	-2.86583	3.27359
266.38523	-2.96472	3.27106
267.82513	-3.06146	3.27224
269.28067	-3.16114	3.27723
270.75219	-3.26328	3.28953
272.23982	-3.36441	3.30882
273.74394	-3.46358	3.33205
275.26472	-3.56251	3.35703
276.80249	-3.66393	3.38386
278.3576	-3.76936	3.41517
279.93021	-3.87724	3.45367
281.5207	-3.98494	3.49945
283.12943	-4.09184	3.55126
284.75659	-4.19866	3.60973
286.40262	-4.30404	3.67764
288.06773	-4.40262	3.7563
289.75231	-4.48805	3.84163
291.45678	-4.55847	3.92488
293.18135	-4.61896	3.99831
294.92645	-4.67789	4.06009
296.69252	-4.7414	4.11414
298.47979	-4.81028	4.166
300.28881	-4.88173	4.21814
302.11981	-4.95362	4.26971
303.97328	-5.02527	4.3189
305.8497	-5.09736	4.3631
307.74936	-5.17308	4.39982
309.67284	-5.25748	4.42897
311.62044	-5.35558	4.45339
313.59269	-5.47098	4.47862
315.59015	-5.60419	4.51229
317.61313	-5.75098	4.56186
319.66222	-5.90334	4.63058
321.738	-6.05426	4.71618
323.84083	-6.201	4.81434
325.97141	-6.34379	4.92263
328.13013	-6.48209	5.04098
330.31763	-6.61373	5.16823
332.53459	-6.73818	5.30169
334.78141	-6.85643	5.44059
337.0588	-6.96732	5.58564
339.36748	-7.06773	5.73491
341.70791	-7.15749	5.88366
344.08094	-7.23961	6.03005
346.48706	-7.31401	6.17506
348.92707	-7.37793	6.3158
351.40179	-7.43262	6.44578
353.91177	-7.48392	6.56082
356.45786	-7.53824	6.66035
359.04095	-7.60166	6.74618
361.66165	-7.67832	6.82308
364.32099	-7.76801	6.89543
367.01962	-7.86984	6.96332
369.75854	-7.98714	7.02481
372.53874	-8.12874	7.08149
375.36096	-8.30356	7.14498
378.22627	-8.50953	7.23382
381.13578	-8.7318	7.36156
384.09027	-8.95039	7.52959
387.09105	-9.14948	7.72705
390.13897	-9.32467	7.93767
393.23526	-9.48117	8.14963
396.38122	-9.62631	8.3579
399.5778	-9.76631	8.5612
402.82648	-9.90576	8.76029
406.12829	-10.04774	8.95623
409.48467	-10.19555	9.14957
412.89712	-10.35439	9.34249
416.3668	-10.52855	9.54247
419.89527	-10.71441	9.75952
423.48421	-10.90168	9.99603
427.13488	-11.08527	10.24482
430.84919	-11.27096	10.5013
434.62851	-11.46423	10.77232
438.47472	-11.65935	11.06703
442.38978	-11.84583	11.38539
446.37521	-12.01853	11.72286
450.4331	-12.17227	12.07736
454.56562	-12.2971	12.44026
458.7745	-12.39256	12.7901
463.06222	-12.47956	13.10977
467.43066	-12.5856	13.40482
471.88231	-12.7247	13.69566
476.41976	-12.89879	14.00245
481.04512	-13.10506	14.34702
485.76118	-13.32539	14.75728
490.57082	-13.5149	15.24723
495.47645	-13.62122	15.79083
500.48139	-13.62267	16.32541
505.58826	-13.54923	16.78832
510.80043	-13.46362	17.15597
516.1214	-13.42294	17.44967
521.55418	-13.45649	17.71739
527.10254	-13.55588	18.0146
532.77045	-13.6728	18.37463
538.56135	-13.74923	18.77798
544.47975	-13.76916	19.16538
550.52944	-13.76868	19.49389
556.71507	-13.79079	19.76186
563.04153	-13.8609	19.97958
569.51318	-14.00756	20.15562
576.13532	-14.26832	20.32076
582.91355	-14.65692	20.53949
589.85289	-15.13536	20.87535
596.95973	-15.6354	21.35028
604.23962	-16.09315	21.94279
611.69925	-16.46873	22.59507
619.34569	-16.77558	23.231
627.18539	-17.08214	23.81144
635.22643	-17.45442	24.35635
643.476	-17.9314	24.90591
651.94266	-18.5433	25.51545
660.63544	-19.28941	26.27145
669.56281	-20.10193	27.25505
678.73477	-20.87204	28.48015
688.16187	-21.51855	29.88949
697.85415	-22.02514	31.39856
707.82374	-22.44337	32.95164
718.0819	-22.84353	34.57099
728.64177	-23.24293	36.33935
739.51729	-23.58277	38.34167
750.72193	-23.74062	40.61876
762.27132	-23.56219	43.12393
774.18211	-22.93722	45.70678
786.47052	-21.86441	48.17711
799.15585	-20.43142	50.38003
812.25657	-18.77943	52.21208
825.79397	-17.09197	53.64579
839.79083	-15.53369	54.75862
854.26976	-14.18495	55.67577
869.25672	-13.07924	56.50194
884.77955	-12.24996	57.36376
900.86621	-11.6473	58.44722
917.54933	-11.07291	59.87143
934.86132	-10.30698	61.5703
952.83915	-9.26582	63.36379
971.52274	-8.01873	65.11183
990.9529	-6.67579	66.81533
1011.17611	-5.2233	68.55634
1032.24281	-3.53981	70.28127
1054.20509	-1.66562	71.77766
1077.12317	0.12747	72.98602
1101.05887	1.64638	74.11438
1126.08255	2.90283	75.39885
1152.27118	3.99245	77.02425
1179.70579	5.10916	79.14606
1208.47983	6.55096	81.78163
1238.69137	8.57089	84.73061
1270.4522	11.18128	87.68052
1303.886	14.1423	90.49363
1339.12563	17.25758	93.3731
1376.32298	20.68081	96.67108
1415.64748	24.92421	100.52854
1457.28354	30.6015	104.64811
1501.44477	38.08704	108.2972
1548.36421	47.23837	110.56529
1598.31067	57.40685	110.78063
1651.58905	67.78442	108.74872
1708.53953	77.74296	104.58272
1769.55784	86.7813	98.41271
1835.09867	94.29819	90.43404
1905.6783	99.63597	81.16222
1981.90738	102.40096	71.5194
2064.48562	102.77596	62.56303
2154.24446	101.47234	55.02679
2252.16715	99.34363	49.08971
2359.41157	97.00362	44.5156
2477.38027	94.72298	40.99014
2607.77199	92.61995	38.32905
2752.64596	90.85005	36.39637
2914.5705	89.54573	34.95239
3096.72843	88.65137	33.72814
3303.17369	87.97906	32.637
3539.12073	87.44199	31.78627
3811.3566	87.14885	31.2831
4128.96436	87.30721	31.08218
4504.3343	88.06419	30.95281
4954.76053	89.34737	30.57631
5505.30415	90.81945	29.77993
6193.45686	92.07462	28.78848
7078.22125	93.07655	28.22698
8257.95623	94.5004	28.67042
9909.52107	97.598	29.97568
12386.85183	103.48396	30.75887
16515.91245	111.83906	28.65646
24773.70367	120.28974	22.12157
49548.39741	126.12689	11.91696