25.53178	0.90223	4.16667E-4
25.54456	0.90213	4.17E-4
25.55735	0.90203	4.18E-4
25.57015	0.90193	4.18667E-4
25.58297	0.90183	4.19E-4
25.5958	0.90172	4.2E-4
25.60864	0.90162	4.20667E-4
25.6215	0.90152	4.21E-4
25.63437	0.90142	4.22E-4
25.64725	0.90131	4.22667E-4
25.66014	0.90121	4.23E-4
25.67305	0.90111	4.24E-4
25.68597	0.90101	4.24667E-4
25.69891	0.9009	4.25333E-4
25.71185	0.9008	4.26E-4
25.72481	0.9007	4.26667E-4
25.73779	0.90059	4.27333E-4
25.75077	0.90049	4.28E-4
25.76377	0.90038	4.28667E-4
25.77678	0.90028	4.29667E-4
25.78981	0.90018	4.3E-4
25.80285	0.90007	4.30667E-4
25.8159	0.89997	4.31667E-4
25.82896	0.89986	4.32E-4
25.84204	0.89976	4.33E-4
25.85513	0.89965	4.33667E-4
25.86824	0.89955	4.34E-4
25.88135	0.89944	4.35E-4
25.89448	0.89934	4.35667E-4
25.90763	0.89923	4.36333E-4
25.92079	0.89912	4.37E-4
25.93396	0.89902	4.37667E-4
25.94714	0.89891	4.38667E-4
25.96034	0.8988	4.39E-4
25.97355	0.8987	4.4E-4
25.98678	0.89859	4.40667E-4
26.00001	0.89848	4.41333E-4
26.01327	0.89838	4.42E-4
26.02653	0.89827	4.42667E-4
26.03981	0.89816	4.43667E-4
26.0531	0.89805	4.44E-4
26.06641	0.89794	4.45E-4
26.07973	0.89784	4.45667E-4
26.09306	0.89773	4.46333E-4
26.10641	0.89762	4.47E-4
26.11977	0.89751	4.47667E-4
26.13314	0.8974	4.48667E-4
26.14653	0.89729	4.49E-4
26.15993	0.89718	4.5E-4
26.17335	0.89707	4.50667E-4
26.18678	0.89696	4.51667E-4
26.20022	0.89685	4.52E-4
26.21368	0.89675	4.53E-4
26.22715	0.89663	4.53667E-4
26.24063	0.89652	4.54667E-4
26.25413	0.89641	4.55E-4
26.26764	0.8963	4.56E-4
26.28117	0.89619	4.56667E-4
26.29471	0.89608	4.57667E-4
26.30826	0.89597	4.58E-4
26.32183	0.89586	4.59E-4
26.33541	0.89575	4.59667E-4
26.34901	0.89564	4.60667E-4
26.36262	0.89552	4.61E-4
26.37624	0.89541	4.62E-4
26.38988	0.8953	4.62667E-4
26.40353	0.89519	4.63667E-4
26.4172	0.89507	4.64E-4
26.43088	0.89496	4.65E-4
26.44457	0.89485	4.65667E-4
26.45828	0.89474	4.66667E-4
26.47201	0.89462	4.67333E-4
26.48574	0.89451	4.68E-4
26.4995	0.89439	4.68667E-4
26.51326	0.89428	4.69667E-4
26.52704	0.89417	4.70667E-4
26.54084	0.89405	4.71E-4
26.55465	0.89394	4.72E-4
26.56847	0.89382	4.72667E-4
26.58231	0.89371	4.73667E-4
26.59616	0.89359	4.74333E-4
26.61003	0.89348	4.75E-4
26.62391	0.89336	4.76E-4
26.6378	0.89325	4.76667E-4
26.65171	0.89313	4.77667E-4
26.66564	0.89301	4.78333E-4
26.67958	0.8929	4.79E-4
26.69353	0.89278	4.8E-4
26.7075	0.89266	4.80667E-4
26.72148	0.89255	4.81667E-4
26.73548	0.89243	4.82333E-4
26.74949	0.89231	4.83E-4
26.76352	0.8922	4.84E-4
26.77756	0.89208	4.84667E-4
26.79162	0.89196	4.85667E-4
26.80569	0.89184	4.86333E-4
26.81977	0.89172	4.87E-4
26.83387	0.89161	4.88E-4
26.84799	0.89149	4.88667E-4
26.86212	0.89137	4.89667E-4
26.87627	0.89125	4.90667E-4
26.89043	0.89113	4.91333E-4
26.9046	0.89101	4.92E-4
26.91879	0.89089	4.93E-4
26.933	0.89077	4.93667E-4
26.94722	0.89065	4.94667E-4
26.96145	0.89053	4.95667E-4
26.9757	0.89041	4.96333E-4
26.98997	0.89029	4.97E-4
27.00425	0.89017	4.98E-4
27.01854	0.89005	4.98667E-4
27.03285	0.88993	4.99667E-4
27.04718	0.8898	5.00667E-4
27.06152	0.88968	5.01333E-4
27.07588	0.88956	5.02E-4
27.09025	0.88944	5.03E-4
27.10464	0.88932	5.04E-4
27.11904	0.88919	5.04667E-4
27.13345	0.88907	5.05667E-4
27.14789	0.88895	5.06667E-4
27.16234	0.88883	5.07667E-4
27.1768	0.8887	5.08E-4
27.19128	0.88858	5.09E-4
27.20577	0.88845	5.1E-4
27.22028	0.88833	5.10667E-4
27.23481	0.88821	5.11667E-4
27.24935	0.88808	5.12667E-4
27.2639	0.88796	5.13667E-4
27.27848	0.88783	5.14667E-4
27.29306	0.88771	5.15E-4
27.30767	0.88758	5.16E-4
27.32229	0.88746	5.17E-4
27.33692	0.88733	5.18E-4
27.35157	0.88721	5.18667E-4
27.36624	0.88708	5.19667E-4
27.38092	0.88695	5.20667E-4
27.39561	0.88683	5.21667E-4
27.41033	0.8867	5.22667E-4
27.42506	0.88657	5.23333E-4
27.4398	0.88645	5.24E-4
27.45456	0.88632	5.25E-4
27.46934	0.88619	5.26E-4
27.48413	0.88606	5.27E-4
27.49894	0.88593	5.27667E-4
27.51376	0.88581	5.28667E-4
27.5286	0.88568	5.29667E-4
27.54346	0.88555	5.30667E-4
27.55833	0.88542	5.31667E-4
27.57322	0.88529	5.32667E-4
27.58812	0.88516	5.33667E-4
27.60304	0.88503	5.34333E-4
27.61798	0.8849	5.35333E-4
27.63293	0.88477	5.36E-4
27.6479	0.88464	5.37E-4
27.66289	0.88451	5.38E-4
27.67789	0.88438	5.39E-4
27.69291	0.88425	5.4E-4
27.70794	0.88412	5.41E-4
27.72299	0.88399	5.41667E-4
27.73806	0.88385	5.42667E-4
27.75314	0.88372	5.43667E-4
27.76824	0.88359	5.44667E-4
27.78336	0.88346	5.45667E-4
27.79849	0.88332	5.46667E-4
27.81364	0.88319	5.47667E-4
27.8288	0.88306	5.48667E-4
27.84399	0.88293	5.49667E-4
27.85919	0.88279	5.50667E-4
27.8744	0.88266	5.51667E-4
27.88963	0.88252	5.52667E-4
27.90488	0.88239	5.53667E-4
27.92015	0.88225	5.54667E-4
27.93543	0.88212	5.55667E-4
27.95073	0.88199	5.56333E-4
27.96604	0.88185	5.57333E-4
27.98138	0.88171	5.58333E-4
27.99672	0.88158	5.59333E-4
28.01209	0.88144	5.60333E-4
28.02747	0.88131	5.61333E-4
28.04287	0.88117	5.62333E-4
28.05829	0.88103	5.63333E-4
28.07372	0.8809	5.64333E-4
28.08917	0.88076	5.65333E-4
28.10464	0.88062	5.66333E-4
28.12013	0.88048	5.67333E-4
28.13563	0.88035	5.68667E-4
28.15115	0.88021	5.69667E-4
28.16668	0.88007	5.70667E-4
28.18224	0.87993	5.71667E-4
28.19781	0.87979	5.72667E-4
28.21339	0.87965	5.73667E-4
28.229	0.87951	5.74667E-4
28.24462	0.87937	5.75667E-4
28.26026	0.87923	5.76667E-4
28.27592	0.87909	5.77667E-4
28.29159	0.87895	5.78667E-4
28.30728	0.87881	5.79667E-4
28.32299	0.87867	5.80667E-4
28.33872	0.87853	5.81667E-4
28.35446	0.87839	5.82667E-4
28.37022	0.87825	5.84E-4
28.386	0.8781	5.85E-4
28.4018	0.87796	5.86E-4
28.41761	0.87782	5.87E-4
28.43344	0.87768	5.88E-4
28.44929	0.87753	5.89E-4
28.46516	0.87739	5.90333E-4
28.48104	0.87725	5.91667E-4
28.49694	0.8771	5.92667E-4
28.51287	0.87696	5.93667E-4
28.5288	0.87682	5.94667E-4
28.54476	0.87667	5.95667E-4
28.56073	0.87653	5.96667E-4
28.57672	0.87638	5.97667E-4
28.59273	0.87624	5.99E-4
28.60876	0.87609	6E-4
28.62481	0.87594	6.01E-4
28.64087	0.8758	6.02333E-4
28.65695	0.87565	6.03667E-4
28.67305	0.8755	6.04667E-4
28.68917	0.87536	6.05667E-4
28.7053	0.87521	6.06667E-4
28.72146	0.87506	6.07667E-4
28.73763	0.87492	6.09E-4
28.75382	0.87477	6.1E-4
28.77003	0.87462	6.11E-4
28.78625	0.87447	6.12333E-4
28.8025	0.87432	6.13667E-4
28.81876	0.87417	6.14667E-4
28.83504	0.87402	6.15667E-4
28.85134	0.87387	6.16667E-4
28.86766	0.87372	6.18E-4
28.884	0.87357	6.19E-4
28.90036	0.87342	6.20333E-4
28.91673	0.87327	6.21667E-4
28.93312	0.87312	6.22667E-4
28.94953	0.87297	6.23667E-4
28.96596	0.87282	6.25E-4
28.98241	0.87267	6.26E-4
28.99888	0.87251	6.27333E-4
29.01537	0.87236	6.28667E-4
29.03187	0.87221	6.29667E-4
29.04839	0.87205	6.30667E-4
29.06494	0.8719	6.32E-4
29.0815	0.87175	6.33E-4
29.09808	0.87159	6.34667E-4
29.11468	0.87144	6.35667E-4
29.13129	0.87128	6.36667E-4
29.14793	0.87113	6.38E-4
29.16459	0.87097	6.39E-4
29.18126	0.87082	6.40667E-4
29.19796	0.87066	6.41667E-4
29.21467	0.87051	6.42667E-4
29.2314	0.87035	6.44E-4
29.24815	0.8702	6.45333E-4
29.26492	0.87004	6.46667E-4
29.28171	0.86988	6.47667E-4
29.29852	0.86972	6.48667E-4
29.31535	0.86957	6.5E-4
29.3322	0.86941	6.51667E-4
29.34907	0.86925	6.52667E-4
29.36595	0.86909	6.53667E-4
29.38286	0.86893	6.55E-4
29.39979	0.86877	6.56667E-4
29.41673	0.86861	6.57667E-4
29.4337	0.86845	6.58667E-4
29.45068	0.86829	6.6E-4
29.46768	0.86813	6.61667E-4
29.48471	0.86797	6.62667E-4
29.50175	0.86781	6.64E-4
29.51881	0.86765	6.65333E-4
29.5359	0.86749	6.66667E-4
29.553	0.86733	6.67667E-4
29.57012	0.86716	6.69E-4
29.58726	0.867	6.70667E-4
29.60442	0.86684	6.71667E-4
29.62161	0.86667	6.73E-4
29.63881	0.86651	6.74333E-4
29.65603	0.86635	6.75667E-4
29.67327	0.86618	6.76667E-4
29.69053	0.86602	6.78333E-4
29.70782	0.86585	6.79667E-4
29.72512	0.86569	6.80667E-4
29.74244	0.86552	6.82E-4
29.75978	0.86536	6.83667E-4
29.77715	0.86519	6.84667E-4
29.79453	0.86502	6.86E-4
29.81193	0.86486	6.87667E-4
29.82936	0.86469	6.88667E-4
29.8468	0.86452	6.90333E-4
29.86427	0.86435	6.91667E-4
29.88175	0.86419	6.92667E-4
29.89926	0.86402	6.94333E-4
29.91678	0.86385	6.95667E-4
29.93433	0.86368	6.97E-4
29.95189	0.86351	6.98667E-4
29.96948	0.86334	6.99667E-4
29.98709	0.86317	7.01E-4
30.00472	0.863	7.02667E-4
30.02237	0.86283	7.04E-4
30.04004	0.86266	7.05667E-4
30.05773	0.86249	7.06667E-4
30.07544	0.86231	7.08E-4
30.09318	0.86214	7.09667E-4
30.11093	0.86197	7.11E-4
30.12871	0.8618	7.12667E-4
30.1465	0.86162	7.13667E-4
30.16432	0.86145	7.15333E-4
30.18216	0.86128	7.16667E-4
30.20002	0.8611	7.18E-4
30.2179	0.86093	7.19667E-4
30.2358	0.86075	7.21E-4
30.25372	0.86058	7.22667E-4
30.27167	0.8604	7.23667E-4
30.28963	0.86022	7.25667E-4
30.30762	0.86005	7.26667E-4
30.32563	0.85987	7.28667E-4
30.34366	0.85969	7.29667E-4
30.36171	0.85952	7.31333E-4
30.37978	0.85934	7.32667E-4
30.39787	0.85916	7.34333E-4
30.41599	0.85898	7.35667E-4
30.43413	0.8588	7.37333E-4
30.45228	0.85862	7.38667E-4
30.47046	0.85844	7.40333E-4
30.48867	0.85826	7.41667E-4
30.50689	0.85808	7.43667E-4
30.52514	0.8579	7.44667E-4
30.5434	0.85772	7.46667E-4
30.56169	0.85754	7.48E-4
30.58	0.85736	7.49667E-4
30.59834	0.85718	7.51E-4
30.61669	0.85699	7.52667E-4
30.63507	0.85681	7.54E-4
30.65347	0.85663	7.55667E-4
30.67189	0.85644	7.57333E-4
30.69034	0.85626	7.58667E-4
30.7088	0.85608	7.60667E-4
30.72729	0.85589	7.62E-4
30.7458	0.8557	7.63667E-4
30.76433	0.85552	7.65333E-4
30.78289	0.85533	7.66667E-4
30.80147	0.85515	7.68667E-4
30.82007	0.85496	7.7E-4
30.83869	0.85477	7.71667E-4
30.85733	0.85459	7.73667E-4
30.876	0.8544	7.75E-4
30.89469	0.85421	7.76667E-4
30.9134	0.85402	7.78667E-4
30.93214	0.85383	7.8E-4
30.9509	0.85364	7.81667E-4
30.96968	0.85345	7.83667E-4
30.98848	0.85326	7.85E-4
31.00731	0.85307	7.86667E-4
31.02616	0.85288	7.88667E-4
31.04503	0.85269	7.9E-4
31.06392	0.85249	7.91667E-4
31.08284	0.8523	7.93667E-4
31.10178	0.85211	7.95333E-4
31.12075	0.85191	7.97E-4
31.13974	0.85172	7.98667E-4
31.15875	0.85153	8.00667E-4
31.17778	0.85133	8.02333E-4
31.19684	0.85114	8.04E-4
31.21592	0.85094	8.05667E-4
31.23502	0.85075	8.07667E-4
31.25415	0.85055	8.09667E-4
31.2733	0.85035	8.11333E-4
31.29248	0.85015	8.13E-4
31.31167	0.84996	8.15E-4
31.3309	0.84976	8.16667E-4
31.35014	0.84956	8.18667E-4
31.36941	0.84936	8.20667E-4
31.3887	0.84916	8.22667E-4
31.40802	0.84896	8.24333E-4
31.42736	0.84876	8.26E-4
31.44672	0.84856	8.28E-4
31.46611	0.84836	8.3E-4
31.48552	0.84816	8.32E-4
31.50496	0.84795	8.34E-4
31.52442	0.84775	8.36E-4
31.5439	0.84755	8.38E-4
31.56341	0.84735	8.4E-4
31.58294	0.84714	8.42E-4
31.60249	0.84694	8.44E-4
31.62207	0.84673	8.46E-4
31.64168	0.84653	8.48E-4
31.66131	0.84632	8.5E-4
31.68096	0.84611	8.52333E-4
31.70064	0.84591	8.54667E-4
31.72034	0.8457	8.56667E-4
31.74007	0.84549	8.59E-4
31.75982	0.84528	8.61E-4
31.77959	0.84507	8.63333E-4
31.7994	0.84486	8.65667E-4
31.81922	0.84465	8.68E-4
31.83907	0.84444	8.70667E-4
31.85894	0.84423	8.73E-4
31.87884	0.84402	8.75667E-4
31.89877	0.8438	8.78E-4
31.91872	0.84359	8.81E-4
31.93869	0.84338	8.83667E-4
31.95869	0.84316	8.86E-4
31.97871	0.84295	8.89E-4
31.99876	0.84273	8.92E-4
32.01884	0.84251	8.95667E-4
32.03894	0.8423	8.99E-4
32.05906	0.84208	9.03E-4
32.07921	0.84186	9.07333E-4
32.09939	0.84164	9.11667E-4
32.11959	0.84142	9.17E-4
32.13982	0.8412	9.23E-4
32.16007	0.84098	9.29667E-4
32.18035	0.84076	9.36E-4
32.20065	0.84054	9.43E-4
32.22098	0.84032	9.50333E-4
32.24133	0.8401	9.56667E-4
32.26171	0.83988	9.62667E-4
32.28212	0.83966	9.68333E-4
32.30255	0.83944	9.73667E-4
32.32301	0.83921	9.78333E-4
32.34349	0.83899	9.83333E-4
32.364	0.83876	9.88333E-4
32.38454	0.83854	9.93333E-4
32.4051	0.83831	0.001
32.42569	0.83808	0.00101
32.4463	0.83786	0.00102
32.46694	0.83763	0.00102
32.48761	0.8374	0.00103
32.5083	0.83717	0.00104
32.52902	0.83694	0.00105
32.54976	0.83671	0.00106
32.57054	0.83648	0.00107
32.59133	0.83625	0.00109
32.61216	0.83602	0.0011
32.63301	0.8358	0.00111
32.65389	0.83557	0.00112
32.67479	0.83534	0.00113
32.69573	0.83511	0.00115
32.71669	0.83488	0.00116
32.73767	0.83465	0.00117
32.75868	0.83443	0.00118
32.77972	0.8342	0.00118
32.80079	0.83396	0.00119
32.82188	0.83373	0.0012
32.843	0.8335	0.00121
32.86415	0.83326	0.00122
32.88533	0.83303	0.00123
32.90653	0.8328	0.00124
32.92776	0.83256	0.00125
32.94902	0.83233	0.00126
32.9703	0.83209	0.00127
32.99162	0.83186	0.00128
33.01295	0.83162	0.00129
33.03432	0.83138	0.0013
33.05572	0.83114	0.00132
33.07714	0.83091	0.00133
33.09859	0.83067	0.00134
33.12007	0.83043	0.00135
33.14158	0.83019	0.00136
33.16311	0.82995	0.00137
33.18467	0.82971	0.00138
33.20626	0.82947	0.00139
33.22788	0.82923	0.00141
33.24953	0.82898	0.00142
33.27121	0.82874	0.00143
33.29291	0.8285	0.00144
33.31464	0.82826	0.00145
33.3364	0.82801	0.00146
33.35819	0.82777	0.00148
33.38001	0.82752	0.00149
33.40185	0.82728	0.00151
33.42372	0.82703	0.00153
33.44563	0.82679	0.00154
33.46756	0.82655	0.00156
33.48952	0.82631	0.00157
33.51151	0.82607	0.00159
33.53353	0.82583	0.0016
33.55557	0.82558	0.00161
33.57765	0.82534	0.00161
33.59976	0.82509	0.00162
33.62189	0.82484	0.00162
33.64405	0.82459	0.00163
33.66625	0.82434	0.00164
33.68847	0.82409	0.00165
33.71072	0.82383	0.00166
33.733	0.82357	0.00167
33.75531	0.82331	0.00168
33.77765	0.82306	0.0017
33.80002	0.8228	0.00172
33.82242	0.82254	0.00174
33.84485	0.82229	0.00176
33.8673	0.82203	0.00178
33.88979	0.82178	0.0018
33.91231	0.82154	0.00181
33.93486	0.82129	0.00183
33.95744	0.82104	0.00184
33.98005	0.82078	0.00185
34.00268	0.82053	0.00186
34.02535	0.82027	0.00187
34.04805	0.82001	0.00188
34.07078	0.81976	0.00189
34.09354	0.8195	0.0019
34.11633	0.81924	0.00191
34.13915	0.81898	0.00192
34.162	0.81872	0.00193
34.18488	0.81845	0.00194
34.20779	0.81818	0.00196
34.23074	0.81792	0.00197
34.25371	0.81766	0.00199
34.27672	0.81739	0.002
34.29975	0.81713	0.00201
34.32282	0.81686	0.00203
34.34591	0.8166	0.00204
34.36904	0.81633	0.00205
34.3922	0.81607	0.00206
34.41539	0.8158	0.00207
34.43862	0.81553	0.00208
34.46187	0.81526	0.00209
34.48515	0.81498	0.0021
34.50847	0.8147	0.00211
34.53182	0.81442	0.00212
34.5552	0.81413	0.00214
34.57861	0.81385	0.00216
34.60205	0.81357	0.00219
34.62553	0.81329	0.00222
34.64904	0.81302	0.00225
34.67257	0.81275	0.00228
34.69614	0.81248	0.0023
34.71975	0.81221	0.00232
34.74338	0.81195	0.00234
34.76705	0.81167	0.00236
34.79075	0.8114	0.00238
34.81448	0.81113	0.00241
34.83824	0.81086	0.00243
34.86204	0.8106	0.00244
34.88587	0.81033	0.00246
34.90973	0.81006	0.00247
34.93363	0.80978	0.00248
34.95755	0.80951	0.00249
34.98151	0.80923	0.0025
35.00551	0.80895	0.00251
35.02953	0.80867	0.00252
35.05359	0.80838	0.00253
35.07768	0.80809	0.00254
35.10181	0.8078	0.00256
35.12597	0.80751	0.00258
35.15016	0.80722	0.00261
35.17438	0.80694	0.00263
35.19864	0.80665	0.00265
35.22293	0.80637	0.00268
35.24726	0.80609	0.0027
35.27162	0.80581	0.00273
35.29601	0.80554	0.00274
35.32043	0.80526	0.00276
35.3449	0.80498	0.00277
35.36939	0.8047	0.00278
35.39392	0.80442	0.00279
35.41848	0.80414	0.0028
35.44308	0.80385	0.00281
35.46771	0.80357	0.00282
35.49237	0.80328	0.00282
35.51707	0.80299	0.00282
35.5418	0.80269	0.00283
35.56657	0.8024	0.00283
35.59137	0.8021	0.00284
35.61621	0.8018	0.00284
35.64108	0.80149	0.00284
35.66599	0.80118	0.00285
35.69093	0.80087	0.00286
35.71591	0.80056	0.00288
35.74092	0.80025	0.0029
35.76596	0.79994	0.00292
35.79104	0.79963	0.00295
35.81616	0.79933	0.00297
35.84131	0.79903	0.00299
35.8665	0.79873	0.00301
35.89172	0.79843	0.00302
35.91698	0.79813	0.00304
35.94227	0.79783	0.00305
35.9676	0.79752	0.00306
35.99297	0.79722	0.00307
36.01837	0.79691	0.00308
36.04381	0.79659	0.00308
36.06928	0.79627	0.0031
36.09479	0.79595	0.00311
36.12033	0.79563	0.00313
36.14591	0.79531	0.00316
36.17153	0.795	0.00319
36.19718	0.79469	0.00321
36.22287	0.79438	0.00324
36.2486	0.79408	0.00325
36.27436	0.79378	0.00327
36.30016	0.79348	0.00327
36.326	0.79317	0.00327
36.35187	0.79285	0.00327
36.37778	0.79252	0.00326
36.40373	0.79219	0.00326
36.42971	0.79186	0.00326
36.45573	0.79151	0.00327
36.48179	0.79117	0.00329
36.50789	0.79083	0.00331
36.53402	0.79049	0.00334
36.56019	0.79017	0.00337
36.5864	0.78984	0.00339
36.61265	0.78951	0.00341
36.63893	0.78918	0.00343
36.66525	0.78885	0.00345
36.69161	0.78852	0.00346
36.71801	0.78819	0.00348
36.74444	0.78785	0.00349
36.77091	0.78751	0.0035
36.79742	0.78716	0.00352
36.82397	0.78682	0.00355
36.85056	0.78649	0.00358
36.87719	0.78615	0.0036
36.90385	0.78582	0.00362
36.93056	0.78548	0.00363
36.9573	0.78515	0.00364
36.98408	0.7848	0.00366
37.0109	0.78446	0.00367
37.03776	0.78411	0.00368
37.06465	0.78376	0.00369
37.09159	0.7834	0.00371
37.11857	0.78303	0.00373
37.14558	0.78267	0.00376
37.17264	0.7823	0.00379
37.19973	0.78195	0.00383
37.22686	0.7816	0.00387
37.25404	0.78125	0.0039
37.28125	0.78091	0.00393
37.3085	0.78056	0.00396
37.33579	0.78021	0.00399
37.36313	0.77987	0.00402
37.3905	0.77954	0.00405
37.41791	0.7792	0.00407
37.44536	0.77886	0.00408
37.47285	0.77851	0.00408
37.50039	0.77815	0.00408
37.52796	0.77779	0.00408
37.55558	0.77741	0.00408
37.58323	0.77703	0.00409
37.61093	0.77665	0.00411
37.63866	0.77627	0.00413
37.66644	0.77589	0.00415
37.69426	0.77551	0.00418
37.72212	0.77513	0.00419
37.75002	0.77473	0.00421
37.77796	0.77433	0.00424
37.80595	0.77393	0.00428
37.83397	0.77353	0.00433
37.86204	0.77314	0.00439
37.89015	0.77275	0.00444
37.9183	0.77238	0.0045
37.94649	0.772	0.00455
37.97472	0.77163	0.00461
38.003	0.77126	0.00465
38.03132	0.7709	0.00469
38.05968	0.77053	0.00473
38.08808	0.77015	0.00476
38.11653	0.76976	0.0048
38.14501	0.76937	0.00484
38.17354	0.76898	0.00489
38.20212	0.76859	0.00495
38.23073	0.76821	0.00501
38.25939	0.76783	0.00507
38.28809	0.76746	0.00514
38.31684	0.7671	0.0052
38.34563	0.76675	0.00525
38.37446	0.7664	0.00529
38.40333	0.76604	0.00532
38.43225	0.76568	0.00534
38.46121	0.7653	0.00535
38.49022	0.76492	0.00537
38.51927	0.76452	0.00539
38.54836	0.76412	0.00542
38.5775	0.76373	0.00546
38.60668	0.76333	0.0055
38.6359	0.76294	0.00554
38.66517	0.76254	0.00557
38.69449	0.76215	0.00561
38.72385	0.76175	0.00565
38.75325	0.76135	0.00569
38.7827	0.76095	0.00572
38.81219	0.76054	0.00576
38.84173	0.76013	0.0058
38.87131	0.75971	0.00585
38.90094	0.75929	0.00591
38.93061	0.75887	0.00597
38.96033	0.75846	0.00605
38.99009	0.75806	0.00612
39.0199	0.75767	0.0062
39.04975	0.75728	0.00628
39.07965	0.7569	0.00635
39.1096	0.75653	0.00642
39.13959	0.75617	0.00648
39.16963	0.75581	0.00652
39.19971	0.75544	0.00654
39.22985	0.75506	0.00657
39.26002	0.75466	0.0066
39.29025	0.75427	0.00663
39.32052	0.75386	0.00666
39.35083	0.75346	0.0067
39.38119	0.75306	0.00674
39.41161	0.75266	0.00678
39.44206	0.75226	0.00682
39.47257	0.75187	0.00686
39.50312	0.75147	0.0069
39.53372	0.75107	0.00693
39.56436	0.75067	0.00696
39.59506	0.75027	0.00698
39.6258	0.74986	0.00701
39.65659	0.74945	0.00703
39.68743	0.74902	0.00706
39.71831	0.74861	0.0071
39.74924	0.74819	0.00714
39.78023	0.74779	0.00718
39.81126	0.7474	0.0072
39.84233	0.74701	0.00721
39.87346	0.7466	0.0072
39.90464	0.74616	0.00719
39.93586	0.74571	0.00718
39.96713	0.74524	0.00718
39.99846	0.74476	0.00721
40.02983	0.74429	0.00725
40.06125	0.74382	0.00731
40.09272	0.74337	0.00738
40.12424	0.74294	0.00744
40.15581	0.74252	0.00748
40.18742	0.7421	0.00751
40.21909	0.74167	0.00752
40.25081	0.74122	0.00753
40.28258	0.74075	0.00755
40.3144	0.74028	0.00758
40.34627	0.7398	0.00762
40.37819	0.73933	0.00766
40.41016	0.73886	0.00771
40.44218	0.7384	0.00776
40.47425	0.73793	0.0078
40.50637	0.73746	0.00785
40.53855	0.73699	0.0079
40.57077	0.73652	0.00796
40.60305	0.73606	0.00802
40.63537	0.73561	0.00807
40.66775	0.73516	0.00811
40.70018	0.7347	0.00814
40.73266	0.73423	0.00816
40.7652	0.73373	0.00819
40.79778	0.73323	0.00824
40.83042	0.73272	0.0083
40.86311	0.73223	0.00838
40.89586	0.73175	0.00846
40.92865	0.73128	0.00853
40.9615	0.73081	0.00858
40.9944	0.73033	0.00863
41.02735	0.72983	0.00869
41.06036	0.72933	0.00876
41.09342	0.72883	0.00884
41.12653	0.72835	0.00893
41.1597	0.72788	0.00902
41.19292	0.72741	0.00911
41.22619	0.72694	0.00918
41.25952	0.72648	0.00926
41.2929	0.72601	0.00933
41.32634	0.72554	0.0094
41.35983	0.72508	0.00947
41.39337	0.72462	0.00953
41.42697	0.72416	0.00959
41.46062	0.72369	0.00965
41.49433	0.72322	0.0097
41.52809	0.72275	0.00977
41.56191	0.72229	0.00983
41.59579	0.72185	0.00987
41.62971	0.7214	0.00989
41.6637	0.72092	0.00988
41.69774	0.72042	0.00988
41.73183	0.71989	0.00989
41.76598	0.71935	0.00993
41.80019	0.71881	0.00998
41.83445	0.71829	0.01005
41.86877	0.71777	0.01013
41.90314	0.71728	0.0102
41.93758	0.7168	0.01025
41.97206	0.71632	0.01028
42.00661	0.71582	0.01029
42.04121	0.71529	0.01029
42.07587	0.71473	0.0103
42.11058	0.71416	0.01033
42.14536	0.71358	0.01038
42.18019	0.71302	0.01045
42.21508	0.71246	0.01053
42.25002	0.71192	0.0106
42.28503	0.71138	0.01066
42.32009	0.71084	0.01071
42.35521	0.71027	0.01075
42.39039	0.70968	0.0108
42.42563	0.70908	0.01086
42.46092	0.70848	0.01095
42.49628	0.70788	0.01106
42.53169	0.70729	0.01119
42.56716	0.70671	0.01132
42.6027	0.70615	0.01146
42.63829	0.7056	0.01159
42.67394	0.70506	0.01171
42.70965	0.70451	0.01183
42.74542	0.70396	0.01196
42.78125	0.70341	0.01209
42.81714	0.70288	0.01223
42.85309	0.70236	0.01236
42.8891	0.70185	0.01247
42.92517	0.70133	0.01258
42.9613	0.70082	0.01268
42.9975	0.7003	0.01277
43.03375	0.69978	0.01286
43.07007	0.69924	0.01293
43.10644	0.6987	0.013
43.14288	0.69814	0.01308
43.17938	0.69758	0.01316
43.21594	0.69701	0.01325
43.25257	0.69643	0.01335
43.28925	0.69584	0.01346
43.326	0.69527	0.01358
43.36281	0.6947	0.01372
43.39968	0.69414	0.01385
43.43662	0.6936	0.01399
43.47362	0.69307	0.01413
43.51068	0.69256	0.01424
43.54781	0.69204	0.01433
43.58499	0.6915	0.0144
43.62225	0.69092	0.01447
43.65956	0.69034	0.01457
43.69694	0.68976	0.0147
43.73439	0.6892	0.01483
43.77189	0.68865	0.01495
43.80947	0.68811	0.01507
43.8471	0.68758	0.01517
43.88481	0.68704	0.01527
43.92257	0.6865	0.01535
43.9604	0.68595	0.01542
43.9983	0.68537	0.01548
44.03626	0.68477	0.01554
44.07429	0.68415	0.01563
44.11238	0.68352	0.01574
44.15054	0.6829	0.01587
44.18877	0.68229	0.01602
44.22706	0.6817	0.01618
44.26542	0.68113	0.01634
44.30384	0.68057	0.01651
44.34234	0.68003	0.01667
44.38089	0.67951	0.01681
44.41952	0.67899	0.01692
44.45821	0.67847	0.01701
44.49697	0.67791	0.01708
44.5358	0.67733	0.01717
44.5747	0.67675	0.01727
44.61366	0.67618	0.01739
44.65269	0.67562	0.01751
44.69179	0.67507	0.01762
44.73096	0.67452	0.01771
44.7702	0.67397	0.0178
44.80951	0.67342	0.01788
44.84888	0.67287	0.01795
44.88833	0.6723	0.018
44.92784	0.6717	0.01804
44.96743	0.67109	0.01809
45.00708	0.67046	0.01816
45.0468	0.66982	0.01825
45.0866	0.66918	0.01836
45.12646	0.66856	0.01849
45.1664	0.66796	0.01863
45.2064	0.66739	0.01877
45.24648	0.66685	0.01888
45.28663	0.66631	0.01895
45.32685	0.66576	0.01899
45.36714	0.66518	0.019
45.4075	0.66456	0.01901
45.44793	0.6639	0.01903
45.48844	0.66323	0.01906
45.52902	0.66254	0.01912
45.56967	0.66185	0.01919
45.61039	0.66114	0.01928
45.65119	0.66044	0.0194
45.69206	0.65975	0.01955
45.733	0.65909	0.0197
45.77402	0.65844	0.01986
45.81511	0.65781	0.02002
45.85627	0.6572	0.02018
45.89751	0.65661	0.02033
45.93882	0.65605	0.02044
45.98021	0.65547	0.02051
46.02167	0.65486	0.02058
46.0632	0.65425	0.02065
46.10481	0.65363	0.02072
46.1465	0.65302	0.02078
46.18826	0.65242	0.02083
46.2301	0.6518	0.02084
46.27201	0.65116	0.02083
46.314	0.65046	0.02081
46.35607	0.64972	0.02081
46.39821	0.64895	0.02086
46.44043	0.6482	0.02095
46.48272	0.64748	0.02106
46.52509	0.64679	0.02115
46.56754	0.6461	0.02123
46.61007	0.6454	0.02129
46.65268	0.64469	0.02133
46.69536	0.64395	0.02136
46.73812	0.64317	0.0214
46.78096	0.64239	0.02147
46.82388	0.6416	0.02156
46.86688	0.64081	0.02166
46.90995	0.64003	0.02176
46.95311	0.63924	0.02185
46.99634	0.63844	0.02195
47.03966	0.63761	0.02205
47.08305	0.63676	0.02219
47.12653	0.6359	0.02235
47.17008	0.63505	0.02255
47.21372	0.63421	0.02278
47.25743	0.63339	0.02304
47.30123	0.63262	0.02331
47.34511	0.63188	0.02359
47.38907	0.63118	0.02384
47.43311	0.63049	0.02406
47.47724	0.6298	0.02424
47.52144	0.62908	0.02441
47.56573	0.62832	0.02458
47.6101	0.62755	0.02477
47.65455	0.62679	0.02501
47.69909	0.62606	0.02526
47.74371	0.62536	0.0255
47.78842	0.62467	0.02571
47.8332	0.62397	0.0259
47.87808	0.62324	0.0261
47.92303	0.62252	0.02632
47.96807	0.62182	0.02655
48.0132	0.62115	0.02677
48.05841	0.6205	0.02698
48.1037	0.61986	0.02715
48.14908	0.6192	0.02728
48.19455	0.6185	0.0274
48.2401	0.61777	0.02753
48.28574	0.61704	0.02769
48.33147	0.61631	0.02786
48.37728	0.6156	0.02803
48.42318	0.61488	0.02819
48.46916	0.61416	0.02836
48.51524	0.61345	0.02854
48.5614	0.61277	0.02871
48.60765	0.61209	0.02886
48.65398	0.61142	0.02898
48.70041	0.61073	0.02907
48.74692	0.61	0.02914
48.79353	0.60923	0.02922
48.84022	0.60845	0.02932
48.887	0.60766	0.02943
48.93387	0.60686	0.02955
48.98083	0.60604	0.02969
49.02789	0.60521	0.02987
49.07503	0.60441	0.03009
49.12226	0.60366	0.03033
49.16958	0.60296	0.03055
49.217	0.60231	0.03072
49.26451	0.60166	0.03083
49.3121	0.60097	0.03088
49.3598	0.60023	0.03091
49.40758	0.59944	0.03096
49.45545	0.59864	0.03102
49.50342	0.59783	0.03108
49.55148	0.597	0.03113
49.59964	0.59614	0.03118
49.64789	0.59522	0.03125
49.69623	0.59428	0.03137
49.74467	0.59333	0.03157
49.7932	0.59242	0.03182
49.84183	0.59156	0.03211
49.89055	0.59077	0.0324
49.93936	0.59006	0.03268
49.98828	0.5894	0.0329
50.03728	0.58878	0.03303
50.08639	0.58814	0.03305
50.13559	0.58742	0.033
50.18489	0.58662	0.03293
50.23428	0.58573	0.03285
50.28377	0.58477	0.03281
50.33336	0.58375	0.03281
50.38305	0.58269	0.03289
50.43283	0.58162	0.03307
50.48272	0.58062	0.03332
50.5327	0.57969	0.03358
50.58278	0.57883	0.03381
50.63297	0.57798	0.03397
50.68325	0.57708	0.03409
50.73363	0.57613	0.03423
50.78411	0.57516	0.03442
50.83469	0.57422	0.03466
50.88537	0.57333	0.0349
50.93616	0.57247	0.03511
50.98704	0.57163	0.03527
51.03803	0.57076	0.03538
51.08912	0.56984	0.03546
51.14031	0.56885	0.03556
51.1916	0.56783	0.03571
51.243	0.5668	0.03589
51.2945	0.56577	0.03611
51.34611	0.56474	0.03635
51.39781	0.56371	0.03662
51.44963	0.56267	0.03693
51.50154	0.56166	0.0373
51.55356	0.56072	0.03773
51.60569	0.55988	0.03817
51.65792	0.55912	0.03856
51.71026	0.55841	0.03888
51.76271	0.55773	0.03912
51.81526	0.55704	0.03929
51.86791	0.55633	0.03938
51.92068	0.55557	0.03939
51.97355	0.55472	0.03935
52.02653	0.55375	0.03931
52.07962	0.55268	0.03932
52.13282	0.55156	0.03943
52.18612	0.55044	0.03966
52.23954	0.5494	0.03996
52.29306	0.54844	0.04028
52.3467	0.54754	0.04054
52.40044	0.54663	0.04076
52.45429	0.5457	0.04098
52.50826	0.54478	0.04123
52.56234	0.54391	0.04148
52.61652	0.54309	0.04168
52.67082	0.54226	0.04182
52.72524	0.5414	0.0419
52.77976	0.5405	0.04196
52.8344	0.53956	0.04201
52.88915	0.53859	0.04204
52.94401	0.53756	0.04206
52.99899	0.53646	0.04211
53.05408	0.53532	0.04223
53.10929	0.5342	0.04242
53.16461	0.53311	0.04264
53.22005	0.53206	0.04288
53.2756	0.53103	0.04312
53.33127	0.53004	0.04336
53.38706	0.52908	0.04357
53.44296	0.52816	0.04374
53.49898	0.52725	0.04383
53.55512	0.52628	0.04385
53.61138	0.52523	0.04382
53.66775	0.52407	0.04379
53.72424	0.52283	0.04382
53.78085	0.52154	0.04394
53.83758	0.52025	0.04415
53.89443	0.519	0.04442
53.95141	0.51779	0.04472
54.00849	0.51662	0.04505
54.06571	0.51549	0.04537
54.12304	0.51438	0.04567
54.1805	0.51327	0.04597
54.23807	0.51216	0.04628
54.29578	0.51109	0.04662
54.3536	0.51008	0.04694
54.41154	0.5091	0.04722
54.46961	0.50812	0.04744
54.52781	0.50714	0.04763
54.58613	0.50615	0.04778
54.64457	0.50515	0.04788
54.70314	0.5041	0.04793
54.76183	0.50298	0.04794
54.82065	0.50179	0.04797
54.8796	0.50055	0.04801
54.93867	0.49926	0.04807
54.99788	0.49789	0.04815
55.05721	0.49645	0.0483
55.11666	0.49497	0.04858
55.17625	0.49353	0.04899
55.23596	0.49219	0.04948
55.29581	0.49096	0.04999
55.35578	0.48981	0.05048
55.41588	0.48873	0.05095
55.47612	0.48771	0.05136
55.53648	0.48674	0.05168
55.59698	0.48576	0.05191
55.65761	0.48472	0.05207
55.71837	0.48361	0.05221
55.77927	0.48247	0.05235
55.84029	0.48131	0.05248
55.90145	0.48009	0.05259
55.96275	0.47882	0.0527
56.02418	0.4775	0.05286
56.08575	0.47616	0.05307
56.14745	0.47483	0.05331
56.20928	0.4735	0.05357
56.27126	0.47217	0.05383
56.33336	0.47082	0.05412
56.39561	0.46946	0.05446
56.458	0.46814	0.05484
56.52052	0.46688	0.05525
56.58318	0.46568	0.05563
56.64598	0.4645	0.05598
56.70892	0.46335	0.05628
56.772	0.4622	0.05653
56.83522	0.46105	0.05671
56.89858	0.45984	0.05682
56.96208	0.45854	0.05688
57.02573	0.4571	0.05696
57.08952	0.45557	0.05711
57.15345	0.45399	0.0574
57.21752	0.45243	0.0578
57.28174	0.45093	0.05829
57.3461	0.44953	0.05883
57.41061	0.44821	0.05938
57.47526	0.44697	0.05991
57.54005	0.44582	0.06039
57.605	0.44473	0.06078
57.67009	0.44362	0.06105
57.73533	0.44244	0.06124
57.80071	0.44117	0.06143
57.86625	0.43988	0.06166
57.93193	0.43861	0.06189
57.99776	0.43735	0.06205
58.06374	0.43602	0.06213
58.12987	0.43458	0.06219
58.19615	0.43302	0.06227
58.26259	0.43133	0.06246
58.32918	0.4296	0.06281
58.39591	0.42793	0.06333
58.4628	0.42639	0.06396
58.52985	0.425	0.0646
58.59705	0.42375	0.06518
58.6644	0.42259	0.06567
58.73191	0.42149	0.06604
58.79957	0.4204	0.06625
58.86739	0.41924	0.06629
58.93537	0.41791	0.06621
59.0035	0.41636	0.0661
59.07179	0.41463	0.06606
59.14024	0.41277	0.06616
59.20885	0.41084	0.06642
59.27762	0.40889	0.06684
59.34654	0.40699	0.0674
59.41563	0.40515	0.06806
59.48488	0.40339	0.0688
59.55429	0.40169	0.06962
59.62387	0.4001	0.07052
59.6936	0.39864	0.07148
59.7635	0.39736	0.07245
59.83356	0.39624	0.07335
59.90379	0.39527	0.07415
59.97418	0.3944	0.0748
60.04474	0.39359	0.07527
60.11546	0.39278	0.07552
60.18635	0.39188	0.07558
60.25741	0.39082	0.07551
60.32864	0.38958	0.07539
60.40003	0.3882	0.07529
60.4716	0.38672	0.07521
60.54333	0.38515	0.07516
60.61524	0.3835	0.07516
60.68731	0.38175	0.07522
60.75956	0.37994	0.07537
60.83198	0.3781	0.07567
60.90457	0.37634	0.07608
60.97733	0.37467	0.07653
61.05027	0.37306	0.07695
61.12339	0.37148	0.07737
61.19668	0.36994	0.07779
61.27014	0.36845	0.07816
61.34378	0.36696	0.07845
61.4176	0.36539	0.07869
61.4916	0.36374	0.07896
61.56577	0.36207	0.07931
61.64013	0.36043	0.07972
61.71467	0.35884	0.08016
61.78938	0.35732	0.08061
61.86428	0.35588	0.08105
61.93936	0.35452	0.08143
62.01462	0.3532	0.08174
62.09006	0.35192	0.08197
62.16569	0.3507	0.08211
62.2415	0.34954	0.08207
62.31749	0.34834	0.08177
62.39368	0.34695	0.08122
62.47005	0.34524	0.08053
62.5466	0.34318	0.07987
62.62335	0.34083	0.07939
62.70028	0.33833	0.07917
62.7774	0.33583	0.07921
62.85471	0.33343	0.0794
62.93222	0.33113	0.07963
63.00991	0.32884	0.07983
63.0878	0.32647	0.08005
63.16588	0.32404	0.08036
63.24415	0.32161	0.08083
63.32261	0.31926	0.08141
63.40128	0.31702	0.08208
63.48014	0.31492	0.08276
63.55919	0.31296	0.08338
63.63844	0.31107	0.08386
63.71789	0.30912	0.08421
63.79754	0.30706	0.08452
63.87738	0.30491	0.08489
63.95743	0.30276	0.08535
64.03768	0.30069	0.08586
64.11813	0.29872	0.08634
64.19878	0.2968	0.08673
64.27963	0.2949	0.087
64.36069	0.29294	0.08715
64.44196	0.29089	0.0872
64.52343	0.28869	0.0872
64.6051	0.28635	0.08719
64.68698	0.28388	0.08722
64.76907	0.28129	0.0873
64.85137	0.27856	0.08748
64.93388	0.27574	0.0878
65.0166	0.27287	0.08833
65.09953	0.27007	0.08906
65.18267	0.26742	0.08993
65.26602	0.26496	0.09086
65.34959	0.2627	0.09171
65.43337	0.26053	0.0924
65.51737	0.25834	0.09293
65.60158	0.25606	0.09338
65.68601	0.25372	0.09379
65.77066	0.2513	0.09414
65.85552	0.24875	0.09444
65.9406	0.246	0.0948
66.02591	0.24315	0.09535
66.11144	0.24032	0.09607
66.19719	0.23757	0.09691
66.28315	0.23488	0.09783
66.36935	0.23232	0.09885
66.45577	0.22995	0.09989
66.54241	0.22779	0.1008
66.62928	0.22572	0.10148
66.71638	0.22357	0.10195
66.8037	0.22131	0.1023
66.89126	0.21895	0.10256
66.97904	0.21645	0.10276
67.06705	0.21378	0.10294
67.1553	0.21099	0.10321
67.24378	0.20818	0.10353
67.33249	0.20536	0.10381
67.42144	0.20242	0.10402
67.51062	0.1993	0.10425
67.60004	0.19602	0.10459
67.68969	0.19268	0.10509
67.77959	0.18934	0.10569
67.86972	0.18599	0.10634
67.96009	0.1826	0.10705
68.0507	0.17917	0.10786
68.14156	0.17577	0.10878
68.23266	0.17244	0.10974
68.324	0.16912	0.11069
68.41559	0.16575	0.11166
68.50742	0.16237	0.11272
68.5995	0.15906	0.11387
68.69183	0.15587	0.11498
68.78441	0.1527	0.11599
68.87723	0.14946	0.11691
68.97031	0.14612	0.11782
69.06364	0.14273	0.11877
69.15722	0.13934	0.1197
69.25106	0.13589	0.12056
69.34515	0.13227	0.12134
69.43949	0.12841	0.12217
69.5341	0.12435	0.12322
69.62896	0.12028	0.12456
69.72408	0.11639	0.12606
69.81946	0.11266	0.12751
69.91511	0.10894	0.12881
70.01101	0.10506	0.12999
70.10718	0.10095	0.13115
70.20362	0.09656	0.13243
70.30032	0.09195	0.13396
70.39728	0.08725	0.13587
70.49451	0.08263	0.13811
70.59202	0.0782	0.1406
70.68979	0.07397	0.14326
70.78783	0.07	0.14603
70.88615	0.06634	0.14873
70.98474	0.06285	0.15119
71.0836	0.05933	0.15338
71.18275	0.05561	0.15538
71.28216	0.0516	0.15734
71.38186	0.04733	0.1594
71.48183	0.04283	0.16166
71.58209	0.03817	0.16419
71.68262	0.03342	0.16705
71.78344	0.02871	0.17027
71.88455	0.02416	0.17383
71.98593	0.01986	0.1776
72.08761	0.01582	0.18146
72.18957	0.01189	0.18532
72.29182	0.008	0.18933
72.39437	0.00431	0.19363
72.4972	0.00108	0.19804
72.60032	-0.00172	0.20223
72.70374	-0.00439	0.20606
72.80746	-0.0071	0.20968
72.91147	-0.00982	0.21311
73.01578	-0.01264	0.21624
73.12039	-0.01588	0.2191
73.22529	-0.0198	0.22206
73.3305	-0.02432	0.22559
73.43601	-0.02906	0.23005
73.54183	-0.03352	0.23554
73.64795	-0.03716	0.24188
73.75438	-0.0396	0.24857
73.86111	-0.04084	0.25494
73.96816	-0.04133	0.26048
74.07551	-0.04166	0.26514
74.18318	-0.04217	0.26923
74.29116	-0.04289	0.27302
74.39946	-0.04374	0.27657
74.50807	-0.04482	0.27988
74.617	-0.04631	0.28315
74.72625	-0.04813	0.2868
74.83582	-0.04981	0.29105
74.94571	-0.05079	0.29567
75.05592	-0.05092	0.30008
75.16646	-0.05045	0.30383
75.27733	-0.0497	0.30675
75.38852	-0.04895	0.30873
75.50004	-0.04861	0.30969
75.61189	-0.04919	0.30984
75.72408	-0.05097	0.30969
75.83659	-0.05394	0.30976
75.94945	-0.05783	0.3105
76.06264	-0.06218	0.31212
76.17616	-0.06657	0.31445
76.29003	-0.07097	0.31713
76.40424	-0.07568	0.32011
76.51878	-0.08087	0.32369
76.63368	-0.08645	0.32831
76.74892	-0.09195	0.33437
76.8645	-0.09665	0.34192
76.98043	-0.09982	0.35048
77.09672	-0.10128	0.35923
77.21336	-0.10133	0.36758
77.33035	-0.10035	0.37531
77.44769	-0.09853	0.3824
77.5654	-0.09591	0.38871
77.68345	-0.09267	0.3939
77.80187	-0.08935	0.39774
77.92066	-0.08666	0.40051
78.0398	-0.08485	0.40297
78.15931	-0.0835	0.40579
78.27919	-0.08181	0.40908
78.39943	-0.07917	0.41225
78.52004	-0.0756	0.41439
78.64103	-0.07185	0.4148
78.76239	-0.06901	0.41354
78.88412	-0.06771	0.4114
79.00624	-0.06789	0.40916
79.12873	-0.06924	0.40715
79.2516	-0.07168	0.40547
79.37485	-0.0753	0.40445
79.49849	-0.07994	0.40474
79.62251	-0.08483	0.40692
79.74692	-0.08882	0.41093
79.87172	-0.09106	0.41598
79.99691	-0.09121	0.421
80.12249	-0.08951	0.42483
80.24847	-0.08684	0.42646
80.37485	-0.08467	0.42558
80.50162	-0.08442	0.42286
80.6288	-0.08678	0.41974
80.75638	-0.09136	0.4177
80.88435	-0.09701	0.41746
81.01274	-0.10274	0.41877
81.14154	-0.10832	0.42112
81.27074	-0.11385	0.42445
81.40036	-0.11917	0.42905
81.5304	-0.12367	0.43516
81.66084	-0.12636	0.44244
81.79171	-0.12667	0.44974
81.923	-0.12495	0.45574
82.05471	-0.12228	0.45968
82.18684	-0.11984	0.46159
82.3194	-0.11845	0.46207
82.45239	-0.11843	0.4619
82.58581	-0.11977	0.46175
82.71966	-0.12225	0.46223
82.85394	-0.12533	0.46389
82.98866	-0.12811	0.46681
83.12383	-0.12992	0.4704
83.25943	-0.13076	0.47389
83.39547	-0.131	0.4769
83.53196	-0.13103	0.47932
83.6689	-0.13119	0.48128
83.80628	-0.13157	0.48317
83.94413	-0.13183	0.4852
84.08242	-0.13161	0.48709
84.22117	-0.13104	0.48832
84.36038	-0.13067	0.48873
84.50005	-0.13098	0.48871
84.64018	-0.13189	0.48892
84.78078	-0.13271	0.48968
84.92184	-0.1327	0.49044
85.06338	-0.13199	0.49022
85.20539	-0.13142	0.48855
85.34787	-0.13178	0.48571
85.49084	-0.13341	0.48215
85.63427	-0.13644	0.47829
85.7782	-0.14098	0.47454
85.92261	-0.147	0.47133
86.0675	-0.1544	0.46918
86.21289	-0.16273	0.4687
86.35876	-0.17108	0.47009
86.50514	-0.17869	0.47289
86.652	-0.18542	0.47635
86.79937	-0.19159	0.48014
86.94724	-0.19741	0.48441
87.09561	-0.20251	0.4893
87.24449	-0.20658	0.4943
87.39389	-0.20996	0.49886
87.54379	-0.21316	0.50306
87.69421	-0.21623	0.50719
87.84515	-0.21902	0.51129
87.9966	-0.22151	0.51527
88.14858	-0.22362	0.51909
88.30109	-0.22527	0.52249
88.45413	-0.22668	0.52502
88.60769	-0.22853	0.52655
88.76179	-0.23143	0.52749
88.91643	-0.23565	0.52852
89.0716	-0.24106	0.53048
89.22732	-0.24691	0.5341
89.38359	-0.25196	0.53934
89.5404	-0.25543	0.54518
89.69777	-0.25757	0.55046
89.85569	-0.25934	0.55467
90.01416	-0.2617	0.55817
90.17319	-0.26497	0.56193
90.3328	-0.26865	0.56691
90.49296	-0.27148	0.57342
90.65369	-0.27228	0.58067
90.815	-0.27077	0.5871
90.97688	-0.26796	0.59145
91.13934	-0.26532	0.59361
91.30238	-0.26377	0.59444
91.466	-0.26327	0.59494
91.63021	-0.26317	0.59553
91.79502	-0.26295	0.59585
91.96041	-0.26271	0.59535
92.1264	-0.26299	0.59374
92.293	-0.26447	0.59121
92.4602	-0.26754	0.58842
92.628	-0.27201	0.58606
92.79641	-0.27744	0.58429
92.96544	-0.28387	0.58303
93.13509	-0.29157	0.58277
93.30535	-0.30012	0.58439
93.47624	-0.30833	0.58821
93.64776	-0.31515	0.59363
93.8199	-0.32021	0.59958
93.99269	-0.32391	0.60516
94.16611	-0.32697	0.6101
94.34016	-0.32986	0.61477
94.51487	-0.33239	0.61956
94.69022	-0.33409	0.62442
94.86622	-0.33464	0.62888
95.04288	-0.33402	0.63216
95.2202	-0.33281	0.63341
95.39819	-0.3322	0.63218
95.57683	-0.33372	0.62887
95.75615	-0.33842	0.62497
95.93615	-0.34608	0.62233
96.11681	-0.35547	0.62214
96.29817	-0.36525	0.62459
96.48021	-0.37436	0.62945
96.66293	-0.38186	0.63624
96.84635	-0.38687	0.64391
97.03047	-0.38935	0.65083
97.21529	-0.39042	0.6557
97.40082	-0.39167	0.65833
97.58705	-0.39432	0.65946
97.774	-0.39888	0.66026
97.96167	-0.40517	0.66196
98.15006	-0.41227	0.66554
98.33917	-0.41868	0.67105
98.52901	-0.42337	0.6774
98.71959	-0.42651	0.6832
98.91091	-0.42919	0.6878
99.10297	-0.4324	0.69165
99.29578	-0.43622	0.69562
99.48934	-0.44018	0.70004
99.68365	-0.44404	0.70489
99.87872	-0.44761	0.71035
100.07457	-0.45016	0.71651
100.27117	-0.45079	0.7226
100.46856	-0.44944	0.72697
100.66672	-0.44747	0.72816
100.86567	-0.44714	0.72596
101.0654	-0.45038	0.72178
101.26593	-0.45798	0.71788
101.46726	-0.46932	0.71668
101.66938	-0.48242	0.72003
101.87231	-0.49432	0.72814
102.07606	-0.50272	0.73909
102.28062	-0.50744	0.75026
102.486	-0.50987	0.76014
102.69221	-0.51145	0.76877
102.89925	-0.51266	0.77692
103.10713	-0.51318	0.78506
103.31585	-0.51244	0.7932
103.52542	-0.50982	0.80091
103.73583	-0.5048	0.80697
103.94711	-0.4981	0.80954
104.15925	-0.49193	0.80769
104.37224	-0.48851	0.80228
104.58612	-0.48884	0.79506
104.80088	-0.49297	0.78738
105.01652	-0.50105	0.78025
105.23305	-0.5133	0.77534
105.45047	-0.52863	0.77504
105.66879	-0.54405	0.78078
105.88802	-0.55612	0.79162
106.10817	-0.56274	0.80472
106.32923	-0.56387	0.81661
106.55121	-0.56162	0.82452
106.77412	-0.55937	0.82777
106.99797	-0.55972	0.82817
107.22275	-0.56313	0.82832
107.44848	-0.56852	0.82999
107.67517	-0.5743	0.83395
107.90281	-0.5787	0.83987
108.13142	-0.58061	0.84639
108.361	-0.57999	0.85188
108.59155	-0.57761	0.85509
108.82309	-0.57456	0.85531
109.05562	-0.57207	0.85217
109.28914	-0.57173	0.84571
109.52366	-0.57534	0.83708
109.7592	-0.58355	0.82864
109.99576	-0.59535	0.82247
110.23332	-0.60888	0.81941
110.47192	-0.62256	0.81897
110.71156	-0.63588	0.82001
110.95223	-0.64938	0.822
111.19396	-0.66338	0.82543
111.43675	-0.67731	0.83075
111.68058	-0.69054	0.83776
111.9255	-0.70281	0.84616
112.17149	-0.71374	0.85583
112.41856	-0.72274	0.86617
112.66673	-0.72992	0.87602
112.91599	-0.73635	0.8848
113.16637	-0.7429	0.89316
113.41784	-0.74923	0.90195
113.67044	-0.75443	0.91097
113.92418	-0.7584	0.91911
114.17903	-0.76223	0.92577
114.43504	-0.76692	0.9317
114.6922	-0.77224	0.93791
114.95051	-0.77738	0.94452
115.21	-0.78209	0.95095
115.47066	-0.78679	0.95689
115.73249	-0.79184	0.96258
115.99552	-0.79726	0.96832
116.25975	-0.80297	0.97438
116.52518	-0.80864	0.98101
116.79183	-0.81378	0.98806
117.0597	-0.81824	0.99511
117.32881	-0.82205	1.00181
117.59914	-0.82545	1.00762
117.87074	-0.82942	1.01232
118.14359	-0.83494	1.01695
118.4177	-0.84158	1.02322
118.69309	-0.84741	1.03206
118.96977	-0.85002	1.04245
119.24773	-0.84835	1.05146
119.527	-0.84407	1.05593
119.80758	-0.84084	1.05497
120.08947	-0.84166	1.05063
120.37271	-0.84699	1.04604
120.65728	-0.85537	1.04318
120.9432	-0.865	1.04244
121.23047	-0.87476	1.04315
121.51912	-0.88439	1.04448
121.80914	-0.89411	1.04579
122.10054	-0.90464	1.04664
122.39335	-0.91719	1.0474
122.68757	-0.93241	1.04971
122.9832	-0.94942	1.05542
123.28026	-0.96631	1.06543
123.57876	-0.98109	1.07951
123.8787	-0.99204	1.09679
124.18012	-0.99748	1.11574
124.483	-0.99615	1.13358
124.78736	-0.98857	1.14632
125.0932	-0.9781	1.15044
125.40056	-0.97011	1.14525
125.70943	-0.96917	1.1336
126.01982	-0.97699	1.12012
126.33175	-0.99254	1.10872
126.64524	-1.01371	1.10156
126.96027	-1.03875	1.09972
127.27688	-1.066	1.10429
127.59507	-1.09295	1.11619
127.91485	-1.11626	1.1349
128.23625	-1.13315	1.15789
128.55927	-1.14292	1.18137
128.88392	-1.14735	1.20227
129.2102	-1.14907	1.21991
129.53815	-1.14932	1.2353
129.86776	-1.14743	1.24896
130.19905	-1.14255	1.25933
130.53204	-1.13588	1.26358
130.86674	-1.13151	1.26007
131.20315	-1.13446	1.25087
131.54131	-1.1471	1.24156
131.88121	-1.16725	1.23773
132.22287	-1.19006	1.24176
132.56631	-1.21117	1.25274
132.91154	-1.22797	1.26804
133.25855	-1.23974	1.28461
133.6074	-1.2474	1.29986
133.95808	-1.25286	1.31241
134.31061	-1.25812	1.3223
134.66498	-1.26437	1.33067
135.02124	-1.27141	1.33874
135.37939	-1.27849	1.34654
135.73943	-1.28573	1.35342
136.10141	-1.29398	1.3593
136.46532	-1.30404	1.36492
136.83117	-1.31599	1.37165
137.199	-1.32877	1.38078
137.56881	-1.34044	1.39252
137.94061	-1.34927	1.40555
138.31444	-1.35485	1.41748
138.6903	-1.35873	1.42612
139.0682	-1.36377	1.43105
139.44816	-1.37224	1.43427
139.83022	-1.3839	1.43869
140.21437	-1.39661	1.44556
140.60062	-1.40869	1.45412
140.98903	-1.41989	1.46335
141.37959	-1.43023	1.47281
141.7723	-1.43969	1.48195
142.16721	-1.44881	1.49025
142.56433	-1.45818	1.49809
142.96366	-1.46721	1.50591
143.36525	-1.47529	1.51249
143.7691	-1.48401	1.51639
144.17523	-1.49595	1.51884
144.58365	-1.51102	1.52316
144.9944	-1.52591	1.53081
145.4075	-1.53759	1.53928
145.82293	-1.54678	1.5444
146.24077	-1.55758	1.54427
146.66101	-1.57416	1.5409
147.08365	-1.598	1.53857
147.50875	-1.62753	1.54128
147.93632	-1.6594	1.55112
148.36635	-1.69019	1.56802
148.79892	-1.71737	1.5908
149.23401	-1.73868	1.618
149.67165	-1.75164	1.64681
150.11185	-1.75545	1.67201
150.55466	-1.75345	1.68833
151.00009	-1.7516	1.69395
151.44815	-1.75506	1.6907
151.8989	-1.76671	1.68191
152.35233	-1.78784	1.67072
152.80846	-1.81953	1.66012
153.26735	-1.86253	1.65447
153.72901	-1.91479	1.65968
154.19343	-1.97002	1.67999
154.66069	-2.02009	1.71483
155.13079	-2.05878	1.75871
155.60374	-2.08478	1.80351
156.07959	-2.1022	1.84288
156.55837	-2.11713	1.8751
157.0401	-2.13414	1.90189
157.52477	-2.15603	1.92619
158.01247	-2.18415	1.95203
158.5032	-2.2171	1.98412
158.99697	-2.25055	2.02515
159.49384	-2.28	2.07451
159.99383	-2.30269	2.12988
160.49694	-2.31716	2.18893
161.00324	-2.32215	2.24904
161.51275	-2.31765	2.3062
162.02548	-2.30713	2.35709
162.54149	-2.29478	2.40298
163.0608	-2.28041	2.44733
163.58344	-2.26044	2.49024
164.10941	-2.23297	2.52747
164.6388	-2.20057	2.55411
165.17162	-2.16883	2.56845
165.70788	-2.14249	2.57261
166.24765	-2.12362	2.56983
166.79095	-2.11315	2.56255
167.33779	-2.11182	2.55359
167.88825	-2.11868	2.54606
168.44234	-2.13175	2.54124
169.00008	-2.15022	2.53942
169.56155	-2.17364	2.54164
170.12677	-2.20099	2.54903
170.69576	-2.23106	2.56257
171.26855	-2.26184	2.58338
171.84522	-2.29018	2.61121
172.42578	-2.31396	2.64368
173.01026	-2.33316	2.67877
173.59874	-2.34726	2.71601
174.19123	-2.354	2.75317
174.78776	-2.35373	2.78467
175.38841	-2.3522	2.80647
175.99321	-2.35647	2.82045
176.60216	-2.3698	2.83249
177.21537	-2.391	2.84823
177.83286	-2.41635	2.87136
178.45463	-2.44017	2.90273
179.0808	-2.45744	2.93812
179.71137	-2.46903	2.9708
180.3464	-2.48073	2.99852
180.98591	-2.49608	3.02453
181.63	-2.51418	3.05148
182.27868	-2.53441	3.07882
182.93199	-2.55902	3.10677
183.59003	-2.58975	3.13906
184.25282	-2.62439	3.18064
184.92038	-2.65716	3.23385
185.59283	-2.68176	3.29625
186.27018	-2.69538	3.36153
186.95247	-2.70084	3.42375
187.63981	-2.70366	3.48212
188.33221	-2.70623	3.53992
189.02975	-2.70733	3.59956
189.73244	-2.70527	3.66171
190.44041	-2.69758	3.72657
191.15368	-2.68064	3.7916
191.87228	-2.65372	3.85032
192.59633	-2.62215	3.89681
193.32588	-2.59476	3.93058
194.06093	-2.57855	3.95789
194.80163	-2.57364	3.98787
195.54801	-2.57428	4.02549
196.3001	-2.57575	4.06973
197.05802	-2.57762	4.11911
197.82182	-2.58015	4.17486
198.59157	-2.58175	4.23907
199.36729	-2.57971	4.31297
200.14914	-2.57133	4.39736
200.93713	-2.5525	4.49399
201.73133	-2.51513	4.60237
202.53186	-2.45105	4.71563
203.33877	-2.35682	4.8232
204.1521	-2.23287	4.91374
204.972	-2.08459	4.97453
205.79851	-1.92527	4.99586
206.63168	-1.77209	4.97719
207.47166	-1.63874	4.92703
208.31849	-1.53136	4.85809
209.17223	-1.44874	4.78166
210.03303	-1.38612	4.70458
210.90095	-1.33848	4.62992
211.77607	-1.30158	4.5582
212.65844	-1.27313	4.48819
213.54824	-1.25296	4.41962
214.44551	-1.23967	4.3536
215.35032	-1.23055	4.28885
216.26283	-1.22574	4.22192
217.18311	-1.22845	4.1511
218.11122	-1.24212	4.07721
219.04733	-1.27008	4.00238
219.99151	-1.3157	3.93158
220.94383	-1.37864	3.87326
221.90447	-1.45208	3.8348
222.87349	-1.52573	3.81734
223.85102	-1.59171	3.81558
224.83712	-1.64783	3.82189
225.83199	-1.69672	3.83069
226.8357	-1.74282	3.84057
227.84833	-1.78903	3.85394
228.87008	-1.83479	3.87461
229.90104	-1.87624	3.90531
230.94129	-1.90718	3.9458
231.99104	-1.92134	3.99103
233.05037	-1.91677	4.03182
234.11938	-1.89776	4.05988
235.19828	-1.8708	4.07187
236.28718	-1.83991	4.06641
237.3862	-1.80984	4.03938
238.49545	-1.79198	3.98826
239.61516	-1.79983	3.92071
240.74544	-1.83798	3.85229
241.88638	-1.9008	3.79572
243.03823	-1.9796	3.7569
244.20111	-2.06655	3.73749
245.37512	-2.15492	3.73667
246.56052	-2.23957	3.7512
247.75743	-2.31866	3.77668
248.96597	-2.39327	3.81068
250.18641	-2.46426	3.85371
251.41887	-2.53085	3.90742
252.66348	-2.59098	3.97405
253.92053	-2.63973	4.05722
255.19015	-2.66525	4.15876
256.47253	-2.64994	4.26914
257.76781	-2.58491	4.36153
259.07629	-2.48541	4.40642
260.39812	-2.38262	4.39363
261.73346	-2.30243	4.33373
263.08262	-2.25706	4.24469
264.44576	-2.24854	4.14265
265.82304	-2.27435	4.03947
267.2148	-2.33019	3.94464
268.62122	-2.40882	3.86577
270.04245	-2.50067	3.80576
271.47887	-2.59813	3.76262
272.93064	-2.69673	3.73286
274.39803	-2.79389	3.71253
275.88122	-2.88946	3.69717
277.38059	-2.98609	3.68383
278.89636	-3.08732	3.6726
280.42871	-3.19557	3.66622
281.97806	-3.31063	3.66918
283.54462	-3.42815	3.6852
285.12863	-3.54195	3.71313
286.73049	-3.64956	3.74798
288.35046	-3.75302	3.78659
289.98877	-3.85387	3.83015
291.64587	-3.94929	3.8801
293.32201	-4.03482	3.9332
295.01754	-4.11013	3.98211
296.73271	-4.18142	4.02107
298.46801	-4.25725	4.05145
300.22373	-4.34096	4.08049
302.00015	-4.42824	4.11383
303.79779	-4.5125	4.14936
305.61696	-4.59358	4.17941
307.45798	-4.67908	4.20013
309.32138	-4.77654	4.21576
311.20751	-4.88733	4.2344
313.11671	-5.00649	4.26153
315.04955	-5.12781	4.29611
317.0064	-5.25004	4.33278
318.98772	-5.37795	4.3687
320.99387	-5.51655	4.40721
323.02551	-5.66624	4.45416
325.08302	-5.82418	4.51352
327.16683	-5.9873	4.58721
329.27761	-6.15289	4.67711
331.4158	-6.31634	4.78534
333.58186	-6.47088	4.91115
335.7765	-6.61096	5.0497
338.00022	-6.73447	5.19462
340.25349	-6.84175	5.34008
342.5371	-6.93465	5.48048
344.85156	-7.01789	5.61063
347.19743	-7.09933	5.72905
349.57552	-7.18556	5.84037
351.98642	-7.27681	5.952
354.4308	-7.36731	6.06763
356.90927	-7.45057	6.18394
359.42274	-7.52549	6.2922
361.97187	-7.59949	6.38482
364.55731	-7.68475	6.46272
367.18006	-7.78872	6.5369
369.84082	-7.906	6.62033
372.54031	-8.02164	6.71396
375.27961	-8.12752	6.80242
378.0595	-8.23601	6.86792
380.88076	-8.37335	6.91166
383.74456	-8.55559	6.95778
386.65175	-8.77506	7.03342
389.60333	-9.01096	7.1516
392.60019	-9.24177	7.31228
395.64364	-9.44853	7.5042
398.73465	-9.62299	7.70493
401.8742	-9.77571	7.89318
405.06372	-9.9267	8.06414
408.30427	-10.08823	8.22665
411.59696	-10.26213	8.39003
414.94331	-10.44605	8.55968
418.34453	-10.63669	8.73644
421.80183	-10.83527	8.91826
425.31689	-11.0471	9.10845
428.89102	-11.27226	9.31664
432.52574	-11.502	9.55089
436.22244	-11.72198	9.81044
439.98302	-11.92185	10.08146
443.80901	-12.10775	10.345
447.70196	-12.30095	10.5949
451.66398	-12.52075	10.84624
455.69674	-12.76699	11.12647
459.802	-13.01578	11.45428
463.98207	-13.23582	11.82266
468.23884	-13.41194	12.20345
472.57426	-13.55318	12.56805
476.9909	-13.68274	12.90156
481.49087	-13.82801	13.20529
486.07637	-14.01145	13.49791
490.75024	-14.23888	13.80962
495.51487	-14.49534	14.16745
500.37292	-14.75436	14.58223
505.32696	-14.9928	15.04979
510.3803	-15.19324	15.56178
515.53572	-15.33534	16.10548
520.79614	-15.39914	16.64909
526.16524	-15.39274	17.13976
531.6462	-15.37065	17.54349
537.24232	-15.39061	17.88316
542.95773	-15.46371	18.20264
548.79606	-15.58012	18.51771
554.76107	-15.74956	18.83856
560.85742	-15.97221	19.20446
567.08925	-16.19921	19.64449
573.46112	-16.37597	20.12372
579.97754	-16.51178	20.57918
586.64403	-16.6585	20.99884
593.46556	-16.83091	21.41257
600.44731	-17.01269	21.81604
607.59558	-17.23096	22.18147
614.9161	-17.54194	22.53377
622.41487	-17.95515	22.94278
630.0991	-18.42508	23.4576
637.97544	-18.89212	24.08347
646.05085	-19.30644	24.78914
654.33365	-19.64677	25.51122
662.8316	-19.94925	26.17584
671.55318	-20.30952	26.75609
680.50697	-20.82036	27.3103
689.70313	-21.50836	27.94385
699.15124	-22.33319	28.74929
708.8614	-23.21742	29.77669
718.84549	-24.07748	31.0268
729.11484	-24.84949	32.45651
739.68142	-25.51893	33.99348
750.55923	-26.14386	35.58818
761.76175	-26.80892	37.28549
773.30326	-27.51813	39.21678
785.20039	-28.14296	41.49232
797.4693	-28.48626	44.09177
810.12718	-28.41893	46.85581
823.19391	-27.95239	49.60612
836.68907	-27.16623	52.2388
850.63406	-26.14219	54.69985
865.05118	-24.96543	56.96805
879.96604	-23.70276	59.05843
895.40425	-22.38942	60.98102
911.39315	-21.07674	62.72433
927.96414	-19.85175	64.29391
945.14889	-18.83869	65.74614
962.98137	-18.15335	67.26765
981.50048	-17.73121	69.15669
1000.74584	-17.25927	71.59631
1020.76018	-16.37063	74.46529
1041.59228	-14.92781	77.40579
1063.2924	-13.12884	80.11886
1085.91594	-11.29901	82.61763
1109.52213	-9.56662	85.17985
1134.17849	-7.72971	88.0282
1159.95562	-5.52816	91.04954
1186.93055	-3.00898	94.00817
1215.19116	-0.37266	96.9265
1244.83036	2.36129	99.99815
1275.95022	5.33695	103.33926
1308.66731	8.70004	106.96602
1343.10637	12.59557	110.91127
1379.40549	17.29892	115.16669
1417.72279	23.12106	119.50328
1458.22968	30.20684	123.54848
1501.11936	38.5882	126.93875
1546.60652	48.2412	129.21769
1594.9386	58.84654	129.8369
1646.38891	69.75413	128.54812
1701.26696	80.44581	125.53728
1759.93209	90.75633	121.00868
1822.78764	100.59069	114.91962
1890.29634	109.63839	107.07331
1963.00096	117.2186	97.39355
2041.52204	122.44509	86.35854
2126.58297	124.8606	75.08629
2219.04426	124.82703	64.71068
2319.91123	123.13782	55.81118
2430.37995	120.50377	48.49292
2551.90044	117.45049	42.67544
2686.21274	114.39247	38.19383
2835.44883	111.65592	34.80839
3002.23509	109.47583	32.20225
3189.8772	107.93316	29.9769
3402.53859	106.86678	27.76908
3645.56992	105.95084	25.44444
3926.00193	104.92282	23.15122
4253.17324	103.77901	21.17035
4639.81378	102.7836	19.65347
5103.80089	102.25052	18.44012
5670.89766	102.22943	17.14299
6379.73798	102.4242	15.52039
7291.13984	102.54701	13.69733
8506.34648	102.61415	11.88905
10207.64379	102.77205	10.09265
12759.47595	103.01087	8.17011
17012.69297	103.18483	6.10152
25519.21454	103.22609	4.00462
51037.37856	103.19343	1.97174